species,E,H,Q,F,Y,C,N,K,D
saccharomyces_cerevisiae,0.2995834387211,0.358571385018749,0.315007467245944,0.404653660546139,0.429641850553379,0.381121523579202,0.402349486049927,0.41340976044212,0.348932856483618
metarhizium_anisopliae_arsef_23,0.415875237428771,0.424462428733104,0.425390984360626,0.453471309418541,0.387560026548327,0.345089903181189,0.401192459279244,0.318500014523484,0.412992183385454
metarhizium_anisopliae,0.412825971601552,0.41831938462992,0.419992400110714,0.452451153422894,0.381150381150381,0.336472513575839,0.396168831509342,0.311194038682293,0.410222804718218
metarhizium_rileyi_rcef_4871,0.415180326166762,0.439227551513274,0.410358958625526,0.399855534153208,0.385222632373126,0.363813229571984,0.373691742890922,0.31652867921932,0.417806836063263
metarhizium_guizhouense_arsef_977,0.419818978871324,0.423300578719018,0.428241772431345,0.454411991602886,0.390940717797381,0.3471717628806,0.401894908487728,0.322317006638845,0.415321192484052
metarhizium_album_arsef_1941,0.385886704763711,0.37141363247457,0.391974394274727,0.408920319470043,0.326961872564643,0.310034679079428,0.344620474732637,0.289223791279328,0.352724589180571
metarhizium_brunneum_arsef_3297,0.411298956195914,0.41599875131697,0.41892931581966,0.449601806112199,0.381155892675195,0.335695734471981,0.396531659177848,0.311497690663485,0.408660395405082
metarhizium_acridum_cqma_102,0.421026407573493,0.426393746665425,0.425778085723165,0.446143718895238,0.384089130620056,0.351537611338665,0.399506601180552,0.312507088400227,0.418809753205366
metarhizium_majus_arsef_297,0.416525793797646,0.422989254314556,0.425698818769454,0.453895733765949,0.386592608303728,0.341915509023506,0.402031520229947,0.318705747050416,0.413376049571733
torrubiella_hemipterigena,0.443533692006449,0.422248107163658,0.419883072230324,0.474097195543604,0.361064977203794,0.32040536529519,0.337745326059888,0.276371459820401,0.453207467778967
aschersonia_aleyrodis_rcef_2490,0.384789073250977,0.404846290891172,0.373983238846438,0.396026472844531,0.345887982146741,0.312954515088469,0.382085951449562,0.321315394037978,0.38528083906709
claviceps_purpurea_20_1,0.418686249890944,0.446515397082658,0.41821028207207,0.42269628326369,0.386098120128381,0.35358109227456,0.405738840205663,0.330309092582456,0.447348520285652
pochonia_chlamydosporia_170,0.450195522985497,0.463879024621212,0.477386391868391,0.466002240262182,0.42343753375532,0.401870933567866,0.430035037227054,0.352828472392212,0.465012242015428
fusarium_culmorum,0.412171076303102,0.465807628478556,0.464978950869139,0.414566326086578,0.382691721209562,0.41907355586648,0.337161869311373,0.289534415887474,0.49360914619531
fusarium_graminearum,0.415082517794723,0.469252601702933,0.465456164463114,0.418017619121216,0.386555092530358,0.421632667525012,0.342446113095672,0.292379962407283,0.496129583353229
fusarium_langsethiae,0.409243271255775,0.467635227724815,0.456853962330215,0.403819651370679,0.384748156284325,0.410443264150679,0.339144956276689,0.288247397519381,0.495737241765359
fusarium_poae,0.431068226979785,0.483470869371083,0.471816318379715,0.425998716508904,0.407506454284183,0.428580319910375,0.367724774021705,0.314996599589842,0.491805955223576
fusarium_pseudograminearum,0.409308949582069,0.458633334037147,0.46027352454157,0.410569609605355,0.375800259880502,0.410887465690759,0.332281334535618,0.282870406289601,0.490239541968577
fusarium_fujikuroi,0.399641769898808,0.496669722322143,0.444739055191443,0.39480177179046,0.42722109733814,0.411991130078239,0.380174520841858,0.294948412610742,0.479785313954593
fusarium_verticillioides,0.380708708708709,0.486754823011413,0.429397892879562,0.380008251886621,0.408639496714465,0.397043832823649,0.358288319452205,0.269003608608739,0.483449788778519
fusarium_oxysporum,0.38945863950802,0.492778875726498,0.435185313426221,0.384415965385109,0.4193477237972,0.397403354900033,0.368930580788841,0.282283591115373,0.480220009186781
fusarium_solani,0.329760978273488,0.412499375530799,0.374677319802078,0.423182692406235,0.34648979223897,0.339737931305047,0.290686205438918,0.204728265055733,0.434933321154549
neonectria_ditissima,0.331046606354243,0.345251218657406,0.354512190424835,0.34824909043659,0.278302750194481,0.294796522316716,0.255712457430424,0.233634591992885,0.371871942560584
trichoderma_harzianum,0.405141648245082,0.43719299796007,0.398672617004234,0.445052226498076,0.420141104064247,0.342234796541421,0.378747882455021,0.304128009457163,0.47412279405244
trichoderma_gamsii,0.415267252077383,0.44359372573381,0.398459946107036,0.450172686891781,0.422147084799831,0.324473958652843,0.391307485434698,0.327199852234946,0.477280907949882
trichoderma_virens,0.40275859736541,0.447490473598258,0.398711409167937,0.449382860170348,0.434386941175756,0.345598663891945,0.399116816898844,0.312858582183538,0.482634273691238
trichoderma_reesei,0.29426550024553,0.340872283529811,0.270192382584313,0.382368182012156,0.308205569720852,0.238610869041218,0.252515934250252,0.177754846866444,0.336753368342779
trichoderma_atroviride_imi_206040,0.41224906784612,0.438551771342255,0.397390087837993,0.460836253576181,0.419005481080367,0.324951193216586,0.388734428954477,0.324965479774543,0.467495108769347
escovopsis_weberi,0.151614171293794,0.199331607076801,0.160156984395563,0.170776429479584,0.150826159837667,0.119582513012757,0.168455467439378,0.123303441589918,0.218788333451607
ophiocordyceps_unilateralis,0.282024636285294,0.368602508470546,0.279190708956595,0.36864968446532,0.291734683335055,0.274810574482669,0.268213199439965,0.207693747129305,0.297188163286436
ophiocordyceps_sinensis_co18,0.267843810458051,0.305841968414176,0.29656124999002,0.427815053174494,0.243716194718422,0.204964400663221,0.22447145770652,0.178067513290426,0.241501311558639
drechmeria_coniospora,0.28254972875226,0.309066024204813,0.284007038467178,0.340836593857936,0.213068911681587,0.190941322460557,0.222360596302219,0.190879076634009,0.285933029459934
purpureocillium_lilacinum,0.245186168611633,0.288682784964627,0.267127481083708,0.333031103607477,0.232652473071797,0.207297987424837,0.219642673433696,0.164342436167972,0.254874677881286
hirsutella_minnesotensis_3608,0.362462520901805,0.402495458129092,0.39294562955652,0.406658896752256,0.3579792345173,0.294681886285352,0.348973568911944,0.27545221316533,0.371588677023018
tolypocladium_ophioglossoides_cbs_100239,0.272620790629575,0.307514758374519,0.287654327526575,0.341787781505418,0.254256517064167,0.225694046820554,0.242935582364724,0.184612630100971,0.288756151267857
cordyceps_militaris_cm01,0.336417569259239,0.315142109477542,0.33459994154116,0.474383495558898,0.276948074665506,0.238007234358464,0.307981409401288,0.256495749325326,0.320516322179932
cordyceps_brongniartii_rcef_3172,0.35494580188173,0.346001134429949,0.356151697019868,0.493338633586849,0.307451640567926,0.241026693342909,0.346187664866223,0.264917539895746,0.357577631144133
cordyceps_confragosa_rcef_1005,0.340618821480111,0.325602764470274,0.325275173635259,0.464827978968992,0.286830489034097,0.22303630263732,0.30966742441585,0.253223729820739,0.339845471464217
beauveria_bassiana_arsef_2860,0.36428897478252,0.362939778129952,0.366649455968244,0.481219553884283,0.32165443047176,0.256266322456699,0.364289650611705,0.282682365745665,0.368533137024208
isaria_fumosorosea_arsef_2679,0.28911263899146,0.281228415527007,0.306556767541356,0.369027787418153,0.240197318492284,0.192594321535153,0.255691268836424,0.206616455246108,0.298105390900436
ustilaginoidea_virens,0.375808435152663,0.359932711423765,0.373624293060696,0.421191972368882,0.277405253999915,0.227061612287768,0.282918710858008,0.289880423566545,0.323219410383512
acremonium_chrysogenum_atcc_11550,0.216823110681586,0.301521386235796,0.220176150258856,0.270016883503824,0.231909761634506,0.2216156559784,0.263206428665525,0.162075887878262,0.322819939497567
stachybotrys_chlorohalonata_ibt_40285,0.339154927810347,0.385741952042808,0.337932877598672,0.334684448178095,0.302936794311417,0.280064505017927,0.305639386945973,0.255617725382245,0.379738209580896
stachybotrys_chartarum_ibt_40293,0.338216639649558,0.379833971632706,0.33833758005647,0.332633772919808,0.296438565580142,0.27652049930807,0.300295114437715,0.256383967954984,0.374429804580496
colletotrichum_fioriniae_pj7,0.333411208698678,0.343803174603175,0.373907629612859,0.321850073569271,0.268179101906336,0.290504612045578,0.283192595582446,0.224907216494845,0.386140851436481
colletotrichum_graminicola,0.291195630208148,0.313184939469564,0.30530435583387,0.283869530258556,0.240077296482479,0.249570650242805,0.227055069829682,0.203721477793358,0.307228206668855
colletotrichum_nymphaeae_sa_01,0.330157919831244,0.343007551781406,0.369537406897683,0.312868813512561,0.265642285762914,0.291218838852774,0.27883059627028,0.220813702424657,0.383975881600585
colletotrichum_gloeosporioides,0.311264760970287,0.351807520984213,0.352241547135852,0.290771839029178,0.261785141102704,0.271334792122538,0.261005781345675,0.20902690513487,0.357241520316293
colletotrichum_tofieldiae,0.306511688993959,0.335362334402642,0.335102188606373,0.300268186249284,0.255076532239822,0.275151623260792,0.236153147373995,0.22017794357967,0.326238636930876
colletotrichum_incanum,0.31852969255194,0.359624369709025,0.353176320208328,0.317029660350494,0.275573436921939,0.300264696829794,0.257096738753814,0.23547148138842,0.351669371343806
colletotrichum_orbiculare,0.298596122420051,0.269071716182392,0.297597327401631,0.30572894108855,0.203675896805316,0.232651234173168,0.198935812804751,0.204401907262801,0.274537347569357
colletotrichum_sublineola,0.314262460544176,0.338592553920007,0.33181456070755,0.309648784591388,0.263684232748065,0.273877901083764,0.250983078592908,0.229788464154537,0.327448127759125
colletotrichum_simmondsii,0.331279838721263,0.342738927373601,0.371629372504618,0.313476655709415,0.266489381426369,0.290158136894272,0.281455350076972,0.221376227377744,0.385578297973393
colletotrichum_higginsianum,0.271441262898927,0.290552139815928,0.288524785947893,0.261192236468243,0.210554275431129,0.2459513171433,0.190117193803453,0.188679245283019,0.277606429124949
colletotrichum_salicis,0.328087983449666,0.337380987062516,0.369720705752037,0.310611890888213,0.257195799178591,0.286695955840937,0.271005334290556,0.217908405206709,0.379184668484951
verticillium_longisporum,0.27742201912621,0.302868015552682,0.28247809087232,0.313405492419692,0.244906671626145,0.257090138121302,0.233560154816658,0.187472139761184,0.315429552514605
verticillium_dahliae,0.284361020963073,0.306561299925169,0.285459487431985,0.318082224187362,0.250918099218033,0.262040924266966,0.238023527744313,0.192607446026335,0.318674786779116
verticillium_alfalfae_vams_102,0.29710482377929,0.328490519576459,0.301458961793368,0.321091948260303,0.266151747595174,0.279768335665326,0.257885217115773,0.206276261158656,0.337747277407179
thielaviopsis_punctulata,0.355908887691585,0.295027162557459,0.28705719900154,0.457994866519904,0.276655694535879,0.300353468408761,0.278953744598449,0.204621581513674,0.363102974939566
ceratocystis_platani,0.396853993311639,0.427793990062308,0.363078744182293,0.455030448930462,0.364564285909227,0.328480623334017,0.357196973239924,0.280768727217602,0.469445408731251
scedosporium_apiospermum,0.351399772972825,0.401016594121434,0.374739264071025,0.323110214346288,0.345035355444899,0.306429474444645,0.350777077002111,0.247175541792833,0.445372469771733
chaetomium_globosum_cbs_148_51,0.305179569393045,0.318798275552362,0.363898151644322,0.336947567746836,0.280517506051839,0.276603262469819,0.247525665791244,0.254996216856372,0.347211355217407
chaetomium_thermophilum_var_thermophilum_dsm_1495,0.297491994715179,0.43711392798128,0.329515889804751,0.342818078237752,0.370657524963626,0.308357010355273,0.339629672931342,0.223222881593358,0.440183030218568
thielavia_terrestris_nrrl_8126,0.22016382790769,0.249525462852564,0.230632194668074,0.220073581617505,0.20484999250183,0.17612251353715,0.197089423996434,0.173193863756179,0.254024563098339
myceliophthora_thermophila_atcc_42464,0.246172978088855,0.275202257570067,0.267260950655758,0.274767615469826,0.227862018415869,0.200937461453065,0.218588106267227,0.18476100034959,0.274568359046513
neurospora_crassa,0.356824076326239,0.4001760283954,0.404725467507745,0.365245564196409,0.338504887707347,0.321367768462304,0.289901143447168,0.236959766759772,0.430411237733858
neurospora_tetrasperma_fgsc_2509,0.357992299473355,0.401529870850817,0.407585600898863,0.367540415295907,0.340761561636177,0.332672892043692,0.295208747731003,0.244270190661943,0.431021243921167
sordaria_macrospora,0.341071965905392,0.387591854219527,0.394038966880519,0.326294174610027,0.324752641929584,0.300113790698528,0.267258018584342,0.222823689647967,0.425037283972278
madurella_mycetomatis,0.288303558589292,0.333798984771574,0.309160380131282,0.327476173817172,0.297906114261801,0.249867555860264,0.287204426920586,0.237717752147575,0.352144394876866
podospora_anserina_s_mat_,0.309891342362007,0.380075742475583,0.375036811156393,0.443624840362675,0.365331950662003,0.331776067223729,0.302522708637269,0.24960578975712,0.43461951818664
sporothrix_schenckii_atcc_58251,0.252292420622718,0.233052250117602,0.238305502865968,0.438806514723552,0.192094048981081,0.219335534461411,0.196037996753442,0.19149461907691,0.215824148632347
sporothrix_insectorum_rcef_264,0.315167672965838,0.222659725069429,0.29665176448207,0.446824250130035,0.177444190815182,0.192328565676371,0.171463042272527,0.287162538527238,0.195554455986351
sporothrix_brasiliensis_5110,0.254907273719619,0.239530219593446,0.234492230740847,0.438046743213329,0.196331634861958,0.222922497634054,0.201155606544055,0.198138290925997,0.218905338323283
ophiostoma_piceae_uamh_11346,0.251512156552678,0.265207859010035,0.224349975585938,0.420397548946346,0.234193821413457,0.258023973437881,0.219104636620501,0.178618487379196,0.283482612740471
grosmannia_clavigera_kw1407,0.272972284216135,0.299614850183249,0.210231231313602,0.448539413174428,0.27520682183056,0.309260637993242,0.245656710945652,0.205652269412076,0.279267829055751
diaporthe_helianthi,0.264973167381731,0.312190957276511,0.293448753403946,0.302624229695109,0.283058478348847,0.308095646428722,0.275721318330419,0.219515238252509,0.321964798645045
diaporthe_ampelina,0.215369799429664,0.253134090758341,0.240068742150836,0.223182048253754,0.227121369569999,0.238438053597678,0.223877414425247,0.172739877617254,0.276532438168426
valsa_mali_var_pyri,0.29817788201335,0.389657066244528,0.340812969364644,0.280433413789485,0.329097367551492,0.349973656480506,0.323405579176605,0.233061050856851,0.408176114628415
gaeumannomyces_graminis,0.200109278169562,0.239042118155716,0.229862603373055,0.302840259245139,0.202111173040062,0.192966636609558,0.186388626183473,0.190764059981142,0.238709406377347
magnaporthe_oryzae,0.294622117387868,0.32443952182714,0.337011751830523,0.416539298547497,0.282438686279589,0.273561393982429,0.260383659755963,0.247589302412568,0.352624850965498
magnaporthe_poae,0.217468862598235,0.262370947520762,0.239559138083302,0.299221744000943,0.218967408139175,0.215558248750189,0.19314451095514,0.199035354933998,0.262538830838746
phaeoacremonium_minimum_ucrpa7,0.29150131156285,0.417108016020085,0.341588029118361,0.28899841249809,0.371544571932921,0.307315558103976,0.368036770994861,0.230526416630742,0.433831300039736
rosellinia_necatrix,0.378936465949738,0.425275620790753,0.404949961328427,0.323731630841298,0.389136330836796,0.334218976986008,0.38606031269056,0.345317003254632,0.424786936739266
eutypa_lata_ucrel1,0.325761347926802,0.359140032394827,0.332165345271217,0.234350659672548,0.308160487471173,0.288011105058776,0.314712326543861,0.252111598829476,0.421219375508181
microdochium_bolleyi,0.227400151911245,0.27378548521202,0.236296924488136,0.230779347296639,0.233498420570177,0.243577933357899,0.231961643520816,0.178059764209658,0.293280031716664
pestalotiopsis_fici_w106_1,0.390649816848189,0.429668362022563,0.431374337491082,0.464663701805037,0.39369328077734,0.37259877897846,0.422270994652256,0.284403038160582,0.447979872394194
pseudogymnoascus_sp_wsf_3629,0.356829517633923,0.433498162605206,0.41983985111541,0.365009899462601,0.407545961268517,0.352676555949694,0.41656649932829,0.316693436928019,0.4906117322448
pseudogymnoascus_sp_vkm_f_4520_fw_2644_,0.386250312004783,0.460311489579665,0.439197005464275,0.39050671792636,0.425109629832346,0.369430444672405,0.432906822559258,0.340853024114237,0.494124271969624
pseudogymnoascus_sp_vkm_f_4519_fw_2642_,0.374315379187527,0.449930768047317,0.432605356175212,0.376803545794608,0.418229127333393,0.366535827228376,0.42440630023809,0.325976165695654,0.485193109651394
pseudogymnoascus_sp_vkm_f_4518_fw_2643_,0.384814425260991,0.457441672117871,0.437643287085666,0.387660502223637,0.42250506585613,0.368930085506934,0.433517765044325,0.341143238735988,0.494749563499214
pseudogymnoascus_sp_vkm_f_4517_fw_2822_,0.370313462287747,0.446537746175547,0.425354109863986,0.38822810137839,0.413290196307548,0.366530210120433,0.421090217893233,0.324286322623151,0.497762702332203
pseudogymnoascus_sp_vkm_f_4516_fw_969_,0.370765463432044,0.436680567920903,0.428027808664299,0.37953144408152,0.406096901205254,0.355805641080086,0.416799225780616,0.318403328458734,0.49411769050116
pseudogymnoascus_sp_vkm_f_4515_fw_2607_,0.375889017595442,0.451599751989604,0.43161991341556,0.394555340463119,0.418136581898264,0.370297958864472,0.425220590126823,0.331608716452922,0.496332785613998
pseudogymnoascus_sp_vkm_f_4514_fw_929_,0.3788449407839,0.446606239460371,0.434663090848139,0.385725274020896,0.413322814291349,0.357667250575708,0.421300179562216,0.322227539179328,0.48968381953628
pseudogymnoascus_sp_vkm_f_4513_fw_928_,0.364481273271519,0.438210317292661,0.420137425561154,0.38884902086283,0.404640945830188,0.354470756869158,0.411439653404111,0.307429406926803,0.493228783861157
pseudogymnoascus_sp_vkm_f_4281_fw_2241_,0.380599345627603,0.453308496857972,0.432826143338809,0.399085604283222,0.418425598709191,0.364252549539839,0.429056572517187,0.33056860946247,0.493573232534413
pseudogymnoascus_sp_vkm_f_4246,0.364517786786958,0.438286795506994,0.419409918392969,0.38731313400961,0.405125347219199,0.354928408383482,0.409372497517537,0.306043588270758,0.493806563575468
pseudogymnoascus_sp_vkm_f_3808,0.377769572963304,0.44545911696671,0.434331459157443,0.388568855775398,0.413698009753099,0.359657873346634,0.421813813813814,0.325071433022084,0.489192686492056
pseudogymnoascus_sp_vkm_f_3775,0.40526520994728,0.498602866222942,0.456514302071479,0.429020642447146,0.463099492898711,0.395088652868951,0.462766655386974,0.356444706303197,0.456408216742314
pseudogymnoascus_sp_vkm_f_3557,0.384933268140744,0.450744553114192,0.43580431531724,0.389808123598306,0.418357527320176,0.363057803142659,0.42645833584892,0.327811620214752,0.486494868613962
pseudogymnoascus_sp_vkm_f_103,0.36986862159745,0.444482982488905,0.432804456813007,0.3713004822995,0.414214470906592,0.365118445568273,0.421435387632261,0.322269331237247,0.485064496616917
pseudogymnoascus_sp_24mn13,0.373439584357228,0.442648365754913,0.428370221327968,0.372828447339848,0.413224880681286,0.354172374116487,0.419353161698023,0.322109783078272,0.490815882418645
pseudogymnoascus_sp_23342_1_i1,0.344045778754102,0.427722876366695,0.405312841474766,0.376702231461055,0.404015574884099,0.344722217558469,0.411116067914032,0.308179616172909,0.497468968391138
pseudogymnoascus_sp_05ny08,0.352857116796089,0.430296445480885,0.418019921674599,0.367415921126641,0.404036849624536,0.353801317363252,0.412745092908985,0.312480484184962,0.489659489407029
pseudogymnoascus_sp_03vt05,0.351756532949552,0.430005956147861,0.41669799465097,0.364626934341791,0.400659288207392,0.35094319245446,0.412088307006729,0.311428606090997,0.489885955364976
pseudogymnoascus_verrucosus,0.357530829427267,0.433702852637752,0.421121055215819,0.364970701893197,0.408022024823558,0.356341362051208,0.416512175426225,0.316067162621948,0.486928178717547
pseudogymnoascus_destructans_20631_21,0.348406907477582,0.417760222846075,0.411971874960972,0.351109287452601,0.39083425482246,0.341633949446381,0.402295088673881,0.29974698474299,0.496698903141522
oidiodendron_maius_zn,0.436850139218023,0.475907945695452,0.46454323428505,0.430061404608031,0.496236491316597,0.415940532727648,0.466990256094469,0.395828712206577,0.449537773142809
sclerotinia_sclerotiorum,0.426326081939535,0.363724504877328,0.320139810574738,0.487567520600119,0.426048649683969,0.427214697182002,0.378866614048935,0.493308921438083,0.288843795577712
sclerotinia_borealis_f_4157,0.442273120418941,0.37987212125795,0.335322113053717,0.464568967794774,0.434333678439656,0.434007255880499,0.396899812011843,0.48661359698371,0.303885240614557
botrytis_cinerea,0.4263250723589,0.384207093828898,0.324469323241652,0.471800166792423,0.438133607874859,0.436209674397692,0.40174145600297,0.495184546922037,0.308472905091205
phialocephala_scopiformis,0.471768736686741,0.460409978854645,0.426566857188062,0.36661014306939,0.469808106792741,0.463695156562602,0.489933215478295,0.391217108732666,0.430920360083566
marssonina_brunnea_f_sp_multigermtubi_mb_m1,0.371900800413279,0.424985677456316,0.450293122594974,0.323999132219682,0.334932784949922,0.363178830854376,0.401125521559636,0.312978831420572,0.49335599674639
glarea_lozoyensis_74030,0.478745789064524,0.487777235318733,0.435525074673793,0.367828920489083,0.435550893063938,0.484704775006335,0.447952402883648,0.420057901349211,0.430407280546041
erysiphe_necator,0.327654036738576,0.297688715493291,0.325009143093387,0.324171857423482,0.343437412358605,0.353541938287701,0.282089863902127,0.335584739225886,0.261869841367249
blumeria_graminis,0.37932748552693,0.413137089292885,0.400412543862422,0.396055606661107,0.45482559284531,0.439433628318584,0.382375310909054,0.409688618856461,0.354281676189556
aspergillus_niger,0.418184576764458,0.49257866094229,0.396138764190576,0.351613502407908,0.421186551135945,0.411279536335265,0.418166852407619,0.325170943548175,0.492466444161644
aspergillus_calidoustus,0.391335952024826,0.443612855388465,0.389723736573785,0.383991764736935,0.396120893038965,0.364540824566882,0.39507526145042,0.337870431333106,0.468304212252016
aspergillus_nidulans,0.418636765707231,0.492686534913485,0.391624687296529,0.383202322631325,0.415205275299594,0.374945261182358,0.424106807876599,0.366346377975188,0.482426159441826
aspergillus_ustus,0.370260223048327,0.449503239740821,0.364421416234888,0.348422650846314,0.398230769230769,0.36422584216353,0.402080179053387,0.354443309499489,0.47058343200098
aspergillus_ruber_cbs_135680,0.452262721942874,0.499422017115462,0.425427911289942,0.385754806177119,0.432162605346452,0.434919311411051,0.424017628852106,0.358581988538077,0.483643271963425
aspergillus_cristatus,0.433178546771707,0.479552317459786,0.406605138911955,0.350405197203388,0.402392096443253,0.406519556969563,0.3919232324092,0.328563904864227,0.494312041408339
aspergillus_ochraceoroseus,0.449583005507474,0.494008260259201,0.417233465470478,0.401201391084414,0.437826865459961,0.422485645489906,0.440874997472859,0.374254108386959,0.473846704745934
aspergillus_flavus,0.44424502151448,0.470616510687885,0.428844329737719,0.377122162760657,0.467956722008806,0.455938952443101,0.449844106860246,0.363350913026248,0.47115551502261
neosartorya_fischeri,0.404167182485644,0.497447136853165,0.369231514446947,0.3577102729497,0.408794810894898,0.378370272147503,0.425857974210038,0.334229444042707,0.482673076248289
aspergillus_oryzae,0.444887780548628,0.469513497026079,0.428038187217273,0.379066125873322,0.469185984703992,0.457746280432822,0.451484766488749,0.365563837844302,0.469658984404754
aspergillus_luchuensis,0.407453798130767,0.47773486107215,0.38698732661411,0.332689805082443,0.405839891059399,0.40060773480663,0.397167974912743,0.303790480143146,0.499604327666151
aspergillus_parasiticus_su_1,0.443042318378552,0.471404640019466,0.427612563789911,0.375404950110146,0.467454855507171,0.454421914672961,0.451953308517943,0.362101285915308,0.469046098478915
aspergillus_udagawae,0.407224798035169,0.499527650039428,0.37551355031751,0.364034009681222,0.412304781812048,0.382896472264754,0.432547297720114,0.339984320035465,0.484475398034521
aspergillus_clavatus,0.382954339183451,0.481419244648908,0.350488468669695,0.324490631472472,0.41469205795416,0.375877258473944,0.406947421510528,0.313199965392269,0.495523974490198
aspergillus_lentulus,0.405681995150059,0.49695695383276,0.374918468472854,0.357995969571319,0.410061492277151,0.378788601976039,0.426801679319571,0.335913761906388,0.48240977828391
aspergillus_fumigatus,0.407592061378828,0.498110836729173,0.376395044240414,0.365269869412527,0.414952382389785,0.388939167064321,0.430433809321834,0.340783728665088,0.485186521120076
aspergillus_rambellii,0.449212066990002,0.494142802132101,0.417264219376167,0.40039357166284,0.437616189515058,0.421224253931564,0.440674660551322,0.373389694041868,0.474138982283156
aspergillus_terreus,0.37703430025185,0.454520714107987,0.325212327105072,0.322641334377964,0.372834571993798,0.389281244412659,0.348956375616335,0.308337986877007,0.431823911633113
aspergillus_nomius_nrrl_13137,0.438004347272999,0.472,0.420883750856147,0.377484140519165,0.466005552445475,0.449560619220355,0.448013721065657,0.361878117911748,0.477513223558116
penicillium_chrysogenum,0.420212329952367,0.46062250186173,0.423102932719954,0.327068562601497,0.410373539175731,0.417602242399845,0.419065827906109,0.337607496975062,0.487356073053071
penicillium_rubens_wisconsin_54_1255,0.426385272352156,0.469981425917988,0.432190022577552,0.338550790689284,0.421772087394102,0.430119019343942,0.427568895638464,0.34817103465408,0.484112702207753
penicillium_nordicum,0.431501240772342,0.467684083068698,0.446710171100892,0.345097715038731,0.430441821879683,0.452839049589809,0.433319825701521,0.357488686041188,0.464762007293868
penicillium_brasilianum,0.385654069726841,0.463817988613732,0.42229757947313,0.343055330925297,0.419536635023426,0.412740862648289,0.438591232671413,0.306450158548865,0.482791621853182
penicillium_expansum,0.424689153583172,0.461663565139881,0.441212519664702,0.345779665661825,0.421694475768605,0.431701294411853,0.436211847122906,0.349652957035507,0.458212066586773
penicillium_roqueforti_fm164,0.428417514914693,0.470314066824435,0.437165762378359,0.34034175756605,0.429882218314773,0.431073841845742,0.444429332900911,0.354406365007669,0.468376139590754
penicillium_camemberti_fm_013,0.433342184222405,0.469240807952266,0.4511302082506,0.350239170092389,0.430250230845554,0.441776594457219,0.437472146995304,0.359254575056075,0.460470548399223
penicillium_italicum,0.422654782821954,0.444933348346918,0.434532612180316,0.339621493336579,0.404138367010246,0.421407803582325,0.414403056993657,0.344104416424757,0.475391052367013
penicillium_freii,0.42228104924886,0.458788542807951,0.437005704272788,0.333489033104422,0.418587670092399,0.442066178879546,0.424666792006057,0.343578045983649,0.468793933167514
penicillium_griseofulvum,0.430095883192165,0.475938262920511,0.438612594018536,0.339056109457281,0.428254353411362,0.438054300180094,0.443306239097354,0.349342238242824,0.451353702672606
penicillium_digitatum_phi26,0.430408021817415,0.448790330403741,0.438309490892052,0.357004730500072,0.406242847837186,0.43480560698228,0.425858934110112,0.356266574992633,0.466232587572127
penicillium_oxalicum_114_2,0.399117746861215,0.460611979166667,0.435764735826246,0.385462081486879,0.400194839257612,0.422932669768113,0.449957265757082,0.334580461550376,0.495706746204842
talaromyces_cellulolyticus,0.498570105956177,0.44664936650893,0.498131158681617,0.446943224920109,0.482415548357242,0.461086637298091,0.492766397179503,0.452207847749385,0.450505094111552
talaromyces_islandicus,0.498654256088146,0.489809787915479,0.452886941439591,0.48705448766386,0.450037477594916,0.413915037217638,0.43458383182362,0.442521471525695,0.476129284122517
talaromyces_stipitatus_atcc_10500,0.474825171271167,0.412014689089588,0.472178126669369,0.454514177344779,0.477573503876217,0.48607291354388,0.465342583136716,0.468999759344404,0.416231116806043
talaromyces_marneffei_atcc_18224,0.48470012975155,0.433977709212266,0.474593079076309,0.444314941723776,0.499779390606516,0.469742119420775,0.499095484923187,0.45228463678328,0.434384129289637
rasamsonia_emersonii_cbs_393_64,0.400701289105279,0.484240712962146,0.328755797539827,0.361347517730496,0.403510238830022,0.379390594610769,0.416883087166932,0.336846355923178,0.449083660641253
byssochlamys_spectabilis_no_5,0.437667575871063,0.472032374100719,0.353495292659938,0.338573822295694,0.461411712313516,0.420935329981028,0.440433918249618,0.337425358431087,0.480978858878244
trichophyton_soudanense_cbs_452_61,0.477772711151644,0.465374033345774,0.391980593607306,0.412503073729477,0.456393303730152,0.435273286889179,0.425109322447725,0.385635224715684,0.490679180344025
trichophyton_violaceum,0.482566230558058,0.455691993971097,0.39537289023058,0.42068435558117,0.462794117647059,0.432140854547494,0.437742880694925,0.396156612354929,0.487331405865011
trichophyton_verrucosum_hki_0517,0.483195585706096,0.455855798100245,0.395546819777031,0.41924892405942,0.466840272863653,0.432968813284731,0.429531366891098,0.394038163502518,0.489026097277023
trichophyton_interdigitale_mr816,0.476251020646215,0.462434195177863,0.387163830833101,0.408279237331339,0.457860013785572,0.425457031957042,0.426384988511616,0.384970604968708,0.491958500546848
arthroderma_benhamiae_cbs_112371,0.483683474502201,0.456464155399296,0.394409995258533,0.418354797700641,0.468699809334172,0.431468292890955,0.430406638340948,0.393473046638401,0.489099616078575
trichophyton_equinum_cbs_127_97,0.480966995532988,0.456644179643991,0.395220181456074,0.418278673467946,0.467275240507269,0.424626775094065,0.435353016859213,0.395822282469892,0.487305984936768
trichophyton_tonsurans_cbs_112818,0.480441144267712,0.457373930579956,0.392922324426924,0.416867099228102,0.46519507469676,0.42560567581731,0.433431320325396,0.394631375181175,0.488186468054558
trichophyton_rubrum_cbs_118892,0.478651789500693,0.463940568120403,0.39230615755445,0.412132390613792,0.455840091959895,0.435488092122481,0.424610554001054,0.385006266280567,0.490527821279044
microsporum_gypseum_cbs_118893,0.478480993669557,0.461503328312521,0.395690173940453,0.420639862997704,0.459476788920236,0.428321417932678,0.423742220958761,0.395636881218608,0.491961671434633
arthroderma_otae_cbs_113480,0.487343322966733,0.44924035159206,0.408185179380917,0.435970546966518,0.489580280817502,0.444618100246387,0.442453505663772,0.414204370221365,0.476414896911963
emmonsia_crescens_uamh_3008,0.496881194217051,0.443733236955736,0.492246909627326,0.439194641187546,0.483357528447369,0.435646258503401,0.483631240644536,0.471286753141017,0.428697981131841
emmonsia_parva_uamh_139,0.499422277838578,0.451091494027674,0.486933156903384,0.425183246073298,0.491234724842122,0.418552395651286,0.491754550833594,0.469511433551813,0.436388133676587
emmonsia_sp_cac_2015a,0.479174814235432,0.444537011324015,0.493970533613966,0.442746757106395,0.484550857011828,0.437349944844591,0.483066950525881,0.499421976990141,0.427099252126638
blastomyces_gilchristii_slh14081,0.498000410982723,0.455528328622987,0.483419108990346,0.420727280607656,0.489785881541183,0.429375655990586,0.494731048286215,0.467882710987763,0.434383990612652
blastomyces_dermatitidis_er_3,0.498724430488436,0.455439685845366,0.483256757899484,0.419279646292108,0.490849663686923,0.428535397323329,0.49291673611043,0.467675511118666,0.432415158567508
histoplasma_capsulatum_nam1,0.49973357395948,0.461888952712899,0.481577219517678,0.430315711227812,0.491418580039571,0.430423326216991,0.491071595987375,0.473626278551104,0.429768063760618
paracoccidioides_brasiliensis_pb18,0.495702136486206,0.444606821927179,0.485668869530389,0.453951994999183,0.480819897758553,0.445271212953959,0.480426062585174,0.475161341018895,0.418083117028106
paracoccidioides_sp_lutzii_pb01,0.489836279487023,0.440729235626623,0.493441148938267,0.456465293404881,0.478835444498947,0.452782809155277,0.47731635786064,0.485037752884797,0.414663092537861
coccidioides_posadasii_str_silveira,0.480865390133328,0.448573889647029,0.470762767182141,0.456561399902356,0.483661304222924,0.419434566145092,0.492058932424324,0.457469476264555,0.442862441365768
coccidioides_immitis_rs,0.483485143261408,0.450631116153737,0.468622202821302,0.454955405101556,0.483109989557953,0.418789387279564,0.491211903401586,0.455410021490782,0.441186481273715
ascosphaera_apis_arsef_7405,0.429984826847554,0.417859851531797,0.436404881627927,0.323486898499084,0.477720365737757,0.429628664495114,0.488549167312876,0.362120729273243,0.427701160829447
uncinocarpus_reesii_1704,0.466768463854909,0.452648778427406,0.499761209869992,0.466373341027121,0.485185895559302,0.391349283138359,0.497187915502371,0.487059830776304,0.45629466739967
exophiala_xenobiotica,0.473831613453359,0.490472312703583,0.479018618796825,0.33400292184076,0.410072300344919,0.401504618134869,0.426908238888722,0.391935629456745,0.440114920430329
exophiala_spinifera,0.470219918756128,0.451094980314961,0.464226992416744,0.364955852114664,0.388960756341127,0.418340322224674,0.398092326851773,0.377511008144588,0.416411000492394
exophiala_sideris,0.479232624644011,0.492624652210396,0.493571024768026,0.342405623303889,0.418163170650448,0.423513114429678,0.430607287449393,0.399039718395947,0.454611685851668
exophiala_mesophila,0.492654279512094,0.486948701615019,0.47837658892499,0.423182137253283,0.468043694421134,0.473631434932613,0.453786098688699,0.423540733524219,0.474252630228381
exophiala_aquamarina_cbs_119918,0.476246727629331,0.494907802658026,0.496579944552729,0.378246711840774,0.461980216586189,0.436716560727223,0.473460524686444,0.4191854061816,0.490460275889233
exophiala_dermatitidis_nih_ut8656,0.476427992965502,0.498879913108411,0.461215337615541,0.380497041139147,0.420223774917913,0.444522421363276,0.402606421147659,0.396897108748046,0.432274192487336
exophiala_oligosperma,0.493666907383066,0.459261942834299,0.499985040689325,0.380420450304764,0.398079185736884,0.44795346194699,0.414991331917617,0.398901373447557,0.434860406533945
cladophialophora_yegresii_cbs_114405,0.426869451645197,0.420958793919843,0.424566733748852,0.309095799524813,0.362228682462456,0.369747300139003,0.373689872978413,0.342477398404393,0.390262822004555
cladophialophora_psammophila_cbs_110553,0.471172433223507,0.47144784612276,0.475153178727414,0.37517359880222,0.425852254992651,0.398818112241697,0.432430763258428,0.406692626840942,0.435066760964221
cladophialophora_immunda,0.448362415629708,0.435845190270558,0.451210011114997,0.355456469636132,0.39879495686795,0.385215092740271,0.399410840210978,0.384897672903985,0.405490573091919
cladophialophora_carrionii_cbs_160_54,0.426547767587245,0.419118292439657,0.421641614783603,0.304032721788849,0.362924320031476,0.369965388390474,0.371708216045533,0.34084546821395,0.385201298370239
cladophialophora_bantiana_cbs_173_52,0.473163228130777,0.472781405420036,0.478088806593327,0.377291610419697,0.427915334282995,0.403124304946816,0.433402892383511,0.408245174864507,0.436545194260804
fonsecaea_nubica,0.443804827578616,0.42633995476716,0.447067087015469,0.376378277187105,0.394454182107095,0.402671331778296,0.396133350325446,0.384202580192763,0.402151966301914
fonsecaea_pedrosoi_cbs_271_37,0.445201536541276,0.428478123185729,0.447964736959358,0.38095756351542,0.396243932823279,0.404358448928121,0.398176291793313,0.385288587982099,0.403160541190892
fonsecaea_multimorphosa_cbs_102226,0.453788669633775,0.443361445381513,0.456717502102242,0.36153779019026,0.401396067879818,0.389589842451639,0.407318002212014,0.387881797002219,0.413875094749645
fonsecaea_monophora,0.444260102408906,0.428096054202205,0.447280496032384,0.37914973825653,0.394750867551787,0.402765586809447,0.397287099172829,0.3848609659063,0.403215733022293
fonsecaea_erecta,0.438085485749615,0.411769109830052,0.42830917598489,0.343118281025141,0.384443197482221,0.384946147928344,0.383475484823939,0.375602105970651,0.388814956572943
capronia_coronata_cbs_617_96,0.457945960374688,0.492323188088461,0.442116806359274,0.318642414609035,0.411495422177009,0.429349170997278,0.388951646570566,0.379114498276175,0.417487329362584
capronia_epimyces_cbs_606_96,0.44893097894747,0.453856035163202,0.433376359263421,0.348092100693053,0.394346148918907,0.410473623411629,0.385660509202385,0.375430250101915,0.400262277927401
phialophora_attae,0.379096946888112,0.436387582867948,0.398847551045973,0.266017225725713,0.361944023962124,0.370093893070536,0.391262917265317,0.306551454430333,0.42863360363655
capronia_semi_immersa,0.437323054319744,0.428088190878889,0.43751496098176,0.30925085438403,0.373371747325834,0.378365760891952,0.382674097875849,0.354622669418277,0.395765396711191
rhinocladiella_mackenziei_cbs_650_93,0.471622603837363,0.481738887417998,0.458746285099975,0.394499681870412,0.470744129386761,0.451475866110012,0.499150888768862,0.466554916093945,0.490162798753031
cyphellophora_europaea_cbs_101466,0.375800883375508,0.421212401380671,0.389289905059915,0.302136218473632,0.363150795426046,0.35024883608926,0.380388060481028,0.318412803951368,0.436260496122043
endocarpon_pusillum_z07020,0.46718367872313,0.469400885926635,0.481504194554505,0.392680055441824,0.462614128571874,0.434578095125294,0.477525334626469,0.41477115146598,0.485861284615662
phaeomoniella_chlamydospora,0.434864942410952,0.435814832971497,0.412295648169468,0.387120973964734,0.483820024965011,0.483658600052043,0.493872791374854,0.469379864423801,0.452409046214356
bipolaris_zeicola_26_r_13,0.430646734609607,0.426865276982063,0.457989391970213,0.403610398105111,0.350266863867275,0.371817445012716,0.359800756119875,0.322465856408971,0.447932328369527
bipolaris_victoriae_fi3,0.431640943406852,0.426559809342508,0.457191176278293,0.403079710144928,0.351727848101266,0.372911628929435,0.362119715857318,0.323909594435709,0.447615729314867
bipolaris_sorokiniana_nd90pr,0.43039101948585,0.429582406425895,0.45480457287522,0.406455793486942,0.356602072128765,0.378386496924617,0.366369324860149,0.324276479220072,0.450299846096694
bipolaris_oryzae_atcc_44560,0.429252738197003,0.424663544826647,0.45676384180791,0.403491172771297,0.349317371269604,0.371085503166784,0.364350627112503,0.32005384867199,0.444837637398576
bipolaris_maydis_c5,0.432998733633079,0.426932976862583,0.45461692091956,0.412622402161821,0.353430314870571,0.374021720161626,0.36336053176989,0.324418085316327,0.442699377971073
pyrenophora_teres,0.41474746997068,0.42926766119145,0.447152005993899,0.373869926912491,0.328442215024883,0.365579212819612,0.329688843046244,0.299332287475677,0.431096013406416
pyrenophora_triticirepentis,0.414487829864075,0.425773188082584,0.452869769768891,0.364253301795811,0.326080476900149,0.368030482277567,0.327923069835558,0.300897926060144,0.434827632495733
setosphaeria_turcica_et28a,0.395239373490065,0.380186232909005,0.388590830391473,0.40972988232342,0.305963873658717,0.320057302314476,0.314019749022835,0.280001351792815,0.366079971296444
stemphylium_lycopersici,0.404892729033806,0.405980886768584,0.437648440210285,0.329968812892719,0.294623972584402,0.31926087097717,0.308361575202648,0.285357877718989,0.405230710294877
alternaria_alternata,0.424239775376139,0.449080376925336,0.458404277801924,0.320760034346859,0.331744405924992,0.39011544193801,0.329424118157973,0.303770900035574,0.445716796847313
pyrenochaeta_sp_ds3say3a,0.42360433830124,0.458285686916643,0.457345314767945,0.339191213945486,0.393171800449606,0.368380956587025,0.414572624788477,0.354331610088813,0.46332601720308
ascochyta_rabiei,0.355513794384781,0.322284913522882,0.353890562024683,0.285682701602122,0.252945557963164,0.319610247144609,0.255200048941637,0.263959218223317,0.358142832395532
phaeosphaeria_nodorum,0.389829420003547,0.407431068206196,0.41825553055868,0.300696706105454,0.312573767436724,0.346306718814589,0.331546864132881,0.289027604689378,0.408185368844811
leptosphaeria_maculans,0.422296430312829,0.43983483646637,0.462012723273368,0.388226454542485,0.36685408070918,0.403927653033372,0.405256739849973,0.329648586526386,0.449958756734937
paraphaeosphaeria_sporulosa,0.374141461877757,0.390190150774194,0.380384945935682,0.296043004079853,0.319607875771849,0.320063960287344,0.338964676905999,0.296733565661734,0.405587134931524
stagonospora_sp_src1lsm3a,0.391321894512412,0.443768236256425,0.440168196579753,0.324152413043744,0.370717205499814,0.377952123693839,0.382911457286844,0.311823082426665,0.443945129623618
zymoseptoria_tritici,0.36698181671572,0.395787091815143,0.443946729963345,0.261501744932148,0.294327944500004,0.339210272446026,0.361788425328328,0.303641319090122,0.421341698350502
zymoseptoria_brevis,0.368302105526042,0.398735210118319,0.440566807767506,0.266941442740808,0.296983463972682,0.338584142668607,0.36726701080837,0.301998165357157,0.422831786201546
cercospora_fijiensis_cirad86,0.427664649875434,0.473503712964291,0.446040563234724,0.309948654633821,0.390573051650567,0.36680599704653,0.440499935498596,0.334156247511348,0.473335293300466
pseudocercospora_musae,0.4237121234979,0.472168263973757,0.443042266695247,0.30083764451002,0.384792251289943,0.362306064880113,0.433631044040653,0.319832785784757,0.467227881974602
sphaerulina_musiva_so2202,0.427702925900155,0.446414940715485,0.441557003749088,0.359737987969092,0.403952176421566,0.409880130766437,0.431227332297095,0.339408822601721,0.474828388398024
dothistroma_septosporum,0.37267557320816,0.424718668105442,0.40743739649951,0.268288703870387,0.333195467543303,0.359734024022659,0.376141897222449,0.270880261649579,0.436941433492984
mycosphaerella_eumusae,0.425125403895578,0.472390720195812,0.44474164229952,0.299855508444466,0.382487065076628,0.36048972593565,0.433062661519465,0.319501438289867,0.461898328385449
baudoinia_panamericana_uamh_10762,0.348292042112892,0.444193472305376,0.395208711823958,0.266875467464473,0.321578505457599,0.328318631003942,0.344150857722844,0.263477945180614,0.411059420421587
aureobasidium_subglaciale_exf_2481,0.415345141189407,0.427204697505294,0.492437678589024,0.301595098796777,0.329837717499561,0.427054493338979,0.339973591118791,0.28176078656452,0.439229437013908
aureobasidium_melanogenum_cbs_110374,0.439982765143554,0.424912299257849,0.49602395270356,0.305116199394735,0.345351981840928,0.424865591397849,0.336524057102573,0.304618083682043,0.459587728764287
aureobasidium_namibiae_cbs_147_97,0.41924538937388,0.396219200981656,0.48584388370309,0.28691978238222,0.310177866367295,0.403229727383226,0.303787050294824,0.289939857609761,0.435238458660127
neofusicoccum_parvum_ucrnp2,0.228780464768215,0.217559883680261,0.219888098579249,0.172600083932783,0.174083458706152,0.159939176112801,0.195813518259777,0.148593325254643,0.281869437799503
macrophomina_phaseolina_ms6,0.329490001353221,0.367300573984557,0.329965525925025,0.268214986341052,0.289569993702967,0.271544015812615,0.321159172823277,0.243129758460803,0.390763270951396
diplodia_seriata,0.252928831695955,0.238787878787879,0.252896761172761,0.176340724821725,0.184258979124346,0.167128425898299,0.192265110303163,0.159454691739919,0.290588708057062
coniosporium_apollinis_cbs_100218,0.335596900180469,0.393638380052774,0.355630484055564,0.275577828551231,0.321797121213381,0.296640744007055,0.31400787951458,0.281359500362565,0.406122853630487
acidomyces_richmondensis_bfw,0.462621861866596,0.484397584485373,0.487976495077844,0.402896694239844,0.474766384669463,0.40564521419668,0.486059557701779,0.427835385912726,0.477410601881465
verruconis_gallopava,0.428612452162837,0.469141232227488,0.42548605730266,0.390003309195671,0.396873394590869,0.368173519316439,0.422701644214862,0.358652670306278,0.446945008554935
xylona_heveae_tc161,0.48349410756543,0.469029089380377,0.480753465722082,0.48718618196425,0.479471711650476,0.383119434258774,0.490869544595245,0.394628971625727,0.497964575040235
dactylellina_haptotyla_cbs_200_50,0.488789910086026,0.446686784341284,0.485006029125313,0.367466598466442,0.428900437343007,0.399792868767569,0.453275772301284,0.434655572755418,0.457128686784148
arthrobotrys_oligospora_atcc_24927,0.446887720823618,0.457020505376948,0.450960043887721,0.423455458085096,0.496043829572973,0.483253933881911,0.488928644623582,0.456797518316289,0.408457762228677
drechslerella_stenobrocha_248,0.404000351486127,0.402724062552548,0.391155597273517,0.383360760294848,0.356007234736855,0.308557531539748,0.356012257864995,0.331795884997956,0.422726625026718
pyronema_omphalodes_cbs_100304,0.408305030554935,0.459351854304051,0.416692418488935,0.403771423896593,0.386143630698491,0.477740116676987,0.399593097731897,0.353380555679304,0.451360730177533
tuber_melanosporum,0.414511857441687,0.479466935142009,0.465797203821272,0.439014380595827,0.440740740740741,0.429289881311607,0.494802318378154,0.376021323670319,0.441602485050143
saccharomyces_sp_boulardii_,0.298558774394207,0.356792880474635,0.312144357973145,0.408408529596927,0.432985185974635,0.371440055121727,0.403259635217502,0.419685233655712,0.345732253007634
saccharomyces_kudriavzevii_ifo_1802,0.319677729058822,0.376191043353978,0.339170959038509,0.459653989342288,0.456472325296758,0.399990090670366,0.426399913015114,0.452246413682904,0.374411121970504
saccharomyces_cerevisiae_x_saccharomyces_kudriavzevii_vin7,0.310910280685043,0.371425241813308,0.327255143084057,0.439019868888926,0.451439898272122,0.386010513452175,0.421785504750569,0.440668943174853,0.364886305804669
saccharomyces_arboricola_h_6,0.297278917276063,0.365091561019337,0.311659830240019,0.444799563946286,0.447363619777413,0.356153949549711,0.427680977186995,0.43666936453787,0.36198672465095
saccharomyces_eubayanus,0.306468105038873,0.399013580632837,0.320574073902274,0.46735610218077,0.481316847975135,0.384088913115896,0.463585823918273,0.450600241957999,0.399624041430136
ashbya_gossypii,0.366948639302948,0.415949358008751,0.289532405918302,0.420905643154429,0.356454821484661,0.357986953644471,0.392013099434722,0.309736989367655,0.420895499768889
eremothecium_sinecaudum,0.391894152841263,0.353760388801536,0.446366361052434,0.395228451683471,0.446694678602187,0.392024857586743,0.403216205184026,0.479317205990156,0.349516587384939
eremothecium_cymbalariae_dbvpg_7215,0.397499198461045,0.329276524371536,0.455772557090622,0.367727602665904,0.386003354433804,0.362047526941144,0.384242221478755,0.487438672786199,0.302781651257829
tetrapisispora_blattae_cbs_6284,0.177608644480065,0.185063636969414,0.156036663547839,0.345747425749649,0.23202568616468,0.225185414091471,0.225421372274728,0.298389440710104,0.170310675211639
tetrapisispora_phaffii_cbs_4417,0.244927869901899,0.251071764999904,0.217825515393003,0.373259597169483,0.334897523308826,0.249353527890654,0.294678878519907,0.334829128611168,0.244622781110504
zygosaccharomyces_rouxii,0.276767257973761,0.330271579937077,0.294411994996085,0.431339786612402,0.45695208072183,0.297788826377077,0.362693754702784,0.44598518948744,0.243899443170652
zygosaccharomyces_bailii_isa1307,0.426672113042557,0.418179385397618,0.441106745344356,0.436285964132632,0.49689526099115,0.486182995853385,0.417468560241564,0.47327384213475,0.392090997376469
kazachstania_naganishii_cbs_8797,0.470886016889843,0.434034449629426,0.493339844279862,0.441351605965268,0.30055549683496,0.452883881945667,0.388557077888435,0.456782750997675,0.486087984441931
kazachstania_africana_cbs_2517,0.250088507703025,0.274568754932542,0.272226689330171,0.444165104136012,0.378367613378622,0.266807199610832,0.301982475037117,0.391771102814741,0.277909981832604
kluyveromyces_marxianus_dmku3_1042,0.35541034379601,0.415509068613994,0.362845669261367,0.455295480880649,0.474465345826479,0.386057755128708,0.482366845028349,0.476204324046216,0.379564077128997
kluyveromyces_lactis,0.298625064497526,0.315086559179731,0.330455463923506,0.452051236863829,0.463037805692093,0.325027940306357,0.439288827679167,0.463291139240506,0.305394285560873
naumovozyma_castellii_cbs_4309,0.263124872639132,0.228339787028074,0.224705063449285,0.418826492399114,0.345044532463838,0.240611016818392,0.308258963474313,0.461401610057671,0.237401037401037
naumovozyma_dairenensis_cbs_421,0.18794165971,0.162329554788894,0.145590109171058,0.454306233654773,0.251269884403938,0.173367920449633,0.2522829441353,0.333431071395327,0.187932808875089
lachancea_thermotolerans_cbs_6340,0.489108653374396,0.435427653789303,0.476628012389514,0.468056164183465,0.358207595068543,0.401490535102102,0.390714409571701,0.446357591406861,0.434249014825887
lachancea_lanzarotensis,0.393414232800646,0.463549963308335,0.438217106243481,0.498274111675127,0.411830297881378,0.496793844180827,0.477227292118008,0.445829283992377,0.477727118161819
saccharomycetaceae_sp_ashbya_aceri_,0.386159559964271,0.44699720142198,0.30075500306363,0.415542797612981,0.37599815620721,0.373357529320832,0.416448038854318,0.311174866402888,0.453360205604118
_candida_glabrata,0.391903111081193,0.399010524422056,0.355508130866391,0.461543348247103,0.471633562502043,0.338163778191194,0.43697796590952,0.482392737816253,0.358299894143423
vanderwaltozyma_polyspora_dsm_70294,0.195652290916528,0.251105417971345,0.204269381011148,0.400270187824116,0.340977664274166,0.187642866747344,0.280090582299075,0.354191124677154,0.2182094717332
pachysolen_tannophilus_nrrl_y_2460,0.174617285607255,0.14280587015473,0.199907486688909,0.241445066621417,0.185433058013124,0.154398209112457,0.179914285569718,0.248979789422728,0.119087726768907
torulaspora_delbrueckii,0.418621373067952,0.376726865786833,0.399843420178977,0.493092844128676,0.483735730881907,0.386245246236937,0.445023479555607,0.462132103050244,0.341253209353966
candida_dubliniensis_cd36,0.212385407313049,0.240967695666725,0.179303778012701,0.296442355458749,0.262603198565835,0.184257942152679,0.263788744725012,0.272869919257074,0.215628800220269
candida_maltosa_xu316,0.153860975711369,0.227116599366654,0.144736409379419,0.465479049595449,0.345438764338623,0.119557659835116,0.32971652945476,0.241003418556502,0.201991902557357
candida_parapsilosis_cdc317,0.355983515612617,0.366350936764662,0.227765710489584,0.356595128249539,0.452885823694131,0.306477541371158,0.37812160370711,0.433505322589273,0.303139644393006
candida_tropicalis_mya_3404,0.167634033499097,0.220803125958697,0.153856378819629,0.342935272597218,0.266476235073753,0.126342118106393,0.260163425535773,0.305741637885075,0.17747025841326
candida_orthopsilosis_co_90_125,0.330704919095249,0.325101976780671,0.222301503912682,0.359364257694019,0.413076564053654,0.269095104664579,0.359100727084664,0.416468995236119,0.278199717040887
candida_albicans_wo_1,0.204730974418487,0.254931899019693,0.170120258266229,0.31935521070146,0.271920293568954,0.174022911051213,0.276940430262211,0.264719657268501,0.223732767238932
lodderomyces_elongisporus_nrrl_yb_4239,0.384739616662096,0.430264705882353,0.276263462545465,0.327485333119023,0.468525134092598,0.359887475225369,0.413217858874344,0.43527110252385,0.35116017331164
debaryomyces_hansenii_cbs767,0.266004040567705,0.301777884078769,0.297357423902707,0.407843254160487,0.378322635541333,0.304450852199732,0.332765144888054,0.46949789889444,0.299706877599845
debaryomyces_fabryi,0.256900023069986,0.298036228203826,0.282991377019436,0.389700853020952,0.374838381068056,0.308674415728948,0.322634649088388,0.454081371008723,0.284499793208033
meyerozyma_guilliermondii_atcc_6260,0.39082819601314,0.456265960613514,0.409371853028945,0.450173484370002,0.439891642848001,0.412113310418395,0.498364858664064,0.496548686382087,0.478828266000278
spathaspora_passalidarum_nrrl_y_27907,0.214574783725715,0.323981098641465,0.208484761253643,0.446403385049365,0.396379399887651,0.204793553497021,0.390126471153055,0.483841594649184,0.303533626445204
hyphopichia_burtonii_nrrl_y_1933,0.179125615420214,0.230055252341486,0.180847377819632,0.413932377113215,0.312060611578106,0.217278381518693,0.256850593593668,0.286714493976828,0.217092701497535
millerozyma_farinosa_cbs_7064,0.42682379349046,0.416254090794663,0.473128720181654,0.485100735915068,0.498147214585293,0.448476702508961,0.462508856238799,0.475963001048421,0.428077832333151
scheffersomyces_stipitis_cbs_6054,0.330491080144153,0.457971876600737,0.485208080362071,0.434596694329078,0.413122087237543,0.313650306748466,0.440744445935559,0.381150264258186,0.479961713667866
babjeviella_inositovora_nrrl_y_12698,0.390846013945347,0.297785370994268,0.267581606639704,0.448555979377122,0.270535724150122,0.453722930881044,0.277638244798944,0.257622845446263,0.382806931055847
candida_tanzawaensis_nrrl_y_17324,0.440314082386752,0.412213616509978,0.47475233329325,0.376306177275693,0.31938597059395,0.425378976585296,0.384608074074577,0.336068751615405,0.458057021770904
_candida_tenuis_atcc_10573,0.388467031724762,0.486327729390318,0.445327231121281,0.491706791232483,0.43604607107676,0.330926523244459,0.434280238292885,0.431305269203727,0.464348394645377
ogataea_polymorpha,0.396424016797846,0.411502180748555,0.369352690896099,0.471637658227848,0.361696600860917,0.453392496440279,0.375189494428864,0.455979357570545,0.38341213346663
ogataea_parapolymorpha_dl_1,0.396971619113017,0.417408357218283,0.373253824722616,0.464305392300911,0.360818679734794,0.458422107037237,0.379786902826305,0.463826606875934,0.382853888172161
candida_arabinofermentans_nrrl_yb_2248,0.236065314156114,0.217032967032967,0.201966703583295,0.445924601151625,0.304231630540415,0.183242191120586,0.283630570101769,0.326961327644585,0.164592134229785
pichia_membranifaciens_nrrl_y_2026,0.466097869008909,0.460278664835067,0.481721383312011,0.483875338753388,0.393669849931787,0.485230094959825,0.419733678564823,0.458151377002853,0.495821812596006
pichia_kudriavzevii,0.346690295340632,0.326443609679392,0.336477314715778,0.385930896071978,0.400930055188924,0.298747709224191,0.399532837527912,0.452232304171518,0.314935698772542
brettanomyces_bruxellensis_awri1499,0.491331775068362,0.40995835705084,0.436571645281588,0.421638455549468,0.480359550561798,0.484157760332923,0.426559794650749,0.438304482911673,0.316450250312891
komagataella_phaffii_cbs_7435,0.404729013588024,0.383013459384551,0.396639206683001,0.421369450714823,0.484611929245226,0.377880184331797,0.463586038727461,0.479234046024836,0.382053299579214
komagataella_pastoris,0.405106487448598,0.382676918862867,0.396407756386707,0.422220145767146,0.486227050298487,0.377272403222357,0.46584219021701,0.480780411784098,0.382767943897596
wickerhamomyces_ciferrii,0.10525140174135,0.0956111187017048,0.0761311146975346,0.338680389393294,0.131116961934937,0.0881729399089424,0.155457129078625,0.184544178733568,0.0779011201042423
wickerhamomyces_anomalus_nrrl_y_366_8,0.205638939542713,0.175725218010322,0.133731782611817,0.413503850385038,0.23833058181474,0.163826176774384,0.286200903719152,0.282283853428127,0.142521615849392
cyberlindnera_jadinii,0.458889490826257,0.486835609675827,0.492933083176986,0.408037126664362,0.42266352889366,0.324494175352544,0.372716083542444,0.319987165833811,0.412828851426238
hanseniaspora_valbyensis_nrrl_y_1626,0.146575753677259,0.179399017624964,0.0841203515711984,0.319800175249529,0.283956992664389,0.122477919131351,0.276216649073636,0.22088504732287,0.132870946996524
hanseniaspora_uvarum_dsm_2768,0.176331731179432,0.347916593162333,0.145738439997873,0.338475754288699,0.465883632050606,0.224827355758521,0.415977938481021,0.371095085975419,0.265610642385766
hanseniaspora_osmophila,0.279227754739514,0.470348847541362,0.281159268198832,0.305310120074589,0.438544437623627,0.412904653515427,0.461476611105092,0.256892003463622,0.427406637146812
hanseniaspora_opuntiae,0.308004292742756,0.452354570637119,0.268189761180506,0.469928136530428,0.444146844898762,0.298002153367628,0.450467604466206,0.446771066852941,0.378974794080326
_candida_auris,0.441289728033702,0.475797082741706,0.467919828094396,0.48310252560414,0.369262954996885,0.481528901102333,0.450217031015705,0.411675206047279,0.490387682692621
clavispora_lusitaniae_atcc_42720,0.447427008811424,0.490259838470613,0.45880001120961,0.496131749037018,0.403391734840771,0.486340954582617,0.446029578179264,0.468995683453237,0.481142664356943
metschnikowia_bicuspidata_var_bicuspidata_nrrl_yb_4993,0.409851618534401,0.369389587073609,0.396653936334688,0.424396029166301,0.331579413364364,0.418930213121605,0.366927951520785,0.419667428970115,0.362510112575244
geotrichum_candidum,0.430216158915979,0.486286232578342,0.409805614958601,0.372293572768086,0.367393478321822,0.448363455867325,0.422433382733269,0.364095462666622,0.486662606577345
yarrowia_lipolytica,0.287436700052251,0.397415464711664,0.231605002012042,0.408210975309655,0.22605164404095,0.497267615994956,0.220116099988153,0.209714443118171,0.35959837437246
kuraishia_capsulata_cbs_1993,0.443120794685119,0.493573673246001,0.412620628679998,0.473015515172986,0.434688474568666,0.421966363252758,0.415893419246669,0.381157279197398,0.455601954469195
nadsonia_fulvescens_var_elongata_dsm_6958,0.289651164198622,0.349847757650823,0.334241267527286,0.370664507164088,0.428916125469671,0.331207665620354,0.356318651588117,0.484583371305325,0.278645478769961
ascoidea_rubescens_dsm_1968,0.237868931592497,0.327944296174639,0.223481972192401,0.303870827582682,0.336986850824875,0.354728736848293,0.328562285272647,0.242361272667768,0.262499050017914
sugiyamaella_lignohabitans,0.444196912405771,0.409479396009223,0.423466901119064,0.466287455561199,0.429250025133206,0.297091988130564,0.445972025203708,0.494581540709473,0.415399313176173
tortispora_caseinolytica_nrrl_y_17796,0.401954926749994,0.456244541484716,0.482494075432795,0.482877997409609,0.438456239056176,0.435008923259964,0.48711391139579,0.462033680375734,0.48014846566321
lipomyces_starkeyi_nrrl_y_11557,0.457100948499481,0.451530437873382,0.41674408264056,0.467872466730288,0.495155725695921,0.426067220397914,0.458267951292995,0.393433315414676,0.47792398812807
schizosaccharomyces_pombe,0.316753623933381,0.27570431013725,0.285353673928552,0.281347371481,0.344179382301795,0.380295369497529,0.339262584574293,0.373570214899061,0.290390201774358
schizosaccharomyces_octosporus,0.291657444897215,0.296034521240979,0.30315692728594,0.330043974204333,0.373278045952384,0.404847619638756,0.366015275927768,0.423471259752577,0.315110649233471
schizosaccharomyces_japonicus,0.434432357794766,0.424422503725782,0.382609625668449,0.430891997807062,0.473836245024326,0.425580193014706,0.499762617601178,0.485771632471008,0.454032251398911
schizosaccharomyces_cryophilus,0.301031985129158,0.285141738191534,0.311609025395726,0.316875665170515,0.358705876528541,0.417335278385607,0.359403955658883,0.417019761925949,0.317611295548178
pneumocystis_jirovecii_ru7,0.208419040831862,0.149532236391755,0.266517973082387,0.126473096836971,0.141911319024603,0.237776773610484,0.171773300255408,0.201165430404139,0.163504892429609
pneumocystis_carinii_b80,0.220249341924648,0.0855924883675573,0.231996937773562,0.117593735048976,0.0988333596090178,0.211673286133656,0.134588711230977,0.232452561051715,0.113242310641561
pneumocystis_murina_b123,0.188950475031912,0.0976284253750105,0.233712945905208,0.11233707258401,0.101227531086309,0.206535850736303,0.137552880862669,0.206323826697002,0.121727356469818
saitoella_complicata_nrrl_y_17804,0.346702520025347,0.45234106140192,0.413543918795119,0.335641156699658,0.377000859704425,0.469124086016867,0.374103924172805,0.289711871668194,0.475462979638673
galerina_marginata_cbs_339_88,0.468165708591002,0.499678054692826,0.482226917596187,0.42301121547988,0.480588678413288,0.432171364148816,0.463859445615659,0.474239360664977,0.470916747563479
hypholoma_sublateritium_fd_334_ss_4,0.466506321708324,0.436044763471957,0.438395253794627,0.361614225796824,0.427124332738986,0.366189776008071,0.439513357370274,0.424007125245446,0.425891658899643
laccaria_bicolor_s238n_h82,0.498201902876429,0.490030298504278,0.454148965635618,0.458443996702995,0.476232961871431,0.474304827517348,0.467677259629043,0.459865048074675,0.486458916327324
laccaria_amethystina_laam_08_1,0.498316401038,0.485721354739389,0.459835221421215,0.468467139685448,0.485442361740181,0.479733245547898,0.475742875708547,0.464006141609404,0.481003837015021
leucoagaricus_sp_symc_cos,0.48399781540142,0.448547624408917,0.452120609675282,0.424311926605505,0.468552774755169,0.484721640853914,0.486213959350874,0.465626949469744,0.454237683866449
agaricus_bisporus_var_burnettii_jb137_s8,0.436045243737551,0.414844006016251,0.42189613005323,0.458037324900341,0.436096931665247,0.47212189220465,0.454573835255653,0.488471482553643,0.426641550263294
moniliophthora_perniciosa_fa553,0.479886478816136,0.451578452731855,0.491603159207427,0.401158721518003,0.466574138329863,0.46350753604194,0.468308627693632,0.423768453461751,0.466831962728973
moniliophthora_roreri_mca_2997,0.471963479477718,0.446071407002344,0.493548036909716,0.402098452391361,0.473933765122816,0.482065388755396,0.483984534280888,0.428733889310083,0.464533722766966
grifola_frondosa,0.398240006112859,0.49077217496166,0.403538178807278,0.323623006207276,0.456929178945016,0.407937057746549,0.45039836102891,0.340771423676847,0.464626162105539
schizophyllum_commune_h4_8,0.258827159794807,0.362046351839892,0.285995774954765,0.206261212245978,0.27874995339357,0.238439361906592,0.283151458777621,0.171983153863007,0.315924820075594
termitomyces_sp_j132,0.494804284422297,0.44763686101315,0.496656737676842,0.441978790613718,0.47928527005693,0.491510673515008,0.488124715022019,0.446001156988936,0.464065988975812
hypsizygus_marmoreus,0.460690168690785,0.488495632031413,0.456498558668867,0.378655655357371,0.474825917887502,0.450162563864375,0.463158892762792,0.412944290731084,0.499342834248782
hebeloma_cylindrosporum_h7,0.474043930581996,0.459861396536858,0.46382483069146,0.404519216873103,0.498790415482682,0.458647529373676,0.479458838993955,0.465389454009561,0.478320844051747
amanita_muscaria_koide_bx008,0.439167133960983,0.453052108863562,0.444890842605516,0.445283641013987,0.489301770291193,0.480985369634725,0.483563943570442,0.475330687361104,0.483465956066991
pleurotus_ostreatus_pc15,0.480885682332724,0.474800309395989,0.496719854854242,0.302703403229569,0.408890418916884,0.386744992656938,0.420975125475705,0.384614725587293,0.466089634737414
cylindrobasidium_torrendii_fp15055_ss_10,0.406487432521123,0.477178308314408,0.438028493087646,0.32973639586866,0.386593900645087,0.384421876455791,0.381787245486375,0.327476442197196,0.39914173437161
gymnopus_luxurians_fd_317_m1,0.461029186246964,0.40747751639634,0.48504326973204,0.487473775145008,0.461777142774675,0.496796332156282,0.433861980282898,0.49372729474449,0.418265651823831
coprinopsis_cinerea_okayama7_130,0.454929731817162,0.44547879260994,0.470069058156957,0.309234969039217,0.389248198494797,0.390889594474153,0.358839317831745,0.348413098580033,0.426964197095263
fistulina_hepatica_atcc_64428,0.42620563217749,0.493482069504796,0.401884027015681,0.374353942677096,0.452047393718097,0.432695844060316,0.453210528820982,0.367660383335973,0.448290607908892
paxillus_rubicundulus_ve08_2h10,0.466684971627311,0.486737604399734,0.480938617926331,0.39170814501211,0.460833174035337,0.477210165472447,0.446587884065182,0.419174268561837,0.483440033168903
paxillus_involutus_atcc_200175,0.454064525055923,0.460446433484345,0.473284324080724,0.356586673000839,0.430064588184471,0.455537107457197,0.409781345229493,0.404185770339673,0.450099226947238
hydnomerulius_pinastri_md_312,0.43091958621478,0.451030543829153,0.449244156166374,0.341711822880341,0.419014215425037,0.427084585246256,0.401601671309192,0.394448755079935,0.463207445081701
pisolithus_microcarpus_441,0.483455679146238,0.499337671728127,0.47600497417086,0.395216631577956,0.455672801428127,0.481039008055028,0.457732515762701,0.412595837897043,0.483062988267534
pisolithus_tinctorius_marx_270,0.476019410220001,0.49650979747815,0.466867590756957,0.398697282941078,0.458659853703067,0.468507386831636,0.461988592985135,0.408766468039554,0.491043292396162
scleroderma_citrinum_foug_a,0.479901252442532,0.486145615382578,0.461883223853128,0.413267139029679,0.490982205932966,0.478987073880481,0.482996652429874,0.411116180321803,0.495428714060985
rhizopogon_vinicolor_am_or11_026,0.465238448419059,0.482980928984252,0.472528941941257,0.403916638899827,0.48397794753327,0.454718243876322,0.491447305094247,0.4132475560984,0.476512730538672
suillus_luteus_uh_slu_lm8_n1,0.48474780386715,0.484935674445479,0.494652737268212,0.431387890602552,0.491768092681404,0.46127513906718,0.49545622066183,0.439611099392103,0.474123145333273
serpula_lacrymans_var_lacrymans_s7_3,0.472495486944708,0.460352208600895,0.480334335604535,0.447909960582342,0.476083724122155,0.479940564635958,0.492757791557851,0.497880619220121,0.45218807645512
coniophora_puteana_rwd_64_598_ss2,0.331933471933472,0.411674347158218,0.351404827859122,0.346267454350161,0.371177098150782,0.357034284749198,0.331243320270752,0.29591593026033,0.393678404751803
fibulorhizoctonia_sp_cbs_109695,0.389965796324371,0.418229561143902,0.410835502603124,0.337526194787492,0.391876434220591,0.345230944710386,0.402260254390735,0.382256954662218,0.446514886526385
piloderma_croceum_f_1598,0.498094231772988,0.455526687032508,0.48713675068313,0.443326052415169,0.473452452866181,0.482599898351569,0.477533217991758,0.487739935257375,0.456728294520633
plicaturopsis_crispa_fd_325_ss_3,0.348951393578769,0.371718249733191,0.366563284596071,0.314827645937987,0.348722176422094,0.32192791400267,0.365424020093859,0.375803506665666,0.363478260869565
jaapia_argillacea_mucl_33604,0.451552654967037,0.489239051394525,0.466107165913493,0.367883536053459,0.474865773615781,0.489643242271747,0.457008517180559,0.392139851952165,0.464002901186823
trametes_versicolor_fp_101664_ss1,0.278615325523334,0.323142294538294,0.295648734177215,0.209971005154639,0.27529665587918,0.287015462825673,0.229371173097483,0.206489245351805,0.27749689974244
trametes_cinnabarina,0.310211689522034,0.393249055933525,0.324720315624493,0.223521923864242,0.305406298764692,0.290082377063923,0.289109132429106,0.220017014275164,0.335935425627954
daedalea_quercina_l_15889,0.318147128567145,0.403310104529617,0.332647323743756,0.229456479983237,0.337539408720481,0.338981233243968,0.330515214500057,0.24149210139422,0.356640848591116
gelatoporia_subvermispora_b,0.342457437067902,0.425012150895428,0.365269678167825,0.260876436703307,0.372397426904076,0.351760350447647,0.376914893617021,0.270083882362566,0.403043114244792
laetiporus_sulphureus_93_53,0.358357790821772,0.488978411321145,0.372398052494929,0.296051006302201,0.426595427676486,0.366564354963019,0.413350155507306,0.288493397074833,0.4483448257286
postia_placenta_mad_698_r,0.35938021454112,0.428671660187731,0.371434330516014,0.277822395147016,0.387939435954627,0.346798319182417,0.383109899137033,0.294210478852917,0.383768043669911
dichomitus_squalens_lyad_421_ss1,0.290178653623091,0.377361817565276,0.320774627244836,0.214498840700901,0.30261911865814,0.317333717247337,0.286535115831884,0.211564065730002,0.327738195114011
fibroporia_radiculosa,0.40970631118517,0.495531263192879,0.411334552102377,0.36931864239794,0.466263041980936,0.428035863053914,0.468582318895617,0.361175875955848,0.471981274407162
phlebiopsis_gigantea_11061_1_cr5_6,0.34259315673843,0.365004316250485,0.348891989952554,0.279291791579863,0.312571547107768,0.335672123844526,0.298684114287234,0.280441898928626,0.320598284560674
phanerochaete_carnosa_hhb_10118_sp,0.339320850319577,0.394149480766418,0.332837888393444,0.279374930283026,0.341161131128465,0.336923273911992,0.333848504122357,0.26373861428495,0.352751806568718
fomitopsis_pinicola_fp_58527_ss1,0.295293728251049,0.364547391573304,0.32596641822088,0.202524418978814,0.296469449196939,0.307914774711841,0.287100155762317,0.222098503288622,0.325232119621551
stereum_hirsutum_fp_91666_ss1,0.386285221391604,0.488161745144985,0.428816606734227,0.317379255740301,0.445373101715285,0.465833785985877,0.412653043812124,0.353657690172127,0.456511304787167
heterobasidion_irregulare_tc_32_1,0.383588762990659,0.429680903717938,0.392121804104653,0.332475126549136,0.417580879665985,0.373292606516291,0.395030045462284,0.352292630674882,0.415899767954769
peniophora_sp_cont,0.324330003162814,0.458874752396127,0.371548132718346,0.28521320249777,0.348028764149481,0.349603352648611,0.330760114835091,0.259503943767774,0.413850729103961
botryobasidium_botryosum_fd_172_ss1,0.384425748493142,0.414369657501764,0.415934372143828,0.395454009036348,0.422325457602923,0.335868668168537,0.415936110265749,0.393954543149231,0.463740697596338
tulasnella_calospora_mut_4182,0.485792450699599,0.443504384331951,0.466784531447497,0.335532636698324,0.382505822293722,0.34912409973616,0.373604453309995,0.392472920012203,0.446487576044266
rhizoctonia_solani_ag_1_ia,0.497321250281471,0.488382655469369,0.463432200205416,0.46939750158624,0.487372361856838,0.467569460658417,0.460854045303149,0.438582852669519,0.473615390945749
neolentinus_lepideus_hhb14362_ss_1,0.383336565813292,0.470692854338135,0.391105687964841,0.315602913523678,0.427555753048018,0.406541851186039,0.440022134443195,0.317920784441454,0.453993975713941
gloeophyllum_trabeum_atcc_11539,0.357757902882948,0.433325147347741,0.349051672434949,0.26206998459816,0.37391938719679,0.341168449588494,0.398113556973262,0.289676590755517,0.399683993060804
schizopora_paradoxa,0.486991635554868,0.489720519335214,0.492410025523808,0.326691353670722,0.418366670716487,0.37137014724898,0.437416731216112,0.402135787045935,0.449677326976168
fomitiporia_mediterranea_mf3_22,0.477909270216963,0.428926553672316,0.490736019037906,0.401064012356273,0.493445692883895,0.490886495443248,0.496691947716637,0.427341227125942,0.492976891708201
serendipita_indica_dsm_11827,0.461922752064114,0.489746940896827,0.474910980847244,0.475059209938332,0.484169389737702,0.407819127103571,0.467940793394998,0.372433777333155,0.460710406138397
serendipita_vermifera_maff_305830,0.471365929610088,0.461774115365972,0.437282073056188,0.468343463666878,0.4950010973201,0.430747450384081,0.470019316353467,0.442028807264013,0.496928769431792
sistotremastrum_suecicum_hhb10207_ss_3,0.473342085979482,0.438846787706608,0.470985860460573,0.334651148811423,0.467583375241979,0.487366057470938,0.497461955200017,0.477939171305282,0.460739048756193
sistotremastrum_niveocremeum_hhb9708,0.475062488923113,0.439519357286569,0.472740051212236,0.334815342306593,0.467555419490405,0.484200743494424,0.498446485726925,0.476428605912361,0.461278001916221
punctularia_strigosozonata_hhb_11173_ss5,0.364249849367343,0.395789194915254,0.369637928235103,0.238691049085659,0.316330636148241,0.27790973871734,0.287382659472245,0.280263764109652,0.365687417270877
exidia_glandulosa_hhb12029,0.306931270295639,0.365008981347631,0.313356908725636,0.236384272622818,0.293916792483102,0.298509262148592,0.258926733985594,0.236018090463471,0.288005188324852
sphaerobolus_stellatus_ss14,0.46076994344345,0.404264149783257,0.458919955985667,0.424795527008918,0.404986506226943,0.493052594860664,0.44127002868434,0.439167006895935,0.408707396396886
cryptococcus_gattii_wm276,0.488725810103485,0.465114248652963,0.46294546950467,0.430825253215469,0.46017502658114,0.458992765091567,0.46260978777947,0.405516845135161,0.454410296360504
cryptococcus_gattii_vgiv_ind107,0.489130235121234,0.463514476326187,0.462734094205183,0.429233218265396,0.460244111918904,0.461833185971117,0.459205311048878,0.403974627560521,0.454585766018772
cryptococcus_gattii_vgii_mmrl2647,0.489435574671761,0.462424471299094,0.462743568491704,0.430055228106001,0.461402828666825,0.461132005097442,0.461723613224512,0.402042938771607,0.453682858119497
cryptococcus_gattii_ca1873,0.489195961314422,0.462358584015432,0.462123014928688,0.428370571322993,0.458271791804499,0.459009571369122,0.459759773269153,0.403058594756695,0.455701922471929
cryptococcus_neoformans,0.496066369821292,0.477625283912434,0.468225867256048,0.422847111763106,0.446330265005461,0.46507745360994,0.440642382167203,0.394565585316052,0.470303721539306
cryptococcus_depauperatus_cbs_7855,0.436717623580861,0.374175147468724,0.389655145947025,0.399295494059693,0.427183160571093,0.410956135031332,0.460502707911087,0.486579353900677,0.410340420587894
cryptococcus_amylolentus_cbs_6039,0.396860897730839,0.41097119286361,0.436607064029124,0.387894423730511,0.371485897108152,0.480137494629116,0.344975509609231,0.301396090945353,0.422994409049538
kwoniella_pini_cbs_10737,0.263449508489723,0.286480504962681,0.210755271215554,0.450889687372249,0.37053461908626,0.269267635553483,0.270661200796576,0.317125079756598,0.232360328129517
kwoniella_mangroviensis_cbs_8886,0.3926264295679,0.34881539064272,0.372285505527807,0.286912498653549,0.481425698283715,0.302663379147035,0.433405883168639,0.449457641444646,0.274519301644799
kwoniella_heveanensis_cbs_569,0.408827835476049,0.4727420259657,0.458615977445923,0.223545770223144,0.35526648634975,0.47972010178117,0.369191429955269,0.325367674617334,0.486593679515446
kwoniella_dejecticola_cbs_10117,0.465423428953117,0.429821012272894,0.39648754737412,0.231704378833458,0.438921688173835,0.446410966621285,0.484491526419016,0.477402236234747,0.388554931423677
kwoniella_bestiolae_cbs_10118,0.492424164072438,0.429036130581265,0.439717792193487,0.262331929369836,0.448386325195196,0.383555495713837,0.489179808659725,0.454344361929224,0.336670929724304
tsuchiyaea_wingfieldii_cbs_7118,0.394445546367215,0.405420472576011,0.437408919639223,0.386620527079304,0.369449413834115,0.480525164113786,0.346894208993853,0.300901880259291,0.425015051723194
tremella_mesenterica_dsm_1558,0.404127764127764,0.343394519131334,0.319112413648733,0.406587854905527,0.441857289177194,0.304736129905277,0.459899691713063,0.411934004886048,0.363662631107515
cutaneotrichosporon_oleaginosus,0.185127994573173,0.23334318781548,0.197661855125186,0.247511949191383,0.204909094955159,0.250075646486512,0.197615613703197,0.130620288648529,0.217217793429047
trichosporon_asahii_var_asahii_cbs_8904,0.173567266586542,0.227255258899676,0.184030856809768,0.204823559663001,0.188533904526302,0.290259669113619,0.176016808784737,0.108289413142594,0.220800896805132
xanthophyllomyces_dendrorhous,0.44655692202379,0.442975338529889,0.470820885125617,0.382111819591817,0.424237136019146,0.470580898631162,0.366290140529549,0.402441890526217,0.433304276734327
calocera_viscosa_tufc12733,0.298388310046254,0.409114170829779,0.32658970035024,0.254902626043292,0.344593735746918,0.293215191458718,0.316357568471327,0.227811975910962,0.39196802013547
calocera_cornea_hhb12733,0.283278595338849,0.382539013074652,0.306176866392184,0.228239191427509,0.323765533927197,0.289883501542332,0.302227245269783,0.209007400446376,0.369811455761869
wallemia_ichthyophaga_exf_994,0.478658494307545,0.403283679460694,0.470292120399316,0.381648338654369,0.384285907512887,0.457862763485139,0.488047702709897,0.435383728650329,0.416375649214767
wallemia_mellicola_cbs_633_66,0.370402911143703,0.44206416836765,0.304573936158991,0.40129635707253,0.483172687808108,0.40151613601906,0.437489927838559,0.486028807167768,0.330152082874146
ustilago_hordei,0.426241524647242,0.439257779161186,0.430898923295217,0.326889605718131,0.326700052714813,0.375825518813603,0.314388401993853,0.30739559761366,0.481092390116385
ustilago_maydis,0.423399229492984,0.390035281777439,0.409798612286343,0.423392421582488,0.289843601948566,0.328083251300802,0.308166582172785,0.305821044966321,0.428501680737623
sporisorium_scitamineum,0.391278468413965,0.335563863203999,0.357835364898317,0.390315365505402,0.249373971524648,0.276844827096298,0.255662638814148,0.270825291438277,0.391856909715057
sporisorium_reilianum,0.267887555999852,0.239048786273425,0.226694028222501,0.312174776877227,0.170045647546302,0.199978496935813,0.166802549042445,0.163244287468215,0.27251609505852
moesziomyces_antarcticus,0.262311465278052,0.286938726695281,0.221130488683386,0.333092091345351,0.187880270777261,0.198949348667164,0.20064105574602,0.141069075851685,0.285786061490221
moesziomyces_aphidis_dsm_70725,0.263025806384289,0.28099493916227,0.221143415057496,0.319666695750807,0.180394274912233,0.19499140274003,0.195273361951035,0.140912230814113,0.283928734406448
pseudozyma_hubeiensis_sy62,0.375012367772381,0.33562471967082,0.343544484955873,0.29975026336533,0.219802978336383,0.291138954224715,0.257101468957244,0.256239042444969,0.393237125533202
anthracocystis_flocculosa_pf_1,0.18007095819412,0.15528441928884,0.129295097449987,0.350392887938887,0.0944238177412888,0.0738473311651043,0.109850235111848,0.0843179182371702,0.174060506609966
kalmanozyma_brasiliensis_ghg001,0.298551749584896,0.285023625282476,0.281767538761153,0.261324616103068,0.202049492219277,0.237191714352642,0.21492307546112,0.183514594982814,0.337506900056232
tilletia_indica,0.370397779235594,0.433959694989107,0.401197765363128,0.235274362041232,0.288727108297536,0.335973136124537,0.340762123331062,0.241915722026084,0.415083599905465
tilletia_caries,0.324595950903268,0.386037323986964,0.347493150684931,0.239160456273764,0.260325207813216,0.309949362528271,0.300025629324949,0.218184500861486,0.353624559203018
tilletia_controversa,0.322292767856212,0.384992690467251,0.346856205058152,0.237368826478425,0.257777131501139,0.310844388292272,0.2988970659499,0.21643975811729,0.352927854605161
tilletia_walkeri,0.364177310064336,0.438990786994948,0.397303354158078,0.226093991839032,0.287288225892381,0.343909978978608,0.343038143411369,0.237076478340348,0.420879274808397
ceraceosorus_bombacis,0.400392915536,0.399239432213663,0.469834611697028,0.405595277685401,0.292290681245777,0.259736413445876,0.43121690873397,0.302804006749722,0.46539262864834
tilletiaria_anomala_ubc_951,0.360955573015605,0.3986295081233,0.371137469985436,0.350069561981054,0.291065676155414,0.257565387435835,0.370228937560814,0.28435364446231,0.393770099667774
malassezia_pachydermatis,0.38756513537334,0.453932331069118,0.367706325565096,0.475259317332047,0.335322089440596,0.416273535674028,0.40652426490303,0.292388476616355,0.497227356746765
malassezia_sympodialis_atcc_42132,0.252999904003072,0.370052201076904,0.224534855921358,0.45437822618489,0.316423779782558,0.329220779220779,0.361605999208179,0.214552728226653,0.35824493731919
puccinia_striiformis,0.375816752676827,0.405225976678866,0.337632391302723,0.43840088059744,0.482554170110317,0.404529734508672,0.475362468587286,0.433032477888937,0.372493364558938
puccinia_sorghi,0.425457576136,0.449455018026327,0.391259879401633,0.474842322011198,0.465362815388194,0.455163912272491,0.484870409861036,0.441714970878856,0.438371634684569
puccinia_triticina,0.487932587060814,0.460295752457273,0.476088837611768,0.380149335275906,0.403074676125263,0.46009125889604,0.383909499569602,0.45787830877559,0.472698597228602
puccinia_graminis,0.436047733777469,0.436903740206528,0.390098424336921,0.419151482090852,0.478545736558493,0.460567672542575,0.459629017680619,0.496381852010877,0.432289773859627
melampsora_laricipopulina,0.315063228097527,0.336809115140154,0.26717757036906,0.417820851584529,0.388727025361947,0.334357368968216,0.40338510318702,0.400068763871574,0.310031824853156
rhodotorula_sp_jg_1b,0.363095182072302,0.227219759341355,0.339239051304648,0.299201556570287,0.175866994086399,0.178124019062295,0.167200284596229,0.246247339531758,0.226170890105692
rhodotorula_toruloides_np11,0.22826522182983,0.217287178414558,0.241239152628892,0.182941071404037,0.140226323727057,0.168621251091342,0.155155859950074,0.124518329788802,0.190971188480424
rhodotorula_graminis_wp1,0.0445642451347757,0.0761916662879993,0.122012376436551,0.199653804296597,0.0441088,0.0866972603116155,0.0355293404400435,0.0444475194453345,0.0464068578350299
sporidiobolus_salmonicolor,0.207002949779692,0.231259152096823,0.260737780372258,0.187910917931663,0.162021372818331,0.169184973058518,0.160469784582197,0.138111857755552,0.22358010011597
microbotryum_violaceum,0.422074834688455,0.404106337526703,0.475093332657239,0.302068019902748,0.277032046117952,0.317752052393691,0.315073208794235,0.309716277492902,0.44141625088472
mixia_osmundae_iam_14324,0.398653113887403,0.496432713597863,0.421351205161018,0.349226712279952,0.405142355739257,0.333752461388816,0.453151755675981,0.306193481884082,0.471676479239056
nosema_ceranae_brl01,0.179357096967146,0.238116918594063,0.255151446909132,0.0962410808425079,0.250254135477313,0.20016001163721,0.167188394731819,0.196697284982514,0.179022845628451
nosema_bombycis_cq1,0.214340954130214,0.301470970424658,0.208760865859894,0.20237516276297,0.340362036290762,0.184374329255205,0.209937651100649,0.236435228668449,0.173814618414116
nosema_apis_brl_01,0.149401254514351,0.19169992019154,0.145924740618386,0.100678932889124,0.177101368332868,0.143607472907387,0.163009683995923,0.141589892410437,0.141514549069221
vittaforma_corneae_atcc_50505,0.432198094047805,0.399312161568857,0.491107312791611,0.316679896804922,0.411178000213729,0.485071546505228,0.381781568348733,0.473511210987942,0.369470658560781
encephalitozoon_intestinalis_atcc_50506,0.490294599883641,0.366973273169038,0.443499155734511,0.383070172820345,0.43778984501962,0.484599425470795,0.49176920240051,0.361814077121946,0.446163765312702
encephalitozoon_hellem_atcc_50504,0.398378940573109,0.445322902796272,0.373971227835396,0.411675373587656,0.472987392799273,0.416884182265643,0.479991692052063,0.304371708906315,0.477397926117952
encephalitozoon_romaleae_sj_2008,0.487998209523099,0.333131330620726,0.477369068781622,0.387440503608168,0.390299956413203,0.482753214173722,0.439625087246984,0.369381598793364,0.371397422637184
encephalitozoon_cuniculi_gb_m1,0.333904432299073,0.475062161766857,0.263027755455276,0.459926017262639,0.461411139766735,0.349741468459152,0.399282511210762,0.242512381102115,0.442718002187015
anncaliia_algerae_pra339,0.233133158914991,0.222423887587822,0.254408263729169,0.169543214150306,0.242120471215826,0.293190998268898,0.194098545091923,0.2711899503037,0.152742511508846
spraguea_lophii_42_110,0.15030421519222,0.169020642557815,0.217544621060055,0.174700466641443,0.147711404189294,0.147259449482385,0.155316056808208,0.17774863977256,0.0887781343164699
enterocytozoon_bieneusi_h348,0.242841419963811,0.283705491852746,0.270747041420118,0.209957927419173,0.231735432069322,0.317289302562795,0.214862889363685,0.222282500826993,0.246320180275207
nematocida_parisii_ertm3,0.422931647127948,0.452831163463525,0.411403056843551,0.331696101996029,0.385258934905453,0.490976234439216,0.323011600845636,0.425652310594153,0.385751520417029
nematocida_sp_1_ertm2,0.482782686723414,0.473146999904607,0.364721077557045,0.410859055410933,0.488677648932464,0.327468284611142,0.394767078554295,0.490659121413284,0.457948448185166
ordospora_colligata_oc4,0.476299590267394,0.312300381709122,0.449194763063376,0.285084082390792,0.356253988513082,0.458022627924916,0.352132091655434,0.36129350290841,0.279278795846637
pseudoloma_neurophilia,0.227172900306136,0.270950683986665,0.292608072954725,0.246536607197347,0.239756700755297,0.210211918645996,0.232676456499116,0.187863634178006,0.217568904891247
edhazardia_aedis_usnm_41457,0.199992056320686,0.32150019350526,0.255737912412455,0.24300198623493,0.294058943776458,0.359429869861599,0.271478504494947,0.196517701683111,0.218559247280212
mitosporidium_daphniae,0.437848249294903,0.372054738141784,0.403130708224468,0.291873469657865,0.349479748398095,0.457986478406844,0.387631230352518,0.438953122597061,0.367498552775455
trachipleistophora_hominis,0.469396721510166,0.477418013616756,0.478663540445487,0.366101619007099,0.487481590574374,0.462648863226272,0.461255033666466,0.440807863413866,0.324330819284235
vavraia_culicis_subsp_floridensis,0.490726817042607,0.495112799369991,0.432661957011874,0.422010322806404,0.438142437591777,0.487288737395256,0.495387056165825,0.493368804037401,0.353445451567107
mucor_circinelloides_f_circinelloides_1006phl,0.365883904137488,0.352034338479296,0.294176722047053,0.42063349188001,0.484543052055805,0.422021492406382,0.4825608345173,0.451400059088074,0.342756925386139
mucor_ambiguus,0.403399584879552,0.369027450755183,0.327639673981962,0.432014279992682,0.492179347447998,0.449289355237189,0.494926741438753,0.427240996102615,0.360574904204504
parasitella_parasitica,0.374070729615684,0.370655975781873,0.36983343726233,0.385421552083105,0.461348807359076,0.491500443400822,0.456448804372188,0.469501316678386,0.390767825861189
rhizopus_delemar_ra_99_880,0.258163862397471,0.335010449725211,0.266629502284113,0.325181650580197,0.341207182590026,0.319301907578129,0.390050293684536,0.449299282408035,0.296009565087431
choanephora_cucurbitarum,0.280824606045541,0.274896412647898,0.307516926304474,0.392292153944291,0.340741824473465,0.290922414582761,0.470828383095645,0.481262620966787,0.300134244385115
lichtheimia_ramosa,0.299339694184169,0.269795589892162,0.250476144688814,0.388748627318165,0.34503528196217,0.370684277616555,0.398591387998168,0.391456346516275,0.268690583069941
lichtheimia_corymbifera_jmrc_fsu_9682,0.372777673285506,0.329122069207214,0.271360118465536,0.424642632211768,0.403696819041753,0.492052257158967,0.472571802634809,0.399109752319897,0.307015103053599
phycomyces_blakesleeanus_nrrl_1555_,0.391343850186919,0.445944140900793,0.433608600939278,0.399925634331073,0.455028393478659,0.434797785867451,0.461782997834459,0.479385284073269,0.39038747285404
absidia_glauca,0.170542331554933,0.414899658744239,0.308994299492461,0.485426409354661,0.467436088957425,0.477886265855235,0.381437806350785,0.441448353239442,0.443757247777348
mortierella_verticillata_nrrl_6337,0.346866368225545,0.40777608042182,0.38930727578266,0.42757561436673,0.3387177686365,0.378762067007382,0.273571942681411,0.277126179695598,0.422231239380183
mortierella_elongata_ag_77,0.315982497728461,0.435792879905109,0.387054737721579,0.427353257051494,0.354704698274016,0.421371539261079,0.268707960158598,0.232263945988983,0.462994712192982
rhizophagus_irregularis_daom_181602,0.18013133648143,0.19414555202787,0.176680838389175,0.221264115885302,0.181305560962949,0.219945977884696,0.176341216853805,0.225982195464959,0.171506919349779
batrachochytrium_dendrobatidis_jam81,0.35896010340043,0.310384941786732,0.379481158447948,0.242185719773173,0.37918179660093,0.435314138853193,0.375573578963409,0.375704125942756,0.303475179551698
spizellomyces_punctatus_daom_br117,0.468456992240455,0.445065584535857,0.443445719436483,0.443562798928916,0.483681039538728,0.478444236176195,0.479359849642788,0.475347013259304,0.437817935526638
gonapodya_prolifera_jel478,0.434556299334818,0.344472235366577,0.480678056841054,0.395038451997023,0.307438859212589,0.365810059061593,0.365727498876725,0.394320230506728,0.399690846858783
conidiobolus_coronatus_nrrl_28638,0.24838661263695,0.390541321012286,0.188026153909954,0.388309523809524,0.354734355379933,0.383784733748609,0.34472799989701,0.380258686966463,0.255122885071977
allomyces_macrogynus_atcc_38327,0.278457305104566,0.211026268394294,0.267183160443421,0.396747406321602,0.159684710332569,0.202396549580652,0.2251949476497,0.165681131202413,0.23435571170829
rozella_allomycis_csf55,0.25797480248627,0.274151168042041,0.244214529388737,0.255409631019387,0.322724748565435,0.382952373260103,0.271098877257688,0.355992194267167,0.271860235138996
