species, E,H,Q,F,Y,C,N,K,D
Acidobacteria_bacterium_mor1.ASM166450v1,0.283471695205809,0.215256848168241,0.117867994598244,0.0784038572251008,0.122099478183635,0.174029810662012,0.0956820412168793,0.117495970991136,0.255754347673732
Acidobacteria_bacterium_scgc_ag_212_p17.ASM164424v1,0.421802142407057,0.496045555204049,0.331620417951353,0.469436001350895,0.470220288278488,0.252763448784083,0.44679186228482,0.461811997526283,0.488910724312184
Acidobacterium_capsulatum_atcc_51196.ASM2256v1,0.378392217101895,0.440658163762048,0.188602227242104,0.477896052308585,0.444214999700724,0.147786458333333,0.398106991580819,0.256381632804942,0.435383552176918
Acinetobacter_baumannii_gca_000809745.ASM80974v3,0.252851159125783,0.266456783056669,0.304106782857514,0.269254658385093,0.248390393459377,0.307725807856459,0.332554545789028,0.226829303129419,0.290283566233554
Aggregatibacter_actinomycetemcomitans_rhaa1.ASM25991v1,0.182587275125034,0.43901571723206,0.306986391778497,0.41802205375603,0.32941008969674,0.480298189563365,0.427984076225282,0.141916916916917,0.345626690712354
Akkermansia_glycaniphila.ASM168379v1,0.338682432432432,0.417635605006954,0.295406312042172,0.22936452397614,0.343562348904313,0.172675521821632,0.3538310545553,0.482710672683388,0.415765884524123
Akkermansia_muciniphila.ASM168876v1,0.272230521267395,0.457042594385286,0.221513788382554,0.415874509803922,0.443830961987683,0.205944611042512,0.427771440423105,0.479775427601515,0.409808133935847
Akkermansia_muciniphila_atcc_baa_835.ASM2022v1,0.277694276313117,0.457760559860035,0.210479501900218,0.406561868110365,0.442727033890884,0.203497468936954,0.426621038748084,0.488417671557286,0.411270465795152
Akkermansia_sp_kle1798.ASM158019v1,0.308556021978772,0.485567115463076,0.209416608559949,0.373354109855863,0.395326227855394,0.21073163550714,0.373077944692028,0.438918205804749,0.318796145663872
Aminobacterium_colombiense_dsm_12261.ASM2588v1,0.331879265461198,0.335297175532837,0.383081743093136,0.318615426546743,0.344024327270641,0.493038493038493,0.433360217763887,0.358537513538831,0.352432204284056
Aminomonas_paucivorans_dsm_12260.ASM16579v1,0.221884972942972,0.169194151649099,0.0748195809060082,0.133824241167116,0.123627856757243,0.168069694596711,0.0697148599422183,0.122376466699719,0.176282211658744
Anabaena_sp_mdt14b.ASM167219v1,0.176678745328955,0.302827416791099,0.233420712194458,0.207495511669659,0.253009613441497,0.257646954517244,0.250106558440355,0.217667704125555,0.20941709773529
Anaerobaculum_hydrogeniformans_atcc_baa_1850.ASM16045v2,0.420605597316006,0.417776998597475,0.499441479458856,0.376619051143513,0.458348014295062,0.444949193066348,0.499053773367182,0.469516315891099,0.416849901631756
Anaerobaculum_mobile_dsm_13181.ASM26692v1,0.478852030647947,0.414681149264191,0.461070341865044,0.371850238461827,0.494076655052265,0.401436552274541,0.449717144326523,0.429864814585142,0.451095472805493
Aquifex_aeolicus_vf5.ASM862v1,0.347956934554086,0.169968304278922,0.358211933745759,0.437148068839718,0.185249051583978,0.489422084623323,0.302328209764919,0.481146369972726,0.376271346799754
Arthrospira_maxima_cs_328.ASM17355v1,0.291484547247902,0.370249496736412,0.362341030885428,0.25235796272021,0.267505416095244,0.314560968896229,0.334161525756314,0.268978949113211,0.294063554883017
Bacillus_pumilus_gca_000828345.ASM82834v1,0.305828078248119,0.281091143409465,0.378072180942272,0.307382603059882,0.296278095336627,0.394762724366855,0.377681900250897,0.308251205832178,0.292509357009785
Bacteroides_cellulosilyticus_cl02t12c19.Bact_cell_CL02T12C19_V1,0.304775280898876,0.335970613167561,0.472544450951319,0.485095085562578,0.308884963691928,0.4543669250646,0.38641439361622,0.41287095346025,0.370321430526127
Bacteroides_fragilis_hmw_615.Bact_frag_HMW_615_V1,0.331349494362994,0.353192934782609,0.454255222110736,0.481423914389073,0.311761062943362,0.439258020374031,0.418523598022069,0.376240558370781,0.399341469941477
Bacteroides_fragilis_str_1007_1_f_7.ASM59914v2,0.328756466971583,0.351221155465723,0.460603776294063,0.471218330849478,0.311217341135746,0.430644919946132,0.411386156715054,0.363870123406726,0.389332099615215
Bacteroides_fragilis_str_2_f_2_5.ASM59828v1,0.330018814589942,0.355017034132545,0.461245322711362,0.48120591112713,0.315171523275782,0.432869481765835,0.419515374133539,0.370893030270387,0.402281168274619
Bacteroides_oleiciplenus_yit_12058.Bact_olei_YIT_12058_V1,0.305641580942068,0.353302029687973,0.4759056298259,0.46187812167151,0.311271350306155,0.485862043306794,0.403061723999822,0.412290998625744,0.401337481611741
Bacteroides_sp_1_1_14.ASM16251v1,0.289295860833078,0.344983341875961,0.418468692908155,0.485443614034638,0.311438150608386,0.45444120598213,0.407070976934723,0.393694513013728,0.420482290725098
Bacteroides_xylanisolvens_sd_cc_2a_gca_000577955.SD_CC_2a,0.273483230340285,0.320041660467192,0.495994545764445,0.490435914118412,0.286437967621071,0.418017138036674,0.384801652303967,0.353318070526885,0.38202499074056
Blastopirellula_marina_dsm_3645.ASM15310v1,0.391725330369273,0.469025459201261,0.47923632833567,0.491236765657484,0.458178788900569,0.264871401330171,0.386245000883378,0.496413238045248,0.45286185039952
Bordetella_pertussis_gca_001333755.5633_3_2,0.423395960350048,0.338631682636339,0.147854570914183,0.118707040683634,0.283765463480766,0.10397221619275,0.215987605209162,0.14334687185602,0.252982783413004
Borrelia_burgdorferi_jd1.ASM16665v1,0.249850269514873,0.271375464684015,0.163325093838689,0.11097899326199,0.227029914529915,0.331087584215592,0.19706551197782,0.204472912821626,0.201577874301924
Borrelia_miyamotoi.ASM80729v1,0.28750351024993,0.164709095875444,0.223624034064028,0.122543208335933,0.157223427331887,0.232386961093586,0.167229639161439,0.278920807453416,0.142240788933023
Borreliella_spielmanii_a14s.ASM18189v2,0.256796718496614,0.219861922464153,0.155691113267711,0.0936027641084703,0.191091954022989,0.308393285371703,0.177482097073645,0.202497268612455,0.179346811819596
Brachyspira_hyodysenteriae.ASM101311v1,0.179752970080436,0.0680314126886085,0.412762109308766,0.248917277588251,0.131467522799181,0.407382640096295,0.114308747699375,0.135190020307514,0.132188775117407
Brachyspira_hyodysenteriae_atcc_27164.ASM167678v2,0.179918159735242,0.0676129032258065,0.414657131770054,0.246162177434545,0.129909502262443,0.405193788333551,0.112226330926806,0.135978105110959,0.129190256257449
Brachyspira_hyodysenteriae_gca_001013155.ASM101315v1,0.179919610023091,0.0672820876974969,0.416361629190634,0.247884920151164,0.131153701615934,0.406157169862274,0.11252146185921,0.136671032583999,0.129810866441415
Burkholderia_pseudomallei_gca_001320645.7910_5_5,0.347425913908717,0.339526804169049,0.190926919399018,0.11436462490601,0.323698805460751,0.0703186312980694,0.201152832001308,0.140314035256719,0.29412826972217
Caldimicrobium_thiodismutans.ASM154827v1,0.414810915863633,0.276671653815169,0.491804407713499,0.14570665637165,0.169871794871795,0.302917111348275,0.203848662752772,0.359273936880146,0.196547613791886
Caldisericum_exile_azm16c01.ASM28433v1,0.267435429456335,0.397169266320046,0.306938455507644,0.236099068873224,0.339689152379426,0.387876664330764,0.327712035624459,0.313728859323989,0.268076858250463
Calditerrivibrio_nitroreducens_dsm_19672.ASM18340v1,0.368299348328779,0.266542495833742,0.387596899224806,0.205240999622173,0.31168698494858,0.317770143660212,0.264844740604851,0.289226168464717,0.172847172201386
Candidatus_hepatoplasma_crinochetorum_av.ASM58253v1,0.0855461677730839,0.0919282511210763,0.0574938574938575,0.0684416857236197,0.0633677836934962,0.153846153846154,0.0537517645781301,0.0792182865119525,0.0350997346117627
Candidatus_koribacter_versatilis_ellin345.ASM1400v1,0.495476527974652,0.3487001088775,0.297166727785838,0.253369391084525,0.355948744059742,0.227701232777375,0.314243907361623,0.319491029122078,0.411342214971905
Candidatus_magnetobacterium_bavaricum.ASM96323v1,0.431953702510514,0.447226635352628,0.390477639184667,0.311701816527475,0.482934142820124,0.475517364112473,0.414705793739267,0.411490699668639,0.472531707261785
Candidatus_magnetoovum_chiemensis.ASM96072v1,0.337763466042155,0.441452967680926,0.420146376527478,0.365928343130462,0.440095994092671,0.391799176688998,0.497528768860623,0.252563234814871,0.489107662959241
Candidatus_mycoplasma_haemobos.ASM164576v1,0.237173738613301,0.229609690444145,0.147708769481275,0.223985328123754,0.295511850731215,0.238727524204703,0.162929321600908,0.285232996430835,0.167075374290139
Candidatus_nitrospira_inopinata.NiCh1,0.490342709187694,0.476039743251561,0.427660065816061,0.41508904781938,0.489448548920364,0.350739688449104,0.382356490607024,0.434690328849793,0.43366974941479
Candidatus_nitrospira_nitrificans._COMA2_,0.48643371709419,0.42682402724057,0.413820986502457,0.421290205507417,0.4276337167739,0.419285768907242,0.482490039243881,0.409937766644487,0.470960729644157
Candidatus_nitrospira_nitrosa._COMA1_,0.497848938941441,0.414481658692185,0.408229732747711,0.489307876927069,0.413697154653981,0.493411200958371,0.483651263877737,0.405967745028477,0.430733375707497
Candidatus_phytoplasma_mali.ASM2620v1,0.0534918276374443,0.127280097284151,0.0402528276779774,0.0622033227848101,0.0711923137501969,0.110766847405112,0.10443864229765,0.0526808838926544,0.0842308754487711
Candidatus_solibacter_usitatus_ellin6076.ASM1490v1,0.454232116983998,0.299545007583207,0.22467615006449,0.22316634607343,0.335884589847287,0.167055080827137,0.353355339922013,0.300553763181971,0.453887072569407
Candidatus_synechococcus_spongiarum_sp3.ASM100766v1,0.352541371158392,0.431215142808856,0.295023490516791,0.475813480534573,0.408874613371401,0.351364365971108,0.314463144631446,0.321768228249384,0.430756272719213
Candidatus_xiphinematobacter_sp_idaho_grape.ASM131829v1,0.460370009737098,0.43030680579349,0.496176809468943,0.332753570120835,0.435564284635141,0.464107676969093,0.444228022334762,0.490720571577938,0.386532951289398
Capnocytophaga_cynodegmi.Ccyn49044.1,0.22819957392721,0.44117427911482,0.251754780263476,0.278888967418192,0.327824274103393,0.280409946236559,0.289240519523839,0.195671074909623,0.269973996838831
Caulobacteraceae_bacterium_otsz_a_272.ASM167966v1,0.481047385346969,0.352130028905843,0.465681436231227,0.293564098926562,0.465052777438155,0.175287677354486,0.363642152180834,0.313751504118972,0.497755286577724
Cellulophaga_geojensis_kl_a.KLA,0.258901069338893,0.408277760135493,0.206937896830804,0.0648712737127372,0.371517717851571,0.270378671699894,0.364541553662605,0.167042023086945,0.245630675457146
Cephaloticoccus_capnophilus.ASM158004v1,0.408143408909986,0.213903743315508,0.453646541801821,0.480793348506665,0.2774619218081,0.210597826086957,0.267723582433037,0.481143614310468,0.329959000036283
Cephaloticoccus_primus.ASM158001v1,0.322784459347115,0.174696992368697,0.314636201891563,0.437308593046298,0.193869373580874,0.150947005930744,0.241727249937328,0.408829845677471,0.349579180899391
Chlamydia_gallinacea_08_1274_3.ASM47102v2,0.272891838889727,0.267138912234362,0.286276223776224,0.246276067527309,0.25199709513435,0.314199395770393,0.24735796583234,0.28144750254842,0.199110919911092
Chlamydia_muridarum_gca_000700845.cmvar001,0.347496349333459,0.278737586722895,0.331385581769045,0.32496548261579,0.296351824087956,0.366380133715377,0.29746252407671,0.286269894068881,0.219890325638075
Chlamydia_muridarum_gca_000772145.ASM77214v1,0.348019919373963,0.279164961113385,0.333898930284028,0.325465996564667,0.296766394681173,0.366570048309179,0.296242897124926,0.287078855837616,0.219562103540004
Chlamydia_pneumoniae_b21.CpneumoniaeB21_v1,0.35443313321152,0.319882969645252,0.347028034702803,0.346620132255694,0.302269692923898,0.356943669827105,0.336822940373236,0.337046437300244,0.265034830958011
Chlamydia_psittaci_01dc11_gca_000415525.ASM41552v1,0.29526678141136,0.306449778182232,0.290765245396625,0.329010963102676,0.310802956074068,0.319424964936886,0.328665733146629,0.289772727272727,0.230302673418914
Chlamydia_psittaci_6bc_gca_000204255.ASM20425v1,0.298913766348925,0.304817179338363,0.293263354662449,0.334149926506614,0.316743629211562,0.316230179939426,0.330796089385475,0.295492028587136,0.230087958750379
Chlamydia_psittaci_cp3.ASM29853v2,0.298123635067077,0.306500465983225,0.295798076227671,0.335356880058867,0.316841022123135,0.318222380867393,0.332960268606603,0.295078940079402,0.232487371432049
Chlamydia_psittaci_nj1_gca_001401475.ASM140147v1,0.298419237830818,0.302916274694262,0.293890628413311,0.332178432221741,0.317226341037942,0.319899244332494,0.327029324266893,0.295745961209091,0.23052748336209
Chlamydia_psittaci_str_frances.ASM140148v1,0.298692297028788,0.30550169655841,0.296046720575022,0.332677789760832,0.316582914572864,0.315341959334566,0.332820963255746,0.297163995067817,0.23112041088073
Chlamydia_trachomatis.ASM59057v1,0.359797132546572,0.293959920970929,0.351391035548686,0.362607544672402,0.321703383577527,0.374074814962993,0.310235927921234,0.303924297244642,0.231648917161032
Chlamydia_trachomatis_a_5291.ASM31854v1,0.358134155744025,0.291326601189653,0.350550702620585,0.364635430376415,0.324556857054006,0.370080281965929,0.308460421205519,0.303457035564391,0.232092696629214
Chlamydia_trachomatis_b_tz1a828_ot.ASM2690v1,0.359083774769472,0.291807432432432,0.349643300248139,0.365670137722539,0.323656708540061,0.369670152855994,0.307077837637005,0.304203102961918,0.231805157593123
Chlamydia_trachomatis_d_lc.ASM9300v1,0.36022732792539,0.291283764967975,0.351667686658507,0.361683961644555,0.324788996561425,0.37259521005104,0.307629501950467,0.303503025592628,0.232461103253182
Chlamydia_trachomatis_e_sotone4.ASM31866v1,0.358854667949952,0.293211162015827,0.351361630914347,0.363881756534334,0.323737268759094,0.372794982359859,0.309564901444273,0.302744188614654,0.231455465018264
Chlamydia_trachomatis_gca_000971725.ASM97172v1,0.356955508062949,0.29077418451631,0.350145415582428,0.363894576920536,0.323425114726742,0.373689416419387,0.306975894813733,0.302822736563001,0.231880977683316
Chlamydia_trachomatis_gca_001398095.7794_5_15,0.266261907929482,0.349733423443719,0.307903896243594,0.295916274618258,0.286894760959218,0.38793912227666,0.304971856867098,0.307939855066762,0.304219372233442
Chlamydia_trachomatis_gca_001398135.7501_6_52,0.359268503407891,0.292733564013841,0.351191379572014,0.364023870417732,0.323154952903426,0.372579698806963,0.308408679927667,0.303189141469874,0.231405538030144
Chlamydia_trachomatis_gca_001398155.7501_6_49,0.359512265373722,0.292939063147713,0.351070289965083,0.363976869496649,0.323474663908997,0.372725494032479,0.308824857736429,0.303701255783212,0.231011992425836
Chlamydia_trachomatis_iu824.ASM34884v1,0.358792791912878,0.293382042995644,0.350282049300672,0.364067615420592,0.323629049333051,0.372274454890978,0.308871042185913,0.302937062937063,0.231142857142857
Chlamydia_trachomatis_l1_224.ASM31886v1,0.357527011967634,0.290980173135996,0.350798136408768,0.363696676175944,0.32286668057584,0.373078439101301,0.305915647252145,0.3031291463954,0.231948565776459
Chlamydia_trachomatis_l2b_uch_1_proctitis.ASM6852v2,0.358063563908295,0.290089323692046,0.349564405724953,0.363923625117655,0.321780604133545,0.373,0.304695490469549,0.303961287418411,0.230509691313711
Chlamydia_trachomatis_rc_j_971.ASM44179v1,0.359349831600527,0.292820008430518,0.351391035548686,0.36289466702043,0.321394811469383,0.372386587771203,0.306708673091179,0.304318677021063,0.230379204456188
Chlamydia_trachomatis_rc_l2_55.ASM44181v1,0.358839307485979,0.291508771929825,0.351215746815901,0.363955490793483,0.321529596647459,0.372754195459033,0.304887078859682,0.303645078586557,0.230205069780689
Chlamydia_trachomatis_sweden2.ASM21049v1,0.359729172799529,0.292514124293785,0.350337759142791,0.365257773589985,0.322738386308069,0.37239165329053,0.309224611374849,0.303975190301663,0.230328221298552
Chloracidobacterium_thermophilum_b.ASM22629v1,0.389351760845569,0.306995382873073,0.188041023710952,0.484927028604787,0.356527223039731,0.368302363341151,0.271799033032424,0.420117018895674,0.381127066934577
Chlorobaculum_limnaeum.ASM174740v1,0.424564544403417,0.359303617730584,0.180274463493098,0.27697175950803,0.351551355206847,0.16442521342533,0.294621950298361,0.418337526365277,0.406985134940107
Chlorobaculum_parvum_ncib_8327.ASM2050v1,0.449671484888305,0.352877385772123,0.169929157345265,0.306681576740285,0.341039852203748,0.185362420830401,0.288752196836555,0.438895382817066,0.429415222685665
Chlorobium_chlorochromatii_cad3.ASM1258v1,0.399201891812001,0.403885603958007,0.289323214471359,0.156877323420074,0.399965623925748,0.392622950819672,0.419691887559738,0.303206997084548,0.205506189326622
Chlorobium_ferrooxidans_dsm_13031.ASM16871v1,0.462437046789125,0.404223326359833,0.164119601328904,0.418766876687669,0.454385802754414,0.3866930171278,0.46452265827055,0.425626515763945,0.377088702302768
Chlorobium_limicola.ASM150957v1,0.3998514746446,0.3941774097157,0.158561880617654,0.473466465112579,0.457327080890973,0.349247036206344,0.422923918448533,0.365024663828637,0.412340842311459
Chlorobium_limicola_dsm_245.ASM2046v1,0.406839733800879,0.405394091615835,0.166734214152549,0.46391219400069,0.473297565002064,0.34492397137746,0.415775586724066,0.379420333534258,0.433035714285714
Chlorobium_luteolum_dsm_273.ASM1248v1,0.457183614375745,0.462853297442799,0.0916971681756887,0.257905686546463,0.362576432790963,0.190421565815888,0.258790436005626,0.419142353371702,0.389580451821116
Chlorobium_phaeobacteroides_bs1.ASM2054v1,0.417198534687866,0.387001477104874,0.21953034562593,0.477218154329588,0.44043321299639,0.45217803030303,0.427229378691908,0.405267058878028,0.42990990990991
Chlorobium_phaeobacteroides_dsm_266.ASM1512v1,0.428424003715106,0.362381682618582,0.259598618756197,0.392737071731041,0.388392693056934,0.405271009448036,0.486384695860111,0.352811603840239,0.369206180074587
Chlorobium_phaeovibrioides_dsm_265.ASM1608v1,0.494534249590374,0.445462583393618,0.127890253346609,0.442884897506047,0.494196590496917,0.282778054036135,0.386536704233932,0.445258620689655,0.489712995807804
Chlorobium_sp_gbchlb.ASM72417v1,0.386218200597256,0.453361549731402,0.326386760649709,0.444500674763833,0.491355099175004,0.312961961420588,0.413202521830012,0.279018381834422,0.398906405703043
Chlorobium_tepidum_tls.ASM698v1,0.436993837508559,0.341775923718713,0.171054626307545,0.311273887660007,0.337072318358604,0.190921595598349,0.280270407927027,0.430203959208158,0.405352440443383
Chloroflexus_aggregans_dsm_9485.ASM2194v1,0.4837537702221,0.472091988638308,0.479109456495697,0.432154998111405,0.48758865248227,0.496183883564075,0.484722746133534,0.448686789494316,0.322112103498412
Chloroflexus_aurantiacus_j_10_fl.ASM1886v1,0.469648099632697,0.466760393653344,0.330153281846785,0.468802945052187,0.453699334067432,0.443497913769124,0.471317022384175,0.456456696054574,0.326861650418021
Chloroflexus_sp_isl_2.ASM165069v1,0.482571691151987,0.432836346974023,0.447045219615607,0.481152564240404,0.442046471274029,0.253690386071158,0.460137768996636,0.369395830783666,0.344198155952878
Chloroflexus_sp_y_400_fl.ASM2218v1,0.471618689047507,0.465485526188402,0.329188937950267,0.470207496513975,0.454667944964113,0.46297039236139,0.47131094649356,0.455907281113257,0.327971489115777
Chloroherpeton_thalassium_atcc_35110.ASM2052v1,0.298199643756164,0.401318179459235,0.339509967506806,0.294969382548052,0.371491068173533,0.316178194607268,0.426620659276118,0.267767189655726,0.377793042143117
Chryseobacterium_sp_mof25p.ASM167793v1,0.180570930193553,0.324789488294624,0.453608030913978,0.280788177339901,0.295542289268607,0.306700507614213,0.28519027460715,0.15830156160234,0.245050740309433
Chthoniobacter_flavus_ellin428.ASM17307v1,0.484288171221097,0.376625038854656,0.31979719942057,0.28821463961053,0.405168468119565,0.199332888592395,0.444988590036153,0.339903841028539,0.475184908169201
Chthonomonas_calidirosea.WRG1.2,0.360596976016684,0.427111476565253,0.427886216774365,0.452297855335021,0.467670922699541,0.420806396733583,0.349440565836407,0.479724537447538,0.425057004790494
Chthonomonas_calidirosea_gca_001457975.P488,0.359577176557792,0.430001948178453,0.425898137523171,0.455472827958984,0.469284774023695,0.421052631578947,0.348118523904745,0.481620669406929,0.427468559332586
Chthonomonas_calidirosea_gca_001458035.TKA4.10,0.360665696791418,0.429246379056618,0.425873465533522,0.455572486994903,0.469078252222015,0.419000914304713,0.350541265868588,0.483070042978279,0.426986908566127
Chthonomonas_calidirosea_t49.T49,0.360546419785058,0.428386387722259,0.426021146355036,0.455079630959028,0.469809421976225,0.419991564740616,0.350024425989253,0.482512743451486,0.42715162650854
Cloacibacillus_evryensis_dsm_19522.ASM58533v1,0.420678314491264,0.39513998943476,0.134699680132686,0.370482332392852,0.44806837010552,0.189449296025664,0.297951737291649,0.443766390962276,0.301935345520828
Cloacibacillus_porcorum.ASM170104v1,0.384796616423969,0.420665310518128,0.124207858048162,0.421569091081056,0.478390596745027,0.254061371841155,0.338193817689531,0.445594671072289,0.341071907443589
Clostridioides_difficile_t23.T23,0.204924523934258,0.161158683435911,0.177967086156825,0.128671762032638,0.174810706110231,0.146313280855059,0.159794471102807,0.240958871730224,0.169750974620097
Coraliomargarita_akajimensis_dsm_45221.ASM2590v1,0.472431953139694,0.445958333333333,0.414749491672569,0.437073318740383,0.481647961520843,0.464276925600853,0.495469481230708,0.345179608243476,0.45706011885011
Cyanobacterium_sp_ippas_b_1200.ASM174700v1,0.267334372940212,0.294889162561576,0.221963605586119,0.176608711711474,0.223258623003624,0.215642458100559,0.290604677464959,0.22342417686308,0.224945366909707
Cylindrospermum_stagnale_pcc_7417.ASM31753v1,0.266166549902784,0.394045101216799,0.32474961652982,0.253140483459286,0.363542523507685,0.390764299308825,0.35213570852321,0.290297156868469,0.289792829825961
Deferribacter_desulfuricans_ssm1.ASM1098v1,0.278326522384504,0.218304381643765,0.337272887634503,0.11440960640427,0.179459428669078,0.232286052320231,0.221262929596263,0.200522179712543,0.126083758664497
Defluviitoga_tunisiensis.DTL3,0.183182150380465,0.212121212121212,0.188320620232587,0.168342764753436,0.222821983995168,0.22340930674264,0.265781669255755,0.21027829815176,0.200937750632365
Deinococcus_actinosclerus.ASM150766v1,0.266573712991002,0.0843658982080269,0.0355493595887427,0.0381465517241379,0.0391771810103589,0.0686214620240277,0.0638555902793974,0.186707035755479,0.0998432727857258
Deinococcus_deserti_vcd115.ASM2068v1,0.444521440710126,0.333637228476296,0.0927867810613282,0.373210364514712,0.261537240585691,0.275551553354345,0.264376939173101,0.315066464250009,0.259000419685054
Deinococcus_geothermalis_dsm_11300.ASM19627v1,0.330441626272202,0.241387525611093,0.15971436270547,0.375127454527514,0.232004601159138,0.232597913459894,0.230997876857749,0.215511814328283,0.219093774794673
Deinococcus_gobiensis_i_0.ASM25244v1,0.272653804898835,0.189925649110514,0.0849083856058105,0.140662763843386,0.160492134754447,0.177173913043478,0.148364198615455,0.162954036839387,0.130056202010607
Deinococcus_maricopensis_dsm_21211.ASM18638v1,0.402466897856242,0.0923987255348202,0.0938571787078605,0.0524164387007515,0.0449906099452927,0.0649926144756278,0.0640205834499981,0.31539390685814,0.077088930337617
Deinococcus_peraridilitoris_dsm_19664.ASM31783v1,0.470582063321355,0.21486099410278,0.18281160620944,0.317867992267329,0.168294270833333,0.219427058257102,0.206811714488973,0.353206352997373,0.232063603563332
Deinococcus_phoenicis.Deiph1P10ME_08-2013_v01,0.322841667217121,0.176706827309237,0.0957694787482022,0.207869922630561,0.180527217824206,0.1468788249694,0.15453881723047,0.174896953042916,0.1218746517071
Deinococcus_proteolyticus_mrp.ASM19055v1,0.444394948868919,0.221909789969012,0.12127819744049,0.316809048249308,0.206465648082566,0.184001587931719,0.193533415841584,0.306160214268322,0.146379609491459
Deinococcus_puniceus.ASM164456v1,0.384792198746227,0.305789123465005,0.322101290561714,0.445883877046284,0.260569779250628,0.211547452080411,0.276913875598086,0.460478313741386,0.299135964273579
Deinococcus_radiodurans_r1.ASM856v1,0.439955454943771,0.167291073480194,0.176470588235294,0.342302733793924,0.169461566352429,0.180734087037324,0.15697069533553,0.29374426430101,0.112129424664336
Deinococcus_sp_leaf326.Leaf326,0.285008402878525,0.185284175772345,0.0905935368626177,0.173566496947725,0.158711546420196,0.179806362378976,0.156036407350163,0.164591599398002,0.138592209932495
Deinococcus_sp_rl.ASM70818v1,0.293257124585315,0.155035073118535,0.177370257628629,0.425126489309613,0.171666488737056,0.118075117370892,0.15714113098115,0.18572349528219,0.0965345900673616
Deinococcus_sp_ur1.ASM141398v1,0.370903215879366,0.12887051372273,0.0817694369973191,0.0674927663857089,0.0511587982832618,0.125452016689847,0.0900323965945905,0.275642500958957,0.136523102187057
Deinococcus_swuensis.ASM80039v1,0.325570684821786,0.193416944488543,0.0951513703946976,0.242216621108311,0.12853543756239,0.153391167192429,0.15901375737002,0.223243378728382,0.205530455153949
Denitrovibrio_acetiphilus_dsm_12809.ASM2572v1,0.384024212931367,0.480798255911454,0.219219915729251,0.38273971381447,0.38215593220339,0.475979179110846,0.49507735583685,0.319541838643797,0.464787522759284
Desulfurispirillum_indicum_s5.ASM17763v2,0.489421496367782,0.374623160134776,0.128474513634084,0.481979195951645,0.421766561514196,0.311965391800216,0.41831700865089,0.429033886727451,0.496970382093602
Desulfurobacterium_thermolithotrophum_dsm_11699.ASM19104v1,0.228427380259841,0.408897704732219,0.384670050761421,0.194038929440389,0.407332563510393,0.25016146393972,0.403632224349356,0.321552507642733,0.273916674399183
Dethiosulfovibrio_peptidovorans_dsm_11002.ASM17297v1,0.298415461039196,0.409380982769623,0.160945669470334,0.308322740349234,0.363463507386281,0.437014486668066,0.229096273735307,0.376057670185843,0.40154638118091
Dictyoglomus_thermophilum_h_6_12.ASM2096v1,0.368256466125973,0.201212856276531,0.311225272197516,0.18766859344894,0.209399301250986,0.205351017608049,0.224764004685454,0.335613813192289,0.169432548179872
Dictyoglomus_turgidum_dsm_6724.ASM2164v1,0.359652854590317,0.194236384410308,0.295868431608504,0.172794371249224,0.19182060175849,0.200455005055612,0.216279241930708,0.331097884137144,0.175410131602668
Dysgonomonas_gadei_atcc_baa_286.Dysg_gade_ATCC_V1,0.27099831373135,0.290459107581926,0.465505254978939,0.444629083406035,0.280538913734425,0.428272251308901,0.335167802199065,0.312812658594939,0.331825826098814
Elusimicrobium_minutum_pei191.ASM2014v1,0.224830316742081,0.423377322919472,0.460042134831461,0.180301047120419,0.376154635648307,0.383489361702128,0.489315023970098,0.155794197788107,0.470149253731343
Enterobacter_hormaechei_subsp_steigerwaltii_gca_000958345.ASM95834v1,0.444542823088711,0.444965970429477,0.182929389885416,0.472641814682992,0.457068311195446,0.342622745490982,0.318892057881752,0.345545530366214,0.479508905412416
Enterococcus_faecalis_engen0418.Ente_faec_B338_V1,0.162195517023279,0.256868759381322,0.164724048615262,0.235633464557181,0.250926300713018,0.237223631750634,0.296031213499341,0.160633747732455,0.248610684134604
Escherichia_coli_dec13d.ASM25037v2,0.315603509603984,0.425024795437639,0.330871032455717,0.428276999175598,0.431336116406457,0.44850136239782,0.45238849579329,0.23824353783868,0.373248288403937
Escherichia_coli_gca_001672015.ASM167201v1,0.322730986547601,0.429607912816868,0.339119830169078,0.426105698767135,0.433523322089101,0.447738809413936,0.453683924999152,0.251955715158469,0.375574099230222
Escherichia_coli_o145_nm_str_2010c_3516.Ec2010C-3516,0.32,0.422926066825916,0.338951394138836,0.423092070341261,0.43071178314586,0.4478012564249,0.461134022312407,0.242624915943046,0.372314764532791
Fermentimonas_caenicola.E5B,0.394591769644453,0.294009153630712,0.416302986603924,0.342061789580097,0.268558525910852,0.38000867929987,0.329956349609177,0.315987634065042,0.23771383977163
Fervidobacterium_islandicum.ASM76727v3,0.300873317579369,0.471374241957036,0.402800023729015,0.475926384929979,0.374444070710468,0.440274599542334,0.458739255014327,0.413536871012035,0.373260107944323
Fervidobacterium_nodosum_rt17_b1.ASM1754v1,0.22077411749296,0.400760185295166,0.220481175899605,0.331986353549071,0.496275568517716,0.343725843854677,0.361554685146128,0.266990195107458,0.248804481486542
Fervidobacterium_pennivorans.ASM164466v1,0.272989762883892,0.458060288335518,0.329380334918877,0.424717546691261,0.454897576168989,0.367893814174806,0.48762207585737,0.348785356323792,0.362436688143886
Fervidobacterium_pennivorans_dsm_9078.ASM23540v3,0.270653122768034,0.45893234140947,0.317789598108747,0.419152416356877,0.45864688726461,0.354373309287647,0.494025797691785,0.343335886633474,0.35222229167969
Fervidobacterium_thailandensis.ASM171906v1,0.418218029350105,0.325028666736162,0.479824158519782,0.423935617860851,0.234234992217408,0.485448195576251,0.301429407339296,0.493899451767176,0.433306139098511
Fibrobacter_succinogenes_subsp_succinogenes_s85.ASM2466v1,0.150720374042894,0.476396099170346,0.354206970445549,0.477861943881361,0.428700528315877,0.26746494602308,0.437253130701242,0.367948496583705,0.489232095395446
Fibrobacter_succinogenes_subsp_succinogenes_s85_gca_000146505.ASM14650v1,0.151550922304552,0.477510814614062,0.351326002587322,0.478415138971023,0.429663991975928,0.267087765957447,0.435004149697941,0.363762898325727,0.490241780098204
Fimbriimonas_ginsengisoli_gsoil_348.ASM72462v1,0.365092795059721,0.281046994327724,0.357436683336022,0.245072777844138,0.266788531845295,0.172168382798304,0.241368204071116,0.267615073979122,0.318114358500929
Fischerella_sp_jsc_11.ASM23136v1,0.22320988220721,0.395619082977539,0.281204027068862,0.226156134095429,0.388333410127632,0.321689403334711,0.344294893917731,0.257149479906122,0.265098950162906
Flavobacterium_akiainvivens.ASM127811v1,0.336266848746934,0.38784907269239,0.374400171379606,0.204596151685844,0.434263669787912,0.410144338280138,0.373396381578947,0.342283105022831,0.424480958935536
Flavobacterium_suncheonense_gh29_5_dsm_17707.ASM76983v1,0.179466809540525,0.478096011916853,0.446325088339223,0.387130507529281,0.452978250123579,0.378218455141532,0.483741638707772,0.155416086269231,0.416761606379949
Flexistipes_sinusarabici_dsm_4947.ASM21862v1,0.311248251145141,0.344858738501971,0.322190065560215,0.253807106598985,0.316210007657223,0.465962152863111,0.340754483611627,0.26704941952674,0.286990329486454
Fretibacterium_fastidiosum.ASM21071v1,0.172214685728199,0.201958041958042,0.108533767011898,0.26893601853502,0.216561077897742,0.188831615120275,0.147642276422764,0.183634419494625,0.190451635082291
Fusobacterium_hwasookii_chdc_f128.ASM29293v1,0.117660180514088,0.149916247906198,0.0760392460624839,0.142824013682349,0.112895547021297,0.108032725920416,0.119076576078544,0.164763752251628,0.108347321837326
Fusobacterium_hwasookii_chdc_f174.ASM145514v1,0.117576562424085,0.151477130147143,0.0768670751683553,0.14076278659612,0.115506140455467,0.105665068371515,0.117559369759208,0.162808309504224,0.109172954220141
Fusobacterium_hwasookii_chdc_f300.ASM145510v1,0.118441294883965,0.149306749169245,0.0803533611665759,0.143659845689366,0.119450606217144,0.110938310005184,0.120185936941295,0.165773429372803,0.109495794233481
Fusobacterium_mortiferum_atcc_9817.Fuso_mor_ATCC9817_V2,0.381704291359084,0.212928153717627,0.140011648223646,0.155233093291461,0.128202820282028,0.106336389763241,0.151999104043006,0.189665686447224,0.115330626159322
Fusobacterium_necrophorum_dab.FnecDABv1.0,0.207531157961296,0.169541646131099,0.257273372361185,0.205107741420591,0.161451066374327,0.212520349267426,0.181434842883549,0.229161719306578,0.209135972893267
Fusobacterium_necrophorum_subsp_funduliforme.ASM159648v1,0.198106580135818,0.182260228034876,0.243805270992032,0.221777751632449,0.175371964179937,0.227546714888487,0.211077245158708,0.219903639559867,0.226656458353271
Fusobacterium_necrophorum_subsp_funduliforme_1_1_36s.Fuso_necr_1_1_36S_V1,0.204885640344128,0.184424475823706,0.251033614955959,0.231502565503841,0.178645646721605,0.235056784219964,0.21027222326045,0.238128986534373,0.224364448531827
Fusobacterium_nucleatum.ASM154643v1,0.120594150231098,0.138790901350201,0.0981317473656991,0.115433599629501,0.102606283465583,0.115384615384615,0.103358160198615,0.159610666015969,0.101571443438443
Fusobacterium_nucleatum_cti_2.Fuso_nucl_CTI-2_V1,0.114146158181477,0.142168062960142,0.0899706023107951,0.125722631290695,0.110403684638309,0.101202016285382,0.110125002942631,0.155076444065855,0.102282704126427
Fusobacterium_nucleatum_cti_5.Fuso_nucl_CTI-5_V1,0.121534574184135,0.139849074975657,0.0954497907949791,0.114605636247902,0.103956079444534,0.106483158275987,0.102578289255284,0.159583623621983,0.0956772334293948
Fusobacterium_nucleatum_subsp_animalis.ASM129608v1,0.117694790876537,0.141494814638217,0.0930068132150662,0.1134,0.102565730979296,0.103730017761989,0.102434363395513,0.15918794702347,0.0969136914721099
Fusobacterium_nucleatum_subsp_animalis_d11.Fuso_nucl_D11_V2,0.117575160537069,0.141981486114586,0.0928648502832479,0.116562584038008,0.101390728476821,0.101490284851915,0.101188987655444,0.157832994120308,0.0963949003642597
Fusobacterium_nucleatum_subsp_fusiforme_atcc_51190.ASM27997v1,0.117845038599134,0.139677065370748,0.0914965107262859,0.121578317439481,0.0998549116668089,0.101474201474201,0.102539587690469,0.162552235783583,0.0934243134059816
Fusobacterium_nucleatum_subsp_nucleatum_atcc_25586.ASM732v1,0.113083044437441,0.141823444283647,0.0885304659498208,0.129713471584613,0.112600442120776,0.107265043268263,0.110749106469887,0.156366092536305,0.104278767300665
Fusobacterium_nucleatum_subsp_polymorphum_atcc_10953.ASM15362v1,0.118630290098054,0.146513782719481,0.0850600460456723,0.133550671687932,0.110022189349112,0.104173913043478,0.114598385040374,0.163160924926694,0.106653741953123
Fusobacterium_periodonticum_2_1_31.Fuso_sp_2_1_31_V3,0.119327286844757,0.186008613665464,0.0825486503452605,0.206076134699854,0.150074474876129,0.122116440864152,0.156733177852639,0.190257290807566,0.147975115586648
Fusobacterium_periodonticum_atcc_33693.ASM16047v1,0.116913805407977,0.174463829314368,0.0812622338216976,0.179681879945648,0.138150810511918,0.118701386540413,0.145497865581257,0.176921210883138,0.128422840161325
Fusobacterium_periodonticum_d10.Fuso_PO_Taxon_201_D10_V1,0.11966402820504,0.179966044142615,0.0792666842521762,0.204048270122459,0.146503884572697,0.123408239700375,0.152949512033461,0.186549205589721,0.144148502750051
Fusobacterium_sp_cm21.FspCM21v1.0,0.13357082591169,0.142194938611877,0.130327868852459,0.121406625498129,0.104504261698615,0.120262664165103,0.106979686511563,0.172984320864408,0.0999041752224504
Fusobacterium_sp_oral_taxon_370_str_f0437.ASM23546v1,0.121275430518651,0.173164347706296,0.0900186567164179,0.175012444001991,0.139550561797753,0.114114114114114,0.139148329903435,0.183580998781973,0.136105519334195
Gemmata_sp_sh_pl17.ASM161085v1,0.449610186225445,0.0681595230908542,0.310922515928939,0.117231046477516,0.111611008302066,0.22075,0.121463975682559,0.262758578248218,0.221730826538076
Gemmatimonas_aurantiaca_t_27.ASM1030v1,0.487061529614721,0.39620021674343,0.148281619024351,0.258651538293694,0.363791032826261,0.332248550798332,0.342340285901789,0.152794644247237,0.457642232923132
Gemmatimonas_phototrophica.ASM69509v2,0.455070377746908,0.345816633266533,0.144725454370613,0.351243183751063,0.339725505146779,0.3072632328507,0.304857403307722,0.175166524338172,0.433931154629874
Gemmatirosa_kalamazoonesis.ASM52298v1,0.0512407115514524,0.105750784792466,0.0227242190124286,0.020988219146746,0.0896804444619567,0.0784044914479697,0.0469336944177514,0.0227918807042042,0.113852219102802
Gimesia_maris_dsm_8797.ASM18147v1,0.277912879073304,0.396893803870548,0.25354483893898,0.450185197507042,0.407217639593909,0.445474012069301,0.428443912006859,0.301556493202063,0.380852879485114
Gluconobacter_oxydans_621h.ASM1168v1,0.453090815494831,0.375076908514364,0.0733891752577319,0.27315195578511,0.416334033613445,0.308956725930896,0.379766012961872,0.313605880347062,0.469246561281051
Granulicella_mallensis_mp5actx8.ASM17895v2,0.378806435742026,0.441612933813768,0.218242463478481,0.346473057600991,0.448213866958493,0.236188743013129,0.360244017178324,0.245812112658772,0.448656182438735
Granulicella_tundricola_mp5actx9.ASM17897v2,0.329620901271638,0.386354829781345,0.18432762030323,0.300677716991916,0.35584066413528,0.222669950003731,0.273279238423627,0.202441302027748,0.406966063092197
Hapalosiphon_sp_mrb220.ASM127539v1,0.220864277958741,0.369328391734052,0.262223091593721,0.220172218323166,0.351785806585,0.31325237029935,0.319366310255831,0.242794207496811,0.253611974018639
Herpetosiphon_aurantiacus_dsm_785.ASM1856v1,0.364572281818539,0.357483574835748,0.294332154441003,0.303389855521613,0.272732028879355,0.414600807704256,0.386749436906004,0.328305749213032,0.17850299521975
Herpetosiphon_geysericola.ASM130613v1,0.356939267704451,0.391345640173325,0.284912124472809,0.303147627645515,0.27429815209666,0.449915383995487,0.403877419016485,0.344388903899847,0.195154986262142
Hydrogenivirga_sp_128_5_r1_1.ASM17189v1,0.430792865707434,0.333690374178806,0.268221574344023,0.468260454978886,0.367282004242389,0.493217731785764,0.403893999884279,0.476503582834599,0.435721317343834
Hydrogenobacter_thermophilus_tk_6.ASM1078v1,0.446700735162274,0.430938668283318,0.351091583138816,0.237898644042118,0.406105182602781,0.435056746532156,0.393863351203376,0.464397784956161,0.483167645729779
Hydrogenobacter_thermophilus_tk_6_gca_000164905.ASM16490v1,0.446829990577467,0.431790499390987,0.352008820894494,0.23674199193487,0.406155290903658,0.432757051865332,0.394433946057378,0.463461493946899,0.482991401418012
Hydrogenobaculum_sp_3684.ASM21378v1,0.327295110798452,0.340344869756634,0.21073607157381,0.122076781866071,0.394012356896238,0.413691931540342,0.447881724437818,0.231319198529741,0.234031111964663
Hydrogenobaculum_sp_ho.ASM34185v1,0.327189481098849,0.340235236461652,0.211164456017577,0.122206200432588,0.394081493284771,0.41327780499755,0.448105777998839,0.231267946877243,0.234148219441771
Hydrogenobaculum_sp_sho.ASM21506v1,0.327272193173139,0.340122699386503,0.211190747678775,0.122384350196424,0.394484958979034,0.413134035775545,0.448277293482773,0.231662660346416,0.233990052820295
Hydrogenobaculum_sp_sn.ASM34876v2,0.327546501328609,0.339226109531462,0.210676913015043,0.122198032575391,0.394601778022179,0.412302371541502,0.447710098943765,0.231413352593328,0.234026889844628
Hydrogenobaculum_sp_y04aas1.ASM2078v1,0.328761959988402,0.336269491727175,0.216439225642653,0.123072117449533,0.389165850618713,0.408052743112785,0.459225567541459,0.235185348243374,0.230233957722109
Ilyobacter_polytropus_dsm_2926.ASM16550v1,0.334806537691795,0.357923918065609,0.449241729181283,0.197641857037583,0.25490366005142,0.305766221259179,0.301422796006343,0.265601778572551,0.307618631186624
Isosphaera_pallida_atcc_43644.ASM18634v1,0.458325545599472,0.361008591927722,0.487150458507868,0.24293108776267,0.353576442636524,0.279805722091523,0.22322960627,0.372730897009967,0.315083860935244
Jejuia_pallidilutea.ASM76477v1,0.223633592218916,0.324186023177645,0.197214452879731,0.135974416328813,0.359106682089154,0.316411682892907,0.369816985003512,0.19401620515868,0.226532284496886
Jonquetella_anthropi_dsm_22815.ASM23780v1,0.443110595257834,0.238382099827883,0.208889440685331,0.388596952180767,0.244803888702648,0.226103438938532,0.161170528817588,0.397116877356398,0.204774714189644
Jonquetella_anthropi_e3_33_e1.ASM16199v1,0.457655960375581,0.248851630684428,0.226707010733044,0.399952290076336,0.265233517523276,0.238161035045849,0.193838924422399,0.413611536799088,0.219642177388656
Jonquetella_sp_bv3c21.JspBV3C21v1.0,0.44016694490818,0.232965931863727,0.203440914228306,0.388369298291447,0.240646258503401,0.224130879345603,0.158067892926574,0.391697877652934,0.202281884248974
Klebsiella_pneumoniae_bidmc_42b.Kleb_pneu_BIDMC_42b_V1,0.494534528917311,0.498547618376153,0.15157728037555,0.486626459729021,0.483088867709617,0.26883682599482,0.353796536231614,0.361927299020575,0.472584790922199
Kosmotoga_arenicorallina_s304.K.arenicorallinaCLCassembly,0.253550028728556,0.374216651745748,0.452623798965262,0.383654800950862,0.366935483870968,0.485241502683363,0.421427505966587,0.335912018064732,0.306591349052712
Kosmotoga_olearia_tbf_19_5_1.ASM2332v1,0.284505552617663,0.419573187928927,0.426933113583299,0.439430416911333,0.450560136922359,0.38889986174205,0.457992831541219,0.342153613031537,0.302391163856413
Kosmotoga_pacifica.ASM102702v1,0.295437642108842,0.439780833247183,0.408966648441771,0.471806012587457,0.426347995743171,0.395315141270225,0.475276083731663,0.377115651837172,0.349568371905546
Lactobacillus_brevis_gca_001010995.ASM101099v1,0.275386996904025,0.448484848484848,0.372089136490251,0.358517436552857,0.42339339212625,0.32459226095299,0.416958800458158,0.465854599570082,0.335933891084535
Legionella_pneumophila_gca_900053415.10060_4_56,0.298500407497963,0.213876537275167,0.287701713075976,0.205114591629059,0.249425866801098,0.39449239621866,0.245038213164287,0.233365418404608,0.218896031017243
Lentibacillus_amyloliquefaciens.ASM130780v2,0.253136136384404,0.289554849698476,0.485290362122683,0.317069937023533,0.270333097094259,0.436292223095051,0.348127424174986,0.272990212938932,0.300280016970725
Lentisphaera_araneosa_htcc2155.ASM17075v1,0.279062855590088,0.446724699703351,0.318028339304935,0.339756329387367,0.430138658486964,0.421135571367174,0.327468433036638,0.287259401572562,0.294476031809068
Leptospira_borgpetersenii_str_200701203.gls454123v02,0.213042073288955,0.363740833971763,0.321008452176944,0.349562154959071,0.351495558008726,0.334044823906083,0.413411867863746,0.270614701623808,0.346599202101781
Leptospira_borgpetersenii_str_brem_328.gls454056v2.0,0.209685371996642,0.362738101773069,0.322705875160482,0.347057775474173,0.346269955669178,0.329604691572546,0.40977902209779,0.261634159456421,0.345417058670457
Leptospira_interrogans_serovar_copenhageni_str_hai0188.gls454167v02,0.150125214182154,0.303146853146853,0.255503651895631,0.201519415564531,0.270934329699435,0.195121951219512,0.350907418248725,0.201018224268759,0.288986609476093
Leptospira_interrogans_serovar_djasiman_str_lt1649.LintLT1649v0.2,0.148917624864181,0.300266211261239,0.252004463011495,0.201298795635814,0.270277935337493,0.196699029126214,0.34752749559231,0.200883954077508,0.288365131460309
Leptospira_interrogans_serovar_medanensis_str_l0448.LintL0448v0.2,0.15721520396238,0.301375023544924,0.253984327908379,0.207056651603659,0.272458459297835,0.195811140200415,0.350150131364944,0.205859437430078,0.288839451242121
Leptospira_interrogans_serovar_muenchen.ASM102231v1,0.1499521751238,0.302435792906645,0.254937963958765,0.203494969362282,0.272214726291442,0.198024691358025,0.352047465532615,0.202970132926708,0.291360895153673
Leptospira_interrogans_serovar_pyrogenes_str_2006006960.gls454019v2.0,0.153908710841303,0.303730699146447,0.252269446279576,0.203563055411268,0.271129537414659,0.199817351598173,0.349691699604743,0.204714998145324,0.289991563506138
Leptospira_interrogans_str_2002000623.Lint2002000623v2.0,0.156844947949933,0.303444734876774,0.252341835999424,0.208232075655108,0.273997054754786,0.201623815967524,0.351013721073111,0.206336893008261,0.293005607033354
Leptospira_interrogans_str_hai1536.gls454172v02,0.151341632405318,0.307289916974612,0.254211560952547,0.204093757514888,0.279337685513565,0.215777262180974,0.364160381103613,0.203778511003526,0.305160188396046
Leptospira_interrogans_str_ui_13372.LintUI13372v0.2,0.158688660876414,0.29955359197386,0.254336497965594,0.207079764453961,0.270155983689672,0.205570291777188,0.345685410728168,0.208376726729677,0.286794810661493
Leptospira_noguchii_str_bonito.gls454072v02,0.143936406211486,0.317586944053392,0.255770481144343,0.198645632239382,0.282722252624248,0.206815390912812,0.377701193888137,0.199473725115747,0.319057011364704
Leptospira_santarosai_str_cbc523.gls454165v2.0,0.218728136836264,0.401212498056894,0.321402151027144,0.374197600845679,0.393616220421068,0.381983096268811,0.457494037791231,0.267972434635285,0.384133234587525
Leptospira_santarosai_str_hai821.gls454175v2.0,0.219054037495405,0.397283176593521,0.319115914120656,0.371978817081807,0.39176449885618,0.383450123660346,0.450996400341411,0.26761889265957,0.379991577713899
Leptospira_weilii_str_ui_13098.LweiUI13098v0.2,0.222732819560031,0.375295676033683,0.323936012639479,0.349185271253493,0.365286774099558,0.382006984010292,0.424074524098825,0.277415609020718,0.360255134500253
Leptospirillum_ferriphilum.ASM75550v1,0.36028282233118,0.409172878095696,0.23639508582073,0.438466008134805,0.423766942241719,0.437654016757023,0.442671529519033,0.431238480290148,0.481329727662597
Leptospirillum_ferriphilum_ml_04.ASM29923v1,0.375540641312453,0.422193243914555,0.23589720222364,0.444705236846918,0.431883723612873,0.433565217391304,0.4281956864808,0.443409076837348,0.472008934803853
Leptospirillum_ferriphilum_ysk.ASM69597v1,0.368124986266453,0.415850515463917,0.239160308960811,0.441486048829098,0.427472724020748,0.440962099125364,0.434010779805172,0.440900502770039,0.473831506058857
Leptospirillum_ferrooxidans_c2_3.ASM28431v1,0.432009526396056,0.332613516983775,0.315875825741548,0.383849024801348,0.376123518059002,0.469432684165961,0.452940926296092,0.446354459528208,0.391804898896813
Leptospirillum_sp_group_ii_cf_1_.ASM118640v1,0.382329167443885,0.426819448745742,0.243136031378142,0.460666323096978,0.444537909376402,0.425176511107284,0.430145500776946,0.468313235507773,0.460505463341396
Leptotrichia_buccalis_c_1013_b.ASM2390v1,0.1497164395878,0.251674641148325,0.407785153892577,0.118425298483382,0.208204884989329,0.262395787626152,0.168951336531871,0.184715662717154,0.201179536414758
Leptotrichia_sp_oral_taxon_225_str_f0581.ASM46952v1,0.160972325328453,0.251218642254191,0.39439109173393,0.114845529404894,0.20947496288298,0.260153429602888,0.180407412949148,0.193304072109993,0.191923306718809
Leptotrichia_wadei_f0279.ASM46940v1,0.1563411337933,0.22751976284585,0.340955567949433,0.106681131904891,0.168819220834365,0.239512538082962,0.141988371833998,0.206574418767999,0.165359166922583
Limnoraphis_robusta_cs_951.ASM97270v2,0.200264689854421,0.315408085430969,0.252170781893004,0.195555176627732,0.253726837000415,0.230396575033799,0.324227484928927,0.203637061561345,0.216111197726155
Marinithermus_hydrothermalis_dsm_14884.ASM19533v1,0.190905166751121,0.0790256729638087,0.22259364860879,0.177545476993991,0.0550137534383596,0.0941943127962085,0.0469023185100722,0.208169471973153,0.157156288421205
Marinitoga_piezophila_ka3.ASM25513v1,0.108917061358214,0.173245846121283,0.392949332546648,0.177737881508079,0.143841411821588,0.170057215511761,0.182007822685789,0.182685522756674,0.144023242944106
Marinitoga_sp_1155.ASM102117v1,0.114439310307629,0.142229199372056,0.285342584562012,0.136270621226284,0.117139369162195,0.183894230769231,0.149761191613373,0.128424498050747,0.11432473688439
Marinitoga_sp_1197.ASM102116v1,0.111031739902695,0.146014293567894,0.271896127842655,0.138074860516765,0.116512205463686,0.173070816132105,0.150190569530654,0.126871000914077,0.114967897271268
Meiothermus_ruber.ASM83639v1,0.254774749770153,0.182858855259215,0.163953037603146,0.454283680600492,0.216379768573415,0.192109777015437,0.134378079106649,0.364398097328943,0.351592664092664
Meiothermus_ruber_dsm_1279.ASM2442v1,0.267274724225204,0.185711188204683,0.17275409754767,0.460054444312936,0.222350401905329,0.194884519946555,0.139027273494891,0.38353567270913,0.347035206074345
Meiothermus_ruber_dsm_1279_gca_000376665.ASM37666v1,0.266733187620767,0.18335146898803,0.171900091409937,0.460080430539949,0.220923741114295,0.189880723355137,0.137437547633161,0.381193562360468,0.346709164214885
Meiothermus_ruber_h328.ASM34612v2,0.266762251506267,0.185986206896552,0.173033595353728,0.458408300347847,0.222483056302298,0.194642513008287,0.13700047419925,0.382751054852321,0.346700804274622
Meiothermus_silvanus_dsm_9946.ASM9212v1,0.273492470572762,0.211377579475739,0.284403669724771,0.33137163801559,0.242170929507174,0.257996427991557,0.169924337957125,0.320727423021285,0.322835547411819
Meiothermus_taiwanensis.ASM162317v1,0.258209335607442,0.184729558066457,0.168735646452734,0.45543730089777,0.219461887518907,0.195920303605313,0.140845070422535,0.367329817833174,0.35475076570967
Mesotoga_infera.ASM36770v1,0.425294400910563,0.485037691311962,0.322804198262442,0.421088389156872,0.474653925450797,0.475355515670302,0.483385102268065,0.418561242393698,0.413865853403798
Mesotoga_prima_mesg1_ag_4_2.ASM14771v3,0.430650765330078,0.488491674828599,0.311432893883726,0.419172258973563,0.474309131028685,0.468854451534488,0.476407481249407,0.412677670332321,0.41736887742624
Methylacidiphilum_fumariolicum_solv.ASM29741v1,0.266035032187694,0.200969946359027,0.364082763251773,0.246909330809167,0.228871242200794,0.366823006665021,0.316927848514528,0.28266736310612,0.230320909483379
Methylacidiphilum_infernorum_v4.ASM1966v1,0.289723856948846,0.311476613554593,0.401097128105841,0.299195003096142,0.410391978122151,0.499765203099319,0.47759935937961,0.364929009054221,0.309645709604751
Methylacidiphilum_kamchatkense_kam1.ASM81724v1,0.25391255346943,0.194436967249888,0.353000301537843,0.237175970374434,0.224305398689858,0.360852197070573,0.308046202036022,0.274863909599856,0.22618006993007
Microcystis_aeruginosa_nies_843.ASM1062v1,0.268143532941041,0.35491151393566,0.303440496333897,0.252413580722149,0.29448638577833,0.278260362618784,0.285762223682555,0.22184775770648,0.243243243243243
Microcystis_aeruginosa_pcc_9443.ASM31218v1,0.260180700777984,0.361804564907275,0.308319544444941,0.25112801827484,0.295145400593472,0.26843910806175,0.280476950205727,0.211648135541941,0.222646565132359
Moorea_producens_3l.ASM21181v1,0.340903915347128,0.397994581318208,0.394581451893018,0.300314640014807,0.375203178616579,0.368657122145705,0.362771462549686,0.365318729936065,0.328602317458557
Mucispirillum_schaedleri_asf457.Muci_scha_ASF457_V1,0.171010907455302,0.195460861509958,0.387755102040816,0.0897646761133604,0.129441544059484,0.405398288347597,0.200481779751081,0.122903651561813,0.176382699868938
Mycoplasma_agalactiae.ASM8986v1,0.166534378410557,0.359658963428315,0.139842632331903,0.167593016412738,0.256564019448946,0.375761266747868,0.277416440831075,0.222118839835729,0.27285488682225
Mycoplasma_bovis.ASM104313v1,0.164870455040279,0.351028999064546,0.146853146853147,0.170906630581867,0.248270750988142,0.368135184067592,0.267902547270122,0.225762711864407,0.272388291591573
Mycoplasma_canadense.ASM82885v1,0.0807220708446866,0.228041237113402,0.0544002661786724,0.0989808098429896,0.149297201468912,0.239711934156379,0.152434112095753,0.0998337562341412,0.121133023975251
Mycoplasma_canis_ufg4.ASM25900v1,0.127951256664128,0.346693386773547,0.0599571734475375,0.191305540318157,0.246159828893642,0.261319534282018,0.242164739118919,0.147068577956296,0.177394141235642
Mycoplasma_capricolum_subsp_capricolum_atcc_27343.ASM1276v1,0.0748903569644146,0.199326947967901,0.0446372663028893,0.0538926002055499,0.0946257830530828,0.118993135011442,0.150547956163507,0.0937695093020352,0.088016651798989
Mycoplasma_capricolum_subsp_capripneumoniae_87001.ASM83508v1,0.0782835776603953,0.186482084690554,0.0462156731413262,0.0521056866952789,0.0910817577484244,0.111948955916473,0.146765107545237,0.0932412596744062,0.0861289106671692
Mycoplasma_fermentans_pg18.ASM20973v1,0.0610807349391656,0.326259328358209,0.0282603914669012,0.208248816768087,0.219379787313155,0.281581485053038,0.248082279837154,0.106729519838032,0.235378835316218
Mycoplasma_gallisepticum_ny01_2001_047_5_1p.ASM28673v1,0.186745488487866,0.451765821284665,0.153532053899551,0.24806800618238,0.283938501799149,0.153494448073155,0.361976652330378,0.273077225233718,0.155212687484632
Mycoplasma_gallisepticum_str_f.ASM2538v1,0.187367784829254,0.445004582951421,0.158819224201025,0.245870307167235,0.282648730883177,0.158831003811944,0.361556770098731,0.276149015679778,0.154292273303933
Mycoplasma_hominis_gca_001017595.ASM101759v1,0.0599424440233031,0.317236255572065,0.041002277904328,0.166982203710716,0.178185237423601,0.391365888181175,0.223846750611685,0.162155920931092,0.195813700616165
Mycoplasma_hyopneumoniae_7448.ASM822v1,0.165073848827107,0.239789603960396,0.21200820436323,0.115877977794546,0.149142280524722,0.321305841924399,0.177384142105785,0.119443763354233,0.152547671147234
Mycoplasma_hyosynoviae_gca_000691305.MhyoNPL2v1.0_of_Mycoplasma_hyosynoviae_strain_NPL2_genome,0.0528511821974965,0.302382406841784,0.0530138906588505,0.222006713912719,0.192583389085348,0.27403156384505,0.232925275577466,0.114563035405713,0.170036485253877
Mycoplasma_hyosynoviae_gca_000691325.MhyoNPL3v1.0_of_Mycoplasma_hyosynoviae_strain_NPL3_genome,0.0556310899614774,0.301088270858525,0.0552809573361082,0.224676886083559,0.190103171570501,0.278969957081545,0.231167818141297,0.117877466558274,0.16815578465063
Mycoplasma_hyosynoviae_gca_000691365.MhyoNPL6v1.0_of_Mycoplasma_hyosynoviae_strain_NPL6_genome,0.0544402456306093,0.299475146650201,0.0532608695652174,0.227650485436893,0.191967792615868,0.27773695811903,0.232515160265666,0.115975159065798,0.168153469645536
Mycoplasma_mycoides_subsp_mycoides_gca_001554115.ASM155411v1,0.0763601293470244,0.221645838245697,0.0533655135425047,0.0717108618052015,0.114141645656658,0.110775427995972,0.161924448767834,0.0903450363196126,0.0936658470905046
Mycoplasma_putrefaciens_mput9231.ASM37662v1,0.107357572287432,0.303985171455051,0.0971686576991816,0.0829530638852672,0.164819330525382,0.13001485884101,0.245984979780474,0.128773054665057,0.137517271471166
Mycoplasma_sp_ex_biomphalaria_glabrata_.ASM148404v1,0.115218474829706,0.301632769979948,0.0831540116815248,0.153219082908754,0.235388212132398,0.276018099547511,0.202538136136393,0.121106275767293,0.168926772568772
Mycoplasma_yeatsii_13926.version_1.0,0.0633317203000242,0.340353050480025,0.033695652173913,0.172224760164459,0.179078961427503,0.0919467343056436,0.243016183898567,0.0606658923732094,0.106640497219496
Myroides_odoratus_cip_103059.Myro_odor_CIP103059_G12587_V1,0.247505688779976,0.39192294096854,0.201213503120713,0.262672961625798,0.286333003528292,0.210452283055616,0.284466359250635,0.227761973875181,0.19745101466779
Neisseria_gonorrhoeae_pid18.ASM15687v1,0.201165462902167,0.392617972278461,0.432640125037989,0.487733621483171,0.470411347517731,0.271191508446704,0.357744599215948,0.194132821405003,0.420858699134893
Nitrospira_defluvii.ASM19681v1,0.497048821483016,0.481814333626388,0.320877472578982,0.390988593985126,0.465565847764801,0.38021978021978,0.453901985483774,0.377195502298096,0.499089280835433
Nitrospira_moscoviensis.ASM127377v1,0.454556294865374,0.466439949883659,0.302010464380857,0.297422069698084,0.475632099670209,0.271899484718007,0.356843114921168,0.34418915053866,0.385438531505947
Nitrospira_sp_scgc_ag_212_e16.ASM164440v1,0.494464409923487,0.473918760958504,0.383876740430361,0.41746641074856,0.45080184832835,0.416925198207515,0.466911055373336,0.394430155923485,0.484997422237498
Nitrospirae_bacterium_hch_1.ASM154125v1,0.471185233545018,0.496544287044753,0.34736453119226,0.309154163948684,0.37787702692415,0.495931684524289,0.498148513332895,0.488574139333153,0.470158079722819
Nodularia_spumigena_ccy9414_gca_000340565.ASM34056v3,0.223129891792481,0.366004258339248,0.288332965983396,0.227686485749352,0.32431589962817,0.313891332295825,0.313536958961449,0.250381573470237,0.260538366071811
Nostoc_punctiforme_pcc_73102.ASM2002v1,0.26592472876305,0.381684859196981,0.310402054108216,0.257117158121742,0.369069433089956,0.384125406577521,0.339642590791946,0.289229228537882,0.272864681392697
Novosphingobium_sp_p6w.ASM87667v1,0.494314957880494,0.380953774136922,0.147929322862646,0.155997140350307,0.39178586745377,0.116404011461318,0.260787824529991,0.170625968574063,0.343831335229271
Oceanithermus_profundus_dsm_14977.ASM18374v1,0.214525721883816,0.0579051944365597,0.091816574815431,0.0869146770312789,0.0380721317594364,0.0642879114118733,0.0352416866643812,0.114704143357439,0.0719800888084396
Oenococcus_oeni_ioeb_0502.Oeoe_IOEB_0502_1.0,0.214209401709402,0.274622030237581,0.363700815313719,0.26458401039974,0.249304126830449,0.380695443645084,0.26788913880523,0.258506008266499,0.230113329735564
Opitutaceae_bacterium_ig16b.ASM174683v1,0.272181593410685,0.23263975933818,0.164489654375217,0.200285633825482,0.247206296764163,0.15422197640118,0.198319521178637,0.218985598580865,0.261476105193703
Opitutaceae_bacterium_tav1.ASM24349v3,0.486153095135277,0.322729939378137,0.270288858321871,0.32460798872417,0.324330254732601,0.187334544510771,0.254311862020415,0.476764513628141,0.321931807904495
Opitutaceae_bacterium_tav4.ASM165382v1,0.40675243383972,0.289778895046563,0.475917729757876,0.386367393420642,0.334872785288437,0.198124015466132,0.245259849730472,0.405530503188383,0.291590481401898
Opitutaceae_bacterium_tav5.ASM24293v3,0.488553987027852,0.316781753504917,0.252733302654755,0.315342172643018,0.31268725512791,0.176973819830963,0.244173859432799,0.46904563055197,0.316846347260014
Opitutaceae_bacterium_tsb47.ASM165017v1,0.433470973094255,0.331322781605653,0.344168533435013,0.328962500148197,0.408659579984444,0.121700723712218,0.264262917732704,0.493643924994271,0.272484716609678
Opitutae_bacterium_scgc_ag_212_l18.ASM164425v1,0.289400725101301,0.297045101088647,0.282563462338743,0.238319222326748,0.286604361370717,0.409876543209877,0.244757253662741,0.292024785128923,0.230930930930931
Opitutus_terrae_pb90_1.ASM1996v1,0.368373931030224,0.284731595888277,0.209865646758851,0.22977988778593,0.346112246124264,0.185422888733558,0.257569887649614,0.308785132852096,0.353751015617947
Oscillochloris_trichoides_dg_6.ASM15214v1,0.342740232696984,0.450508820733124,0.285886875343218,0.457224733812594,0.488087553547327,0.487901184570214,0.468848726341255,0.253991066226452,0.265551126355799
Paenibacillus_sp_fsl_r5_808.ASM51788v1,0.499294994861827,0.290861748295102,0.373952216906791,0.492089200621085,0.382596066191808,0.388392516227568,0.465612431707774,0.479188438842618,0.347769500994625
Parabacteroides_johnsonii_cl02t12c29.Para_john_CL02T12C29_V1,0.305679238693906,0.312621590503037,0.405890758632457,0.432979403464459,0.31460322686862,0.484820719565085,0.478402513162105,0.414053000010955,0.434757819991189
Pedobacter_sp_bma.ASM102774v1,0.294483810648558,0.385988736669729,0.423001429252025,0.34225708712074,0.371621735255041,0.458705685947167,0.401112352339981,0.268290571989076,0.259051002543099
Pedosphaera_parvula_ellin514.ASM17255v1,0.408747783500802,0.423293225215799,0.457315861456275,0.498712734195838,0.44221694275393,0.352775702166938,0.479125060438521,0.483878077059438,0.398420819788802
Pelodictyon_phaeoclathratiforme_bu_1.ASM2064v1,0.474956645924717,0.379510997224002,0.281418839558374,0.371648415136952,0.394498883886346,0.443753884400249,0.490093151682495,0.387631819314124,0.349645310212814
Persephonella_marina_ex_h1.ASM2156v1,0.464178489433096,0.36087187666135,0.100544414582041,0.310376964360317,0.478015954028203,0.244113199395118,0.446269730118475,0.399751826348352,0.227819231310714
Petrotoga_mobilis_sj95.ASM1860v1,0.205536799459824,0.304161013116237,0.20756563795486,0.276846603825054,0.379943863230416,0.265747006767309,0.37431597288394,0.227828718632343,0.22449398049152
Pirellula_sp_sh_sr6a.ASM161087v1,0.467096386129761,0.498008737418841,0.429746418990737,0.418471250171538,0.407497441146366,0.287240863432357,0.450480173482032,0.437358728276578,0.447843739306556
Pirellula_staleyi_dsm_6068.ASM2518v1,0.42659597726279,0.457367958713078,0.437563408256291,0.437890798089705,0.427103694874851,0.268233778779585,0.367037915164073,0.456145795130759,0.464194679401147
Planctomyces_sp_sh_pl14.ASM161083v1,0.335398242297982,0.266268925076109,0.0813163558537435,0.164076055090881,0.230142566191446,0.182125661533564,0.170093272145922,0.142687143000301,0.24020740877712
Planctopirus_limnophila_dsm_3776.ASM9210v1,0.355689824590747,0.397963375983097,0.32403150245841,0.498695713479977,0.484783479205995,0.392772340302311,0.472382470788143,0.499657116095472,0.322589323460459
Planctopirus_sp_jc280.ASM170783v1,0.362427418940445,0.398625527546481,0.319104418127989,0.49780370624571,0.485797958545393,0.39418782156386,0.472013884584392,0.499308755760369,0.326499773334005
Pleurocapsa_sp_pcc_7327.ASM31702v1,0.27325345247766,0.429072725677691,0.315188342614849,0.293588829248151,0.370313151376934,0.48779614916613,0.374740437423587,0.279025225786359,0.321603776495634
Polaromonas_sp_cf318.Polaromonas.strCF318_v1.0,0.461247953804313,0.29587907716786,0.171900489396411,0.334043183585793,0.263095099522756,0.0771292435973794,0.199743546318922,0.303630997083326,0.178052643075579
Porphyromonas_gingivalis_f0185.ASM46795v1,0.448680679785331,0.429887558940878,0.420618650630951,0.375364334923158,0.413081429181053,0.457426498663612,0.426856347145384,0.499563619052657,0.435081829626521
Porphyromonas_sp_cot_052_oh4946.ASM76596v1,0.45166315403647,0.436595295536791,0.400865881476654,0.352727775282452,0.428276491841029,0.454003052587762,0.432086916461916,0.487887663208606,0.440999017819559
Prevotella_melaninogenica_atcc_25845.ASM14440v1,0.478480385619296,0.344223624461874,0.384243907150446,0.459948251487103,0.297733756796038,0.330701298701299,0.433505189454488,0.351400366131157,0.417084287157912
Prevotella_oris_f0302.ASM16291v1,0.383381771070416,0.335425712667548,0.437884170755089,0.452652923284894,0.285937309427979,0.472157592678765,0.467265988163742,0.493827160493827,0.46557484064204
Prochlorococcus_marinus_str_mit_9123.ASM75993v1,0.225982499466447,0.194265809217578,0.179499165275459,0.205553103558962,0.215501853631745,0.316926770708283,0.163701618143003,0.186542414050822,0.152035801334559
Prochlorococcus_marinus_str_mit_9202.ASM15859v1,0.219563535056493,0.18487624777793,0.186044914497631,0.20059731209557,0.21777872825777,0.321902068234046,0.164645639607942,0.180255077940482,0.151987497996474
Prochlorococcus_marinus_str_mit_9303.ASM1570v1,0.471140417153193,0.375910844406344,0.4967961111418,0.465568565191506,0.424950298210736,0.43489165329053,0.455143472836566,0.498551646177759,0.338279388021834
Prochlorococcus_marinus_str_sb.ASM76011v1,0.217493804025872,0.196948873007147,0.182311194429566,0.20007358652549,0.218712202063323,0.31760893050054,0.165599497802888,0.181347026510628,0.156300640481519
Prochlorococcus_sp_mit_0703.ASM76033v1,0.481645885286783,0.382920859396247,0.481256332320162,0.475957120980092,0.4357471434931,0.434025080457219,0.463637972219765,0.477867779414171,0.34072774602456
Prosthecochloris_aestuarii_dsm_271.ASM2062v1,0.445413883707403,0.390540050743023,0.199984342584256,0.46713534699972,0.439624445796749,0.411340924936091,0.449261553120534,0.393783619067808,0.396666044079193
Prosthecochloris_sp_cib_2401.ASM168706v1,0.460229697745703,0.423460116548656,0.175971844504879,0.402371541501976,0.463536646931938,0.361906029548782,0.386469066874666,0.489733301864527,0.4345017317187
Pseudomonas_aeruginosa_x13273.Pseu_aeru_X13273_V1,0.385723702796874,0.29668173299526,0.159246119733925,0.0616889734356954,0.214295123924949,0.104365326560928,0.153096916536619,0.142225473461757,0.211207512139389
Pseudothermotoga_hypogea_dsm_11164_nbrc_106472.ASM81614v1,0.452066895540967,0.344429649356414,0.383732253600533,0.284497596296516,0.286070649026683,0.48788494606847,0.215778322462714,0.433576182766685,0.498413883187162
Pseudothermotoga_lettingae_tmo.ASM1786v1,0.278331841622981,0.366082309927815,0.49090148504497,0.317568346983504,0.359810797586038,0.452039691289967,0.345089037284363,0.242597402597403,0.235382174186402
Pseudothermotoga_thermarum_dsm_5069.ASM21781v1,0.260443694862481,0.486839242984555,0.287309925352502,0.375333773128514,0.442835501693103,0.462533602150538,0.39769356119166,0.325407774080987,0.313427719310274
Pyramidobacter_piscolens_w5455.ASM17733v1,0.46840328027014,0.388461239405956,0.165700530556101,0.306646867030377,0.353462837837838,0.186252580867171,0.262038366175127,0.478450746513088,0.278042375717633
Pyrinomonas_methylaliphatogenes.K22,0.470948356807512,0.483192874928175,0.449102294137205,0.224623459607485,0.428163278710059,0.31004677648973,0.341676938149869,0.413924777490669,0.358539579737736
Rhodanobacter_sp_soil772.Soil772,0.408210251107252,0.280802953391786,0.129251370627335,0.0912372733169755,0.199540757749713,0.094341775039927,0.152070727200261,0.150096320240311,0.230984593203574
Rhodopirellula_baltica_sh28.ASM30463v1,0.335531958496839,0.377602557272243,0.387088110973588,0.385017307817909,0.332245162685115,0.317610470390048,0.329253109130842,0.48651696208798,0.462900191081404
Rhodopirellula_baltica_sh_1.ASM19611v1,0.340186202026316,0.394626742462618,0.390686279776935,0.392516576462595,0.336655775673105,0.335673870066126,0.341930587357534,0.482182232923584,0.46885394196646
Rhodopirellula_baltica_swk14.ASM33074v1,0.338312958794886,0.379147505825583,0.390396446821287,0.386219584420167,0.330443704587809,0.318465207749278,0.332429868545873,0.486333672404455,0.464968242966065
Rhodopirellula_baltica_wh47.ASM19518v2,0.335600146614987,0.378642474587387,0.387279975025815,0.386112643090623,0.329408868097679,0.318354542241075,0.328900683647273,0.486265101290442,0.464689127543007
Rhodopirellula_europaea_6c.First,0.340347915222045,0.361814954989629,0.389664459524622,0.371995531900913,0.315881022786572,0.304122163599708,0.319051046473884,0.497729003481288,0.452275806510674
Rhodopirellula_europaea_sh398.ASM34631v1,0.340625931879178,0.358395938670652,0.39079108055543,0.370998475609756,0.314474834519795,0.30550966462911,0.314476893934232,0.498081572584884,0.450059003511946
Rhodopirellula_islandica.K833,0.360355768307367,0.349750120909237,0.419166104791526,0.371318580396794,0.27609630266552,0.302778585371932,0.308576295799821,0.489522578106334,0.427775836619437
Rhodopirellula_maiorica_sm1.ASM34629v1,0.357731893310383,0.476141003207932,0.396836109662443,0.47010626619739,0.426990572120663,0.462048911422607,0.412033670614624,0.425643491801777,0.49677646690332
Rhodopirellula_sallentina_sm41.ASM34650v1,0.39432117598114,0.36797676141459,0.448508819057853,0.369673603921989,0.341589851236652,0.352360253183863,0.279395446718959,0.454290713597403,0.418495026860273
Rhodopirellula_sp_swk7.ASM34642v1,0.375979526779024,0.386826789513477,0.421102791014295,0.378094380594248,0.365165833485576,0.366563573883162,0.323948139233896,0.438295018270965,0.440381662908411
Rhodothermus_marinus_dsm_4252.ASM2484v1,0.443436034365878,0.316327425864187,0.109237236005741,0.335574156421658,0.274653324685753,0.234110463502637,0.210185967878276,0.355686309737693,0.315028454182958
Rivularia_sp_pcc_7116.ASM31666v1,0.18441101777691,0.307576256308975,0.263125680699196,0.224700818811673,0.326988955380876,0.380820298290287,0.279516762605924,0.2390560463083,0.230226261844904
Roseiflexus_castenholzii_dsm_13941.ASM1780v1,0.483088090351457,0.462654939185463,0.254490748247842,0.37937339301019,0.497190266020307,0.310013619095405,0.449739183025477,0.462043795620438,0.431873133266961
Roseiflexus_sp_rs_1.ASM1666v1,0.472117005670746,0.447040802116697,0.238160352187833,0.35862662200992,0.458501931212065,0.329561042524005,0.416213580397416,0.469704866766565,0.423875548785951
Rubinisphaera_brasiliensis_dsm_5305.ASM16571v3,0.321241232731137,0.450584346286993,0.259968668957255,0.324479507759789,0.342233065049363,0.339165220744168,0.355610998137357,0.416992915734526,0.468830433183937
Salmonella_enterica_subsp_enterica_serovar_enteritidis_str_22510_1.ASM28037v1,0.366704608624295,0.413072733098366,0.296328126316499,0.393463853127142,0.397245518196507,0.42053977819091,0.471774037531437,0.256050363795861,0.388160131459655
Salmonella_enterica_subsp_enterica_serovar_paratyphi_a_gca_000984975.PA086,0.366454813207255,0.416592419984922,0.294227825303917,0.396663879769163,0.402169101372289,0.421250170601883,0.470957287684893,0.259634776869202,0.388733712801776
Salmonella_enterica_subsp_enterica_serovar_typhi_gca_001117365.10561_2_38,0.369967485262629,0.412705036433088,0.29573067836652,0.39355958717259,0.398353972771325,0.43048554839533,0.474499389381046,0.260794859018196,0.385613723249679
Salmonella_enterica_subsp_enterica_serovar_typhi_gca_001359415.10060_5_89,0.373086066307099,0.415905309095476,0.294824796063278,0.398803996582847,0.403116429818,0.428642714570858,0.471421316932799,0.267459556026069,0.389120766335956
Salmonella_enterica_subsp_enterica_serovar_typhimurium_str_dt104_gca_001219965.5299_3_5,0.370441434504349,0.415840360794489,0.296235335882913,0.395815914791523,0.400944897309735,0.421216372842067,0.472737722241792,0.263338420888517,0.387224466556408
Saprospira_grandis_dsm_2844.ASM27582v1,0.430224539174547,0.268940304968974,0.387713043609068,0.196524688900812,0.278018612790328,0.470503230193812,0.34245997542592,0.364458577144123,0.294137629816558
Shigella_sonnei_gca_001254455.8290_4_92,0.315910024522923,0.431915519665217,0.336627335299902,0.429337629110206,0.435613346669744,0.446091902601138,0.448446837246304,0.243216015079133,0.374258061813053
Singulisphaera_acidiphila_dsm_18658.ASM24245v3,0.355944794150995,0.331432768993983,0.294965477882345,0.20462790048726,0.341498441503337,0.228635771008652,0.278033959372437,0.254085122024572,0.308352391167959
Sneathia_amnii.ASM97308v1,0.104692239072257,0.254523996852872,0.0689854402588398,0.215519253208868,0.228915662650602,0.195446481371969,0.177841436977392,0.291894253878086,0.179785564853556
Sphaerochaeta_coccoides_dsm_17374.ASM20838v1,0.390097946449122,0.288067323599223,0.292787003238908,0.35965829846583,0.392043586491945,0.440402247855664,0.477357372608769,0.421369679637348,0.456516115681101
Spiroplasma_diminutum_cuas_1.ASM43945v1,0.0974954462659381,0.188957779746088,0.0667562724014337,0.132892666037142,0.128316282295821,0.109969167523124,0.139189068500491,0.114258866112136,0.120365667851701
Spiroplasma_eriocheiris.ASM102926v1,0.122376201868821,0.246600308425627,0.162285424716539,0.120205253264238,0.152752374771373,0.143593266918585,0.198895406675586,0.13419168484774,0.160728307813113
Spiroplasma_melliferum_ipmb4a.SMIPMB4A_v3,0.112634671890304,0.113861386138614,0.106647650740829,0.0794689366027188,0.0770558223289316,0.138414367060885,0.117974252007357,0.132000149237026,0.117023365403495
Staphylococcus_aureus_dar3581.Stap_aure_DAR3581_V1,0.159577205518497,0.192861930294906,0.120543031202647,0.268401636981959,0.215948161861941,0.194583333333333,0.236380571584352,0.187239543467538,0.215722080436504
Staphylococcus_aureus_gca_001194505.7738_4_48,0.160425654299684,0.193698121450415,0.121860549460513,0.264320877153726,0.214149078620162,0.194681282988226,0.234899918704546,0.187281655790653,0.213622687407976
Staphylococcus_aureus_gca_001353835.7907_4_63,0.160241269593394,0.193566340160285,0.121436698545466,0.264278606965174,0.21384179871799,0.195760598503741,0.234726832331569,0.187473700156537,0.213736478561189
Staphylococcus_aureus_m0234.Stap_aure_M0234_V1,0.162319286965561,0.198215947025666,0.1204469948656,0.270399549803039,0.219716225346675,0.19828641370869,0.241814325482745,0.186923652072776,0.217673339633989
Staphylococcus_aureus_m0989.Stap_aure_M0989_V1,0.161945048121701,0.195662915179797,0.121544110952627,0.268808401321176,0.217144892803938,0.194575713992192,0.238273087012583,0.187261912718038,0.215796988577362
Staphylococcus_aureus_m28112.Stap_aure_M28112_V1,0.163307463608634,0.198426573426573,0.122101306496105,0.269540715694562,0.217911506707946,0.199009083402147,0.242188020521021,0.187501039916141,0.215914034629775
Staphylococcus_aureus_subsp_aureus_sk1585.SK1585_newbler2.6_V1,0.162691327809986,0.195869345605567,0.127679847546451,0.268584019482779,0.215225122458565,0.195530726256983,0.236534625249359,0.188408589343889,0.212648131267092
Staphylococcus_aureus_w15995.Stap_aure_W15995_V1,0.160897460524799,0.197044066317626,0.122032159773132,0.267657470360173,0.215936817773212,0.19498664475036,0.240459536036834,0.186830294297875,0.21572137157645
Streptococcus_agalactiae_gb00914.ASM28845v1,0.258216326636154,0.265853253652058,0.217211732973702,0.229427892524219,0.260485748166367,0.229541497388276,0.247654144061146,0.239088575096277,0.214959710032052
Streptococcus_iniae_gca_000831485.ASM83148v1,0.235110776343472,0.296134208606856,0.218795650056809,0.229066444822223,0.31270806516046,0.255096418732782,0.281928067127491,0.226839141966405,0.284225031454077
Streptococcus_pneumoniae_gca_001089745.7444_8_23,0.294050917341129,0.36689093778553,0.338165565487758,0.292824353708625,0.346331516084731,0.274966170500677,0.325445705024311,0.362067773963925,0.326421308893026
Streptococcus_pneumoniae_gca_001108465.6680_6_14,0.291233817227221,0.365622849277357,0.342215652590787,0.29211399222456,0.345852426020299,0.274848746758859,0.323114446529081,0.364141949152542,0.328881026094648
Streptococcus_pneumoniae_gca_001127925.6680_6_13,0.290166316809301,0.373742721016411,0.341619523475245,0.299908542162063,0.355112636395635,0.27627365356623,0.332376688478169,0.36428746027866,0.333735557633714
Streptococcus_pneumoniae_gca_001146105.5392_7_8,0.292526593326666,0.367117313563018,0.339653984846643,0.293472022955524,0.347403875595993,0.271084337349398,0.324109928944697,0.364068093811646,0.325760963539338
Streptococcus_pneumoniae_gca_001164085.6805_5_23,0.289527145359019,0.372142477405635,0.342391984971822,0.294547824198103,0.346298675408674,0.274110218140069,0.323188629692569,0.361303330512272,0.327516571604748
Streptococcus_pneumoniae_gca_001202995.6807_1_7,0.287102241531594,0.368543968382287,0.33889030287605,0.294347195896978,0.349519865289219,0.273532015343759,0.321927596062242,0.365260200530969,0.327481368299604
Streptococcus_pneumoniae_gca_001337015.6680_5_19,0.290073430643861,0.37025641025641,0.340658021133525,0.293439001297472,0.346057704529085,0.275178866263071,0.324977817213842,0.364510096347324,0.328509788957703
Streptococcus_pneumoniae_pni0199.ASM33479v1,0.294004362151376,0.375655823714586,0.341906579274869,0.301007421216793,0.347949582815551,0.293911637931034,0.328571978593154,0.366602122601044,0.334195375758136
Sulfurihydrogenibium_azorense_az_fu1.ASM2154v1,0.291375234567299,0.443729463307777,0.316070925978047,0.138036927565161,0.447986065752232,0.173421052631579,0.47112664990572,0.224924774322969,0.327587455638444
Sulfurihydrogenibium_sp_yo3aop1.ASM2032v1,0.237797983605013,0.232040517126483,0.291311379006175,0.142937282620891,0.323928354056169,0.303774560496381,0.360576044446069,0.206286051514402,0.265351666546685
Sulfurihydrogenibium_yellowstonense_ss_5.ASM17361v1,0.251352154531946,0.254440789473684,0.304468242245199,0.148695820808688,0.337470219956784,0.328661995328662,0.381257902870791,0.21317266744096,0.2833023192484
Synechococcus_sp_cc9311.ASM1458v1,0.472620629610961,0.442499207104345,0.496138723091285,0.463928133285844,0.496981608872666,0.391684456643286,0.48226012793177,0.480397022332506,0.382692790756091
Synechococcus_sp_ja_2_3b_a_2_13_.ASM1322v1,0.39518418820753,0.363350485991995,0.399699368674216,0.39983280387895,0.346504694522316,0.38450058629144,0.297012061403509,0.420507550003953,0.388341804320203
Synechococcus_sp_rs9916.ASM15382v1,0.455932125869008,0.427030956563882,0.328168832840046,0.349298275278999,0.383619495984492,0.277912238240556,0.352417358064376,0.39272844867412,0.485980872404945
Synechococcus_sp_utex_2973.ASM81732v1,0.430186286513906,0.480786026200873,0.491855019344329,0.443898207056102,0.436522539098436,0.415605653545147,0.486810661764706,0.477005918307946,0.348305540613233
Synergistes_jonesii.sjonesii4.0,0.476436699348744,0.369222005208333,0.138774602468587,0.287086545635414,0.392880740006607,0.158395101514663,0.293178281876996,0.440040062319163,0.2748080146084
Synergistes_sp_3_1_syn1.Synerg_sp_3_1_syn1_V1,0.42783944047438,0.406356042808666,0.142551293487957,0.380330368487929,0.452061616094549,0.198057721241964,0.302892407430495,0.461503699937864,0.300712675148977
Tamlana_sp_s12.ASM167230v1,0.211968148324222,0.308891395754282,0.231326365376122,0.208867814029056,0.344305007768615,0.264771048744461,0.363069978861711,0.194310088738241,0.226786986464023
Terriglobus_roseus_dsm_18391.ASM26542v1,0.393880225059733,0.348840643922611,0.156780678582456,0.289716232340175,0.315060744675619,0.196367321484253,0.281056172347417,0.168600210932102,0.400177608626705
Terriglobus_saanensis_sp1pr4.ASM17991v2,0.45469479826895,0.447666685942289,0.219454699876935,0.378666839160387,0.424299065420561,0.247879815846862,0.361812371173011,0.285066562121806,0.453010046673523
Terrimicrobium_sacchariphilum.ASM161354v1,0.334719261257229,0.451297349798807,0.212760771090211,0.422300756349704,0.393399002174747,0.21334460649616,0.433317665156824,0.295300473130429,0.441059620131199
Thermanaerovibrio_acidaminovorans_dsm_6589.ASM2490v1,0.0642158901830283,0.18762145355616,0.0686100715645722,0.102471038631731,0.126062875419299,0.228045720657931,0.0846269009534316,0.0592607176256337,0.256240798298708
Thermanaerovibrio_velox_dsm_12556.ASM23782v1,0.1538995781459,0.33192715299928,0.1440005666525,0.293485311833936,0.254724921570128,0.355907590759076,0.138628588427785,0.125352746308944,0.385491784385393
Thermoanaerobaculum_aquaticum.TheAqu1.0,0.39596189339846,0.195267423014587,0.323368832569426,0.442181610870047,0.102911103091543,0.191262798634812,0.0786825251601098,0.280488264325811,0.353915807725653
Thermocrinis_albus_dsm_14484.ASM2560v1,0.433522845816816,0.404112554112554,0.306553596667411,0.404410363878834,0.313169502205419,0.317516629711752,0.234305596683447,0.423554683851686,0.442184294382121
Thermocrinis_ruber.ASM51273v1,0.477843709623391,0.457015306122449,0.4970036877689,0.24425323716732,0.432788446278368,0.432090395480226,0.2959811493651,0.41424135571812,0.485722245438083
Thermodesulfatator_autotrophicus.ASM164232v1,0.268710126330628,0.441589360479435,0.428457658614282,0.199430711610487,0.351253144507593,0.380378657487091,0.421205484669587,0.302169769546216,0.453993362050703
Thermodesulfatator_indicus_dsm_15286.ASM21779v1,0.263952288507617,0.441915787804298,0.488943363464583,0.199753036786032,0.359063198982501,0.352684689174038,0.403378260108524,0.289444853535444,0.416655698868123
Thermodesulfobacterium_commune_dsm_2178.ASM73401v1,0.331034308524077,0.231216331159626,0.391307605844886,0.118242162507997,0.236304123119329,0.212269698157585,0.452475128850533,0.297357401405285,0.414686373844466
Thermodesulfobacterium_geofontis_opf15.ASM21597v1,0.187491733168732,0.158565962873742,0.209132257201463,0.0998885095115323,0.127477671108564,0.19892162526478,0.151875058449453,0.18257348990713,0.129383659818442
Thermodesulfovibrio_aggregans.ASM151453v1,0.313076429545272,0.254904028685931,0.406661830492081,0.194239267167693,0.289143912412611,0.34637037037037,0.271357370921268,0.255756534807579,0.264814183429935
Thermodesulfovibrio_sp_n1.ASM170791v1,0.231994521032167,0.200114351057747,0.453335082311274,0.170226806988295,0.230221329891486,0.283006318589957,0.203253322753422,0.22796278158668,0.230307743584046
Thermodesulfovibrio_yellowstonii_dsm_11347.ASM2098v1,0.271554169030062,0.202940299990067,0.477568060210502,0.185961303593238,0.224925608261859,0.350760318609703,0.228532113503663,0.228490733799404,0.257767156025947
Thermosipho_africanus_h17ap60334.ASM30071v1,0.165887796680402,0.273549257759784,0.20495629296444,0.144282571965954,0.263003663003663,0.220133414190418,0.239592702042914,0.220706627494372,0.166194065979667
Thermosipho_africanus_tcf52b.ASM2128v1,0.167349253355176,0.278867924528302,0.205392862858057,0.140183905353169,0.266122722700347,0.223923721467784,0.237077918224438,0.221371299342105,0.167241716034112
Thermosipho_melanesiensis_bi429.ASM1690v1,0.192059054774177,0.274354385067758,0.203035886636834,0.139975347984247,0.280475796604829,0.184127890379675,0.271168041684759,0.228136216405498,0.154058245734965
Thermosulfidibacter_takaii_abi70s6.ASM154773v1,0.486657640738961,0.399776944134645,0.344562009645145,0.307654151404151,0.45624423627627,0.401838755304102,0.480103280680437,0.49406709418488,0.27708791598666
Thermosulfurimonas_dismutans.ASM165258v1,0.480554413377193,0.485617310140009,0.3885609090332,0.411501096834848,0.405317919075144,0.41831754234855,0.491467776930745,0.491523400191022,0.40874503544783
Thermosynechococcus_elongatus_bp_1.ASM1134v1,0.464878812606135,0.461349693251534,0.454393174610265,0.266791181425328,0.46799945723461,0.482888004548039,0.44448384380125,0.471308244471184,0.303942299336674
Thermotoga_maritima.ASM97857v1,0.367900861987664,0.331842861705525,0.237677527151211,0.363916455860414,0.272769975104514,0.415332362930616,0.299183197199533,0.442453205894066,0.434307807094892
Thermotoga_maritima_gca_000978535.ASM97853v1,0.368047135495605,0.331053643941013,0.237491605104097,0.363117374567756,0.272302243211334,0.415320606950563,0.298831698963074,0.443038256227758,0.434687829966961
Thermotoga_maritima_msb8.ASM854v1,0.367928524665922,0.332464712269273,0.23995221435276,0.363558144152492,0.273347097517645,0.413918525703201,0.30126160437991,0.441785923886055,0.43544759334233
Thermotoga_maritima_msb8_gca_000230655.ASM23065v3,0.368206005321171,0.330752688172043,0.2368,0.363832640910727,0.272352718317863,0.416341463414634,0.299162983165616,0.442758805052463,0.434585337563538
Thermotoga_maritima_msb8_gca_000390265.ASM39026v1,0.367691641403205,0.330988167572753,0.237085871651506,0.363830199651095,0.273336457357076,0.413533834586466,0.29897099222424,0.442659891748592,0.434332498815887
Thermotoga_maritima_msb8_gca_000978555.ASM97855v1,0.367847719562759,0.331559906363056,0.237435298046418,0.363645198911494,0.272573760495333,0.414746543778802,0.299170008393174,0.442661361626879,0.43462359036879
Thermotoga_naphthophila_rku_10.ASM2510v1,0.370290763627679,0.331507767966916,0.241715051362215,0.368468066100938,0.272115336313859,0.413945049248315,0.299199367401404,0.442262902925284,0.434172572201845
Thermotoga_neapolitana_dsm_4359.ASM1894v1,0.406586222355051,0.355425338452213,0.211498803926421,0.387140259577403,0.271894517696044,0.412099158517171,0.248222580339369,0.470289806272027,0.457267229348043
Thermotoga_neapolitana_la10.TnapLA10N1,0.404440733127784,0.349736590038314,0.211232268648075,0.387058009540803,0.270735776952473,0.402295782167645,0.246521643109541,0.468390286611902,0.458057054741712
Thermotoga_petrophila_rku_1.ASM1678v1,0.368030531984966,0.331693989071038,0.245214061956143,0.368233713901948,0.276981899138515,0.411530815109344,0.307695984703633,0.439332451780585,0.428606178545366
Thermotoga_sp_2812b.ASM78933v1,0.366109877377619,0.329445110650823,0.233859022392611,0.362792547901611,0.272038369304556,0.411338661338661,0.303273181032828,0.442522106881968,0.436367416236444
Thermotoga_sp_cell2.ASM78937v1,0.370248749812204,0.321124054281254,0.230865384615385,0.361052592674724,0.265335851092528,0.416573348264278,0.295152525959004,0.44769296460955,0.438591766063871
Thermotoga_sp_emp.ASM29455v1,0.365152991619567,0.329150154117129,0.236115992970123,0.363241436925647,0.27200231984921,0.41136535076691,0.304442508710801,0.442097828810972,0.434550031466331
Thermotoga_sp_mc24.ASM78483v1,0.365130095488324,0.337541899441341,0.253574580759047,0.367414292449653,0.282384690873405,0.404217022370789,0.307294966132255,0.435853551356477,0.42882442531789
Thermotoga_sp_rq2.ASM1962v1,0.368607037008891,0.328603676233473,0.237797669312616,0.365575316188185,0.272412826025989,0.411735821261969,0.302560992676214,0.440739091718611,0.43415609954567
Thermotoga_sp_rq7.ASM83214v1,0.411420119494775,0.340228399051928,0.204309586631486,0.382904174792583,0.258919961427194,0.408786299329859,0.238909541511772,0.473727192122824,0.461708751297129
Thermotoga_sp_tbgt1765.ASM78479v1,0.369540826927073,0.31978735971648,0.229428303655108,0.361354181609525,0.265730957262261,0.418630751964085,0.2956307627829,0.445658283842901,0.438672708887308
Thermotoga_sp_tbgt1766.ASM78482v1,0.369438230176485,0.319863336475024,0.229246428237931,0.361580303464071,0.265499711755149,0.418994413407821,0.295180408333768,0.445616942460946,0.438270682310739
Thermotoga_sp_xyl54.ASM78478v1,0.369153387891406,0.320520332825501,0.229122055674518,0.361628611121006,0.26544658219928,0.416804407713499,0.295172270436003,0.445914830703604,0.438389241799472
Thermovibrio_ammonificans_hb_1.ASM18580v1,0.291187503843552,0.0799951737451737,0.221464685153976,0.404417448923247,0.10242860955431,0.366906474820144,0.106660666066607,0.383927333240882,0.231835902888534
Thermovirga_lienii_dsm_17291.ASM23377v1,0.497297066302002,0.483594864479315,0.43756849094308,0.481378973503195,0.476811172534187,0.474330966684872,0.39509788808386,0.480033984706882,0.433833652328666
Thermus_aquaticus.ASM128025v1,0.140947709555925,0.0673495725116954,0.113301892152963,0.23795025898541,0.0728967123996894,0.0593253198914308,0.0406119610570236,0.104452257733181,0.0823134953897737
Thermus_aquaticus_y51mc23.ASM17305v1,0.141990945789138,0.074170317024278,0.11953125,0.237365026994601,0.0763838530335992,0.0689170182841069,0.0468227424749164,0.106377466039901,0.0904002453611409
Thermus_filiformis.THFILIv2,0.0917726420126999,0.0561626225293267,0.0933347563904157,0.1853175373859,0.0535714285714286,0.0619195046439628,0.0330689009715661,0.075123935426465,0.053931072686266
Thermus_oshimai_jl_2.ASM30988v1,0.167900340178909,0.0753482482059941,0.138226047518425,0.21922942206655,0.0615574314711183,0.0500672043010753,0.0382860040567951,0.112615500660004,0.0936108124712026
Thermus_parvatiensis.ASM25283v2,0.142884818218998,0.0601584662036584,0.140091283863369,0.201485927966936,0.0573428369614076,0.0660508083140878,0.0314161430642823,0.0941581451857851,0.0652499097333264
Thermus_parvatiensis_gca_001535545.ASM153554v1,0.149991722311131,0.0647058823529412,0.141423527225423,0.213822069492173,0.0645829878958713,0.0651408450704225,0.0422053796998068,0.100731012266138,0.0782119248641927
Thermus_scotoductus.ASM129466v1,0.246190342165574,0.192125984251969,0.175587172538392,0.296651937457512,0.162700421940928,0.117855735120221,0.097134670487106,0.156805370282714,0.267994441871237
Thermus_scotoductus_sa_01.ASM18700v1,0.253360314561637,0.206855292792793,0.185780240073869,0.303413222265363,0.169454511662485,0.114008692744901,0.103866801524936,0.158458244111349,0.274689488033929
Thermus_sp_2_9.ASM79438v1,0.213291694060925,0.0848381070983811,0.231046331190423,0.252153110047847,0.0955100745676662,0.0697674418604651,0.0502095862948788,0.119828641370869,0.114912957722322
Thermus_sp_ccb_us3_uf1.ASM23658v1,0.197762093303495,0.115947383978717,0.157609996648633,0.247459540835529,0.088663867621635,0.0805821796237132,0.0511811023622047,0.111405016973063,0.144466067657654
Thermus_sp_nmx2_a1.TNMX1.0,0.242507278643603,0.195237025387553,0.170809623639812,0.294263869534104,0.159530965167266,0.107523066004258,0.0921186440677966,0.151289290419725,0.262474285022791
Thermus_thermophilus_hb27.ASM812v1,0.125204269670735,0.0497938471297177,0.130540082344393,0.176470588235294,0.0429166666666667,0.0523168908819133,0.0277724204435873,0.0860170198564992,0.0480177502407167
Thermus_thermophilus_hb8.ASM9154v1,0.123246231679967,0.046912784136708,0.127330716388616,0.17768151651234,0.0431460206892967,0.047746371275783,0.0263259402121504,0.081246053462429,0.0463797130463797
Thermus_thermophilus_jl_18.ASM25824v1,0.1372355567057,0.0584347303590206,0.134900442477876,0.188841045102905,0.0529115744069015,0.053319209039548,0.0369307995697383,0.0927547462223944,0.0594752186588921
Thermus_thermophilus_sg0_5jp17_16.ASM21484v1,0.143237221058233,0.0634086930044911,0.143950824252585,0.199650583599732,0.0610443736209855,0.0684319119669876,0.0413348841370672,0.0969557231622963,0.0699984172206394
Treponema_denticola_atcc_33520.Trep_dent_ATCC_33520_V1,0.219335781574325,0.330344612505847,0.366087502616705,0.170947305337956,0.277493719521206,0.447976878612717,0.353617324025079,0.300803079577885,0.302563881772975
Treponema_denticola_atcc_35405.ASM818v1,0.218507010963182,0.330029339465546,0.367226855183508,0.171341778697001,0.276879415851243,0.444499850403909,0.353921215936685,0.299552228831117,0.301295308588223
Treponema_denticola_sp32.Trep_dent_SP32__F0464_V1,0.214927920514462,0.332817935833011,0.359707313150806,0.171044644912824,0.277862551464026,0.448167436376142,0.356076851430676,0.293017039759439,0.302707769214747
Treponema_sp_jc4.ASM26079v1,0.176451628499138,0.490196078431373,0.127485678841172,0.312606788270607,0.409260024803638,0.49528378598146,0.427981785145472,0.362612009169123,0.370826954049271
Truepera_radiovictrix_dsm_17093.ASM9242v1,0.191866112517715,0.0624284673811258,0.213562642864918,0.469578872234118,0.0807533647235301,0.123292075229063,0.0461514474299672,0.377826297913634,0.0722858388599491
Ureaplasma_parvum_serovar_1_str_atcc_27813.ASM17137v1,0.100780868716447,0.196990056436442,0.0537489262486195,0.0945457829149359,0.128527639784378,0.185467128027682,0.154819964719311,0.097186941386772,0.0918620006602839
Ureaplasma_parvum_serovar_6_str_atcc_27818.ASM16989v1,0.1018607635547,0.200534759358289,0.057114842505209,0.0938287153652393,0.128964281951322,0.185840707964602,0.154874132394074,0.09828699803426,0.0927479033053774
Ureaplasma_urealyticum_serovar_8_str_atcc_27618.ASM16953v1,0.0823627287853577,0.218141097424412,0.0382036917990633,0.11897887858988,0.15418118466899,0.216981132075472,0.18114946245251,0.0882230545151893,0.0919422150882825
Verrucomicrobia_bacterium_imcc26134.ASM97276v1,0.375696062556771,0.305537275547617,0.333912758281404,0.329682779456193,0.32723934216829,0.186001085187195,0.297653190242699,0.437383689107827,0.387362001080831
Verrucomicrobiaceae_bacterium_scgc_ag_212_n21.ASM164449v1,0.374746610207667,0.359402460456942,0.214826254826255,0.229161028416779,0.370329181494662,0.174042027194067,0.330218068535826,0.210269799825936,0.368138045656743
Verrucomicrobiae_bacterium_dg1235.ASM15569v1,0.498166762277704,0.362888820449646,0.481966696984538,0.371443729690298,0.344140197152245,0.285158024531118,0.382014734144779,0.415286982778474,0.42707053759575
Vibrio_alginolyticus_e0666.VibrioE0666,0.364359451683872,0.494330571303969,0.312320479129744,0.405347270069067,0.430307738000046,0.365909247876235,0.424903914946009,0.321134207661604,0.382845904967329
Vibrio_sp_s234_5.ASM96059v1,0.4045901876598,0.481917298231618,0.392843395383928,0.344715753747525,0.47398289908442,0.468602941176471,0.441649918652503,0.288771015013935,0.379916293584939
Waddlia_chondrophila_wsu_86_1044.ASM9278v1,0.348840959483975,0.372522950300728,0.418325505106986,0.316278921130001,0.387231695546261,0.3522356776898,0.403953408961566,0.294368288536444,0.326100676183321
_deinococcus_soli_cha_et_al_2014.ASM100799v1,0.288806349627468,0.0912756958788236,0.0437565740045079,0.0418545454545455,0.0453014228970788,0.0781119465329992,0.0736606077954296,0.210873066224196,0.0980143386499114
