0.4997022222222222 -0.9998673754693548
0.46170222222222224 -0.8929963495034549
0.43628444444444436 -0.8358516464583272
0.4172088888888889 -0.7653861896416044
0.4023866666666666 -0.7773114604200653
0.3889511111111111 -0.7007183197416628
0.37920444444444446 -0.7584351414806318
0.3692311111111112 -0.6981916062386557
0.36155999999999994 -0.6663223913411291
0.3540177777777777 -0.7422366312403191
0.3465977777777777 -0.6845640311886697
0.34042666666666666 -0.6689960676707011
0.33592 -0.6533402451379168
0.32930444444444446 -0.6520985195780383
0.32606222222222225 -0.5743322959357011
0.3209 -0.6506648593982673
0.31645555555555555 -0.6492839798363524
0.3127533333333333 -0.6423687379791057
0.3096755555555555 -0.617031284671683
0.30564444444444444 -0.6100439842186218
0.3023911111111111 -0.8402044141139482
0.2993577777777777 -0.608480795703325
0.29684888888888894 -0.6282836130941439
0.29312444444444447 -0.6332576834468281
0.2899311111111111 -0.6387825734160496
0.2882311111111111 -0.6437602157042072
0.2854488888888889 -0.615010684010061
0.28373777777777776 -0.6336235582871984
0.28106888888888887 -0.6133895367874185
0.2793333333333334 -0.5767757306538024
0.2766311111111111 -0.5956541003815282
0.27465999999999996 -0.5632787543997781
0.2725311111111111 -0.5966834339615806
0.2703666666666666 -0.5130152669857795
0.26918666666666663 -0.6256299866129658
0.26759333333333335 -0.5951147516656505
