0.49947111111111114 -1.005217746290459
0.40112 -0.666742041065597
0.3669888888888889 -0.5947650714571799
0.34542222222222224 -0.561916297955091
0.32996666666666663 -0.5462748516663731
0.31839111111111107 -0.5271922051336382
0.3086311111111111 -0.5185530348218408
0.30123999999999995 -0.5213714930809582
0.2937866666666667 -0.5219963077215422
0.28755777777777775 -0.5209004545757049
0.28234222222222216 -0.47991688132367727
0.2774755555555555 -0.5183006250870048
0.27267555555555556 -0.46436139943269794
0.2687955555555555 -0.49800786065227215
0.2657222222222222 -0.5041193165156794
0.26160222222222224 -0.4888662551674883
0.2576466666666667 -0.4923813229283025
0.25579999999999997 -0.4993216523517528
0.2527155555555555 -0.4778747085399193
0.2505711111111111 -0.4851519489846098
0.24845777777777778 -0.48851121469575237
0.24557111111111113 -0.47309003803048577
0.24290888888888884 -0.4667492913713136
0.24102666666666664 -0.4720365365193281
0.23918444444444442 -0.4773344916240229
0.23685111111111112 -0.460089753214678
0.23616888888888884 -0.44931177002951506
0.23325555555555558 -0.443122301283871
0.23176666666666668 -0.4286990758004702
0.23091777777777775 -0.45633556148238164
0.22848444444444446 -0.43703690453298893
0.22729999999999995 -0.46263876995560005
0.22576444444444443 -0.4424707317438985
0.22495555555555558 -0.46324377097589003
0.22294222222222224 -0.4486489222796453
0.22246666666666665 -0.43731953391536843
