aa,Sanov,KL,SanovRand,KLRand,Ratio
/home/dfc/seqsTb/absidia_glaucaForTb.txt,0,0.036094554326272,1.56380540628e-84,0.00590483554460388,0.163593529683949
/home/dfc/seqsTb/acidomyces_richmondensis_bfwForTb.txt,2.34739862433398e-224,0.0200883920369844,2.82598771857805e-118,0.0105592861949406,0.525641184993805
/home/dfc/seqsTb/acremonium_chrysogenum_atcc_11550ForTb.txt,0,0.0439423630144036,1.28590323274831e-81,0.0096143050201946,0.218793536821021
/home/dfc/seqsTb/agaricus_bisporus_var_burnettii_jb137_s8ForTb.txt,0,0.0329374240719894,2.23318265100182e-94,0.00838901268141172,0.254695469295849
/home/dfc/seqsTb/allomyces_macrogynus_atcc_38327ForTb.txt,0,0.0294765343277704,8.63908017048525e-85,0.00397534322131595,0.134864674968614
/home/dfc/seqsTb/alternaria_alternataForTb.txt,0,0.044516611796254,5.03545560454271e-92,0.00700270901218785,0.157305525502215
/home/dfc/seqsTb/amanita_muscaria_koide_bx008ForTb.txt,2.33001868769374e-223,0.0120054004554955,7.4459423600454e-105,0.00561507647611281,0.467712551274581
/home/dfc/seqsTb/anncaliia_algerae_pra339ForTb.txt,1.49070040330247e-126,0.0318066171520924,8.37870012233774e-83,0.0207474881910978,0.652301000508409
/home/dfc/seqsTb/anthracocystis_flocculosa_pf_1ForTb.txt,2.79597701985191e-235,0.0607718369807809,1.25974003255584e-71,0.0183698251633026,0.302275298492491
/home/dfc/seqsTb/arthrobotrys_oligospora_atcc_24927ForTb.txt,1.01486576796528e-278,0.026561429913976,1.12546022292071e-114,0.0108874438176803,0.409896750775138
/home/dfc/seqsTb/arthroderma_benhamiae_cbs_112371ForTb.txt,0,0.0616697830137327,3.65868762617379e-98,0.0134176325938873,0.217572236161418
/home/dfc/seqsTb/arthroderma_otae_cbs_113480ForTb.txt,0,0.0427112312249716,1.76000304901568e-111,0.0130285904659699,0.305038981371078
/home/dfc/seqsTb/aschersonia_aleyrodis_rcef_2490ForTb.txt,0,0.0552532723608348,1.83392417478729e-87,0.0109789700984924,0.198702622114281
/home/dfc/seqsTb/ascochyta_rabieiForTb.txt,0,0.0613542873623475,2.82418435583343e-110,0.0115254564849691,0.187850873678995
/home/dfc/seqsTb/ascoidea_rubescens_dsm_1968ForTb.txt,0,0.169718340078076,1.80414407116056e-87,0.0158935956719955,0.0936468955840836
/home/dfc/seqsTb/ascosphaera_apis_arsef_7405ForTb.txt,0,0.0654640894689049,3.10613187476058e-116,0.0207835033684001,0.317479453804549
/home/dfc/seqsTb/ashbya_gossypiiForTb.txt,0,0.292315936097003,5.84973021064816e-109,0.0251199858475969,0.0859343701304775
/home/dfc/seqsTb/aspergillus_calidoustusForTb.txt,0,0.0277749936852934,8.57029452560777e-92,0.0059042524695589,0.212574394668005
/home/dfc/seqsTb/aspergillus_clavatusForTb.txt,0,0.0611657809409913,1.07674634624329e-103,0.0121455007800195,0.198566920803915
/home/dfc/seqsTb/aspergillus_cristatusForTb.txt,0,0.0632038382733366,1.3332122579309e-105,0.0105120948764843,0.166320514128
/home/dfc/seqsTb/aspergillus_flavusForTb.txt,0,0.0285762037588521,2.05473588344542e-104,0.00750734866849768,0.26271329571452
/home/dfc/seqsTb/aspergillus_fumigatusForTb.txt,9.16318226795656e-314,0.0346170649156006,9.74338078880397e-117,0.0128290206377534,0.37059816217902
/home/dfc/seqsTb/aspergillus_lentulusForTb.txt,0,0.0442689420770781,4.0589350911469e-110,0.0125627650664817,0.283782816508427
/home/dfc/seqsTb/aspergillus_luchuensisForTb.txt,0,0.0488438808465445,7.25383160573853e-81,0.00650410146649443,0.133161029667743
/home/dfc/seqsTb/aspergillus_nidulansForTb.txt,2.31076256781034e-312,0.032732824168787,1.1217821895268e-94,0.00986808138309307,0.301473570756017
/home/dfc/seqsTb/aspergillus_nigerForTb.txt,0,0.0550129441680183,8.6464704228122e-104,0.00725346756968288,0.131850197792171
/home/dfc/seqsTb/aspergillus_nomius_nrrl_13137ForTb.txt,0,0.0407737835099836,4.14438070841838e-106,0.00956189724895927,0.234510914264751
/home/dfc/seqsTb/aspergillus_ochraceoroseusForTb.txt,0,0.0501725621862345,3.18806238553115e-96,0.0134554372535693,0.268183179555877
/home/dfc/seqsTb/aspergillus_oryzaeForTb.txt,0,0.0286593167152451,1.03134452711733e-99,0.00767657070793457,0.267856026862325
/home/dfc/seqsTb/aspergillus_parasiticus_su_1ForTb.txt,0,0.049887913304864,1.66698009506141e-116,0.0151522596978622,0.303726066978729
/home/dfc/seqsTb/aspergillus_rambelliiForTb.txt,0,0.048939903634391,1.45156088476147e-96,0.0139253820582904,0.284540447041353
/home/dfc/seqsTb/aspergillus_ruber_cbs_135680ForTb.txt,0,0.0586591895670743,1.47694478289508e-104,0.0109956709770117,0.187450100455932
/home/dfc/seqsTb/aspergillus_terreusForTb.txt,0,0.0545998709050571,1.53725279831871e-99,0.00982833379180216,0.180006539006154
/home/dfc/seqsTb/aspergillus_udagawaeForTb.txt,0,0.0397614522656629,6.39928816810361e-103,0.0115990574169636,0.291716141036939
/home/dfc/seqsTb/aspergillus_ustusForTb.txt,2.99631339537726e-106,0.176453621781108,3.8212736133835e-93,0.15453872903032,0.875803667107644
/home/dfc/seqsTb/aureobasidium_melanogenum_cbs_110374ForTb.txt,0,0.0706786705783703,3.99806834645863e-108,0.0101487002385301,0.143589291585174
/home/dfc/seqsTb/aureobasidium_namibiae_cbs_147_97ForTb.txt,0,0.0619725240987634,4.67345755596424e-110,0.0107582248314358,0.173596686400748
/home/dfc/seqsTb/aureobasidium_subglaciale_exf_2481ForTb.txt,0,0.0656771684101566,9.77048330164217e-96,0.00892970337543045,0.135963586609948
/home/dfc/seqsTb/babjeviella_inositovora_nrrl_y_12698ForTb.txt,0,0.108545227422077,3.52768430403972e-79,0.0143152056973905,0.131882405494679
/home/dfc/seqsTb/batrachochytrium_dendrobatidis_jam81ForTb.txt,5.6196560300641e-270,0.0323863398971412,8.85771547177646e-82,0.009749291581339,0.301030978255112
/home/dfc/seqsTb/baudoinia_panamericana_uamh_10762ForTb.txt,1.9682552455232e-219,0.0211228131318966,8.74816145668889e-95,0.00908421376097389,0.430066473828537
/home/dfc/seqsTb/beauveria_bassiana_arsef_2860ForTb.txt,0,0.0706946485604102,4.51593190104118e-108,0.0109165081917087,0.154417744680919
/home/dfc/seqsTb/bipolaris_maydis_c5ForTb.txt,0,0.0516582316908988,2.02132814322727e-99,0.00784385508126489,0.151841339211904
/home/dfc/seqsTb/bipolaris_oryzae_atcc_44560ForTb.txt,0,0.0585297046336081,3.08423174527063e-93,0.00824485644260673,0.140866189129417
/home/dfc/seqsTb/bipolaris_sorokiniana_nd90prForTb.txt,0,0.0532432823217305,1.20605998839647e-97,0.00838046472574007,0.15739947577048
/home/dfc/seqsTb/bipolaris_victoriae_fi3ForTb.txt,0,0.0581478958925057,2.71305347629664e-109,0.00903969409097194,0.155460381708103
/home/dfc/seqsTb/bipolaris_zeicola_26_r_13ForTb.txt,0,0.0620519140827792,1.96149420277362e-108,0.00906154713406411,0.146031710189886
/home/dfc/seqsTb/blastomyces_dermatitidis_er_3ForTb.txt,0,0.0432249606812583,2.42555137735741e-88,0.00780914412451907,0.180662839281772
/home/dfc/seqsTb/blastomyces_gilchristii_slh14081ForTb.txt,0,0.0388797560841853,1.84494369011042e-107,0.00963327674010668,0.247771017885194
/home/dfc/seqsTb/blumeria_graminisForTb.txt,2.48224288938023e-214,0.0356099078597151,5.21401929640588e-108,0.0178850158577302,0.502248304831005
/home/dfc/seqsTb/botryobasidium_botryosum_fd_172_ss1ForTb.txt,0,0.0206622234429651,8.64384122895226e-98,0.00536477417289284,0.259641668656883
/home/dfc/seqsTb/botrytis_cinereaForTb.txt,0,0.0410268642257349,1.42912194697681e-97,0.00778582080890448,0.189773724018144
/home/dfc/seqsTb/brettanomyces_bruxellensis_awri1499ForTb.txt,0,0.0883849864184349,2.79529079717209e-108,0.0206789624165197,0.233964650043852
/home/dfc/seqsTb/byssochlamys_spectabilis_no_5ForTb.txt,0,0.0657790934042748,5.50319668737268e-104,0.0135849343236257,0.206523587063346
/home/dfc/seqsTb/calocera_cornea_hhb12733ForTb.txt,0,0.0731579957945623,1.36367852085052e-86,0.00587764231388226,0.0803417623739651
/home/dfc/seqsTb/calocera_viscosa_tufc12733ForTb.txt,0,0.0466432435392023,3.7680209342196e-87,0.00631841095977115,0.135462512474303
/home/dfc/seqsTb/candida_albicans_wo_1ForTb.txt,0,0.162224680540583,1.66057270831644e-89,0.0197777583909242,0.121915841196411
/home/dfc/seqsTb/candida_arabinofermentans_nrrl_yb_2248ForTb.txt,0,0.164799412015395,4.52862875985856e-90,0.0189291718050985,0.1148618892119
/home/dfc/seqsTb/_candida_aurisForTb.txt,0,0.117924963672468,1.01682551935698e-98,0.0166804652602294,0.141449823182128
/home/dfc/seqsTb/candida_dubliniensis_cd36ForTb.txt,0,0.172436523930665,5.40283945962166e-94,0.0211937307905075,0.122907434616515
/home/dfc/seqsTb/_candida_glabrataForTb.txt,0,0.305982690763035,5.34734104312999e-106,0.0257322102358059,0.0840969473522732
/home/dfc/seqsTb/candida_maltosa_xu316ForTb.txt,0,0.118408715402111,5.93116747079629e-88,0.0189264292418487,0.159839832545901
/home/dfc/seqsTb/candida_orthopsilosis_co_90_125ForTb.txt,2.22154657873967e-290,0.0665886055668782,1.07049425534489e-110,0.0252811740981071,0.379662164162846
/home/dfc/seqsTb/candida_parapsilosis_cdc317ForTb.txt,2.051043206437e-242,0.054920284610644,1.3988847822165e-100,0.0226904997497638,0.413153353276071
/home/dfc/seqsTb/candida_tanzawaensis_nrrl_y_17324ForTb.txt,0,0.21394756221906,2.00007618070214e-109,0.0227431703649401,0.106302545021071
/home/dfc/seqsTb/_candida_tenuis_atcc_10573ForTb.txt,0,0.0709232116704683,4.13558594797586e-109,0.0184519146849128,0.260167500178168
/home/dfc/seqsTb/candida_tropicalis_mya_3404ForTb.txt,0,0.189515461594708,1.01652404234604e-90,0.0186278559298428,0.0982920114965592
/home/dfc/seqsTb/capronia_coronata_cbs_617_96ForTb.txt,4.31179213235278e-173,0.0210248380284107,1.46789145541457e-113,0.0137632191832029,0.654617132584082
/home/dfc/seqsTb/capronia_epimyces_cbs_606_96ForTb.txt,1.82590103985638e-233,0.0245431762345752,1.11882141848558e-108,0.0113838751645081,0.463830559488511
/home/dfc/seqsTb/capronia_semi_immersaForTb.txt,3.53519982379053e-219,0.020638575641749,2.64450734374787e-108,0.0101635772712476,0.492455363571125
/home/dfc/seqsTb/ceraceosorus_bombacisForTb.txt,3.69510347792115e-241,0.0338189370099393,7.09434403974432e-93,0.0129615831274273,0.383264060713024
/home/dfc/seqsTb/ceratocystis_plataniForTb.txt,4.49969841822924e-290,0.0553222342100734,1.15399803231133e-108,0.0206373791896019,0.373039510863502
/home/dfc/seqsTb/cercospora_fijiensis_cirad86ForTb.txt,0,0.0343648900324284,3.4665373279128e-102,0.00763840193813521,0.222273428808509
/home/dfc/seqsTb/chaetomium_globosum_cbs_148_51ForTb.txt,0,0.0446986555270844,2.87885791505373e-102,0.00949235864671217,0.212363404106426
/home/dfc/seqsTb/chaetomium_thermophilum_var_thermophilum_dsm_1495ForTb.txt,4.94065645841247e-324,0.0509695622955664,6.6483571568829e-87,0.0135929944725587,0.266688467790533
/home/dfc/seqsTb/choanephora_cucurbitarumForTb.txt,0,0.068395212054586,4.74308112530112e-87,0.00762352687222475,0.111462873543552
/home/dfc/seqsTb/cladophialophora_bantiana_cbs_173_52ForTb.txt,2.20901879019884e-256,0.021148526508923,1.18274378950762e-110,0.00909346230446278,0.429980892551831
/home/dfc/seqsTb/cladophialophora_carrionii_cbs_160_54ForTb.txt,2.65406019980356e-213,0.0224128638760662,5.9332758465524e-95,0.00993475009637047,0.443261073252642
/home/dfc/seqsTb/cladophialophora_immundaForTb.txt,0,0.0349182289555523,5.29689340372224e-115,0.00891452943035713,0.255297295911099
/home/dfc/seqsTb/cladophialophora_psammophila_cbs_110553ForTb.txt,7.34275197435079e-260,0.020474861384864,1.87787344466227e-97,0.0076425987931599,0.373267425332103
/home/dfc/seqsTb/cladophialophora_yegresii_cbs_114405ForTb.txt,5.89973873083954e-193,0.0204284864024013,7.38551339355189e-109,0.0114913118892491,0.562514112053764
/home/dfc/seqsTb/claviceps_purpurea_20_1ForTb.txt,4.63904527891427e-269,0.0328230387499568,3.39732028878338e-89,0.0108216684182936,0.329697335482319
/home/dfc/seqsTb/clavispora_lusitaniae_atcc_42720ForTb.txt,0,0.0873999914534561,2.77676348288624e-99,0.0178407734411731,0.204127862537309
/home/dfc/seqsTb/coccidioides_immitis_rsForTb.txt,3.67849783314613e-269,0.0259223656074512,3.08539408121629e-93,0.00893364092678125,0.344630619830982
/home/dfc/seqsTb/coccidioides_posadasii_str_silveiraForTb.txt,1.62343961434828e-245,0.0224552328857977,6.29043836626504e-84,0.00763229022949866,0.339889159391702
/home/dfc/seqsTb/colletotrichum_fioriniae_pj7ForTb.txt,0,0.0670151500111687,4.9938468204197e-88,0.00683646040214978,0.102013655136345
/home/dfc/seqsTb/colletotrichum_gloeosporioidesForTb.txt,0,0.0841226634231926,3.42366825592032e-98,0.00674569799355871,0.080188830441844
/home/dfc/seqsTb/colletotrichum_graminicolaForTb.txt,0,0.0683473631882005,5.28413763021354e-82,0.00695223701447286,0.101719169404228
/home/dfc/seqsTb/colletotrichum_higginsianumForTb.txt,0,0.0853580393996237,2.9684653049904e-84,0.00504628611561839,0.0591190490211827
/home/dfc/seqsTb/colletotrichum_incanumForTb.txt,0,0.072386042159598,1.64322215162841e-96,0.00814865550456442,0.11257219294568
/home/dfc/seqsTb/colletotrichum_nymphaeae_sa_01ForTb.txt,0,0.0706685384988609,1.17332380641033e-103,0.0075350169770781,0.106624774434801
/home/dfc/seqsTb/colletotrichum_orbiculareForTb.txt,0,0.0705611247567786,7.82242973626714e-72,0.00553756321173306,0.0784789532596145
/home/dfc/seqsTb/colletotrichum_salicisForTb.txt,0,0.0610786160200599,2.07428217432565e-97,0.00716814691910599,0.117359353996361
/home/dfc/seqsTb/colletotrichum_simmondsiiForTb.txt,0,0.0694610278449334,1.42088320992248e-84,0.00646591879012749,0.0930870013119037
/home/dfc/seqsTb/colletotrichum_sublineolaForTb.txt,0,0.0651116484041847,4.82153822367296e-84,0.00681797053098328,0.104711993907147
/home/dfc/seqsTb/colletotrichum_tofieldiaeForTb.txt,0,0.0819577945658875,8.9787816613053e-98,0.00855114323101053,0.104335936274323
/home/dfc/seqsTb/conidiobolus_coronatus_nrrl_28638ForTb.txt,0,0.0619215586721066,6.15375789644232e-78,0.0072461615780825,0.117021627579711
/home/dfc/seqsTb/coniophora_puteana_rwd_64_598_ss2ForTb.txt,2.1803400422029e-139,0.133926110351876,6.58746254790801e-92,0.0880673910767315,0.657581937124463
/home/dfc/seqsTb/coniosporium_apollinis_cbs_100218ForTb.txt,7.90708293360069e-211,0.0231096634990962,5.39443469029547e-88,0.0095988401822041,0.415360447917362
/home/dfc/seqsTb/coprinopsis_cinerea_okayama7_130ForTb.txt,0,0.0245765680528418,3.73873365198856e-101,0.00761166383917161,0.309712235768878
/home/dfc/seqsTb/cordyceps_brongniartii_rcef_3172ForTb.txt,0,0.0733998038894778,4.18814539645895e-93,0.0100785669575287,0.137310543400151
/home/dfc/seqsTb/cordyceps_confragosa_rcef_1005ForTb.txt,0,0.0891676736319052,8.60967673744235e-99,0.00912925678958875,0.1023830320759
/home/dfc/seqsTb/cordyceps_militaris_cm01ForTb.txt,0,0.0903823157075343,5.77319618831069e-96,0.0104960964470471,0.116129979242966
/home/dfc/seqsTb/cryptococcus_amylolentus_cbs_6039ForTb.txt,0,0.050948512737524,1.78635695590965e-111,0.0109746413753023,0.215406511115276
/home/dfc/seqsTb/cryptococcus_depauperatus_cbs_7855ForTb.txt,6.430691514247e-271,0.0447292744355407,3.73800039275893e-103,0.0169564824045065,0.379091380722987
/home/dfc/seqsTb/cryptococcus_gattii_ca1873ForTb.txt,0,0.0775384330644064,1.25732744511262e-106,0.0175794846416537,0.226719627246678
/home/dfc/seqsTb/cryptococcus_gattii_vgii_mmrl2647ForTb.txt,0,0.0727800305040973,1.15900385174732e-108,0.0176451280905693,0.242444637194483
/home/dfc/seqsTb/cryptococcus_gattii_vgiv_ind107ForTb.txt,0,0.069027594786232,8.01350432048962e-102,0.0166439690638345,0.24112051296845
/home/dfc/seqsTb/cryptococcus_gattii_wm276ForTb.txt,0,0.0799209423131828,5.50427127345628e-120,0.0200426747517165,0.250781261727071
/home/dfc/seqsTb/cryptococcus_neoformansForTb.txt,0,0.0815468960996928,1.88092041054929e-118,0.020375321687927,0.249860174481905
/home/dfc/seqsTb/cutaneotrichosporon_oleaginosusForTb.txt,0,0.0632566199469287,5.39868343025283e-82,0.00918454022336705,0.145194925544121
/home/dfc/seqsTb/cyberlindnera_jadiniiForTb.txt,0,0.108017722679468,2.53657289234711e-104,0.0232833612256121,0.215551306286129
/home/dfc/seqsTb/cylindrobasidium_torrendii_fp15055_ss_10ForTb.txt,0,0.0219994785738251,1.41718747706548e-98,0.00643985207957006,0.292727487061087
/home/dfc/seqsTb/cyphellophora_europaea_cbs_101466ForTb.txt,6.41598532003876e-285,0.0278328424533523,2.72022684621249e-84,0.00818410244291296,0.29404479462094
/home/dfc/seqsTb/dactylellina_haptotyla_cbs_200_50ForTb.txt,0,0.0497940947470717,1.62365888462213e-106,0.0108031460743351,0.216956370614015
/home/dfc/seqsTb/daedalea_quercina_l_15889ForTb.txt,0,0.0390085108064901,5.00113701785198e-91,0.00673007212080615,0.1725283016876
/home/dfc/seqsTb/debaryomyces_fabryiForTb.txt,0,0.123856224824001,2.31644561046473e-115,0.0240968825769493,0.194555280618239
/home/dfc/seqsTb/debaryomyces_hansenii_cbs767ForTb.txt,0,0.127705515773695,3.09922264489835e-98,0.0201908442259965,0.15810471539676
/home/dfc/seqsTb/diaporthe_ampelinaForTb.txt,0,0.0497281215884891,5.8775237919249e-102,0.00910411060953802,0.183077709728843
/home/dfc/seqsTb/diaporthe_helianthiForTb.txt,0,0.0428743138430157,4.39428369973965e-87,0.00616993293264697,0.143907444332245
/home/dfc/seqsTb/dichomitus_squalens_lyad_421_ss1ForTb.txt,9.04592361596252e-308,0.0395941921155412,3.25996007027649e-88,0.0112816853291081,0.284932832981832
/home/dfc/seqsTb/diplodia_seriataForTb.txt,0,0.0511205065312848,3.34813017175359e-76,0.0077359476979846,0.151327680864241
/home/dfc/seqsTb/dothistroma_septosporumForTb.txt,4.52549304395876e-271,0.020852567120132,2.7716003635865e-85,0.00652218638625686,0.312776184758569
/home/dfc/seqsTb/drechmeria_coniosporaForTb.txt,0,0.0673447622712133,1.2300928082417e-85,0.010755454025971,0.15970735753222
/home/dfc/seqsTb/drechslerella_stenobrocha_248ForTb.txt,5.27416959336348e-282,0.0551252170380807,1.3308043901376e-88,0.0172220363111285,0.312416662218879
/home/dfc/seqsTb/edhazardia_aedis_usnm_41457ForTb.txt,3.83127865573896e-198,0.0461210074891103,2.95226985832318e-80,0.0185799749514552,0.402852755457307
/home/dfc/seqsTb/emmonsia_crescens_uamh_3008ForTb.txt,9.39037690803925e-277,0.0306834211319704,2.98839186278365e-98,0.0108409097088556,0.35331489478401
/home/dfc/seqsTb/emmonsia_parva_uamh_139ForTb.txt,0,0.0544209376482788,2.61336491217765e-101,0.0129501484993869,0.237962612534966
/home/dfc/seqsTb/emmonsia_sp_cac_2015aForTb.txt,2.32806611317339e-216,0.0253039110263031,4.61736628793178e-98,0.0114220525246367,0.451394747348091
/home/dfc/seqsTb/encephalitozoon_cuniculi_gb_m1ForTb.txt,2.01206376266089e-207,0.0836884039575961,3.27586548164604e-87,0.0350164095282403,0.418414115604149
/home/dfc/seqsTb/encephalitozoon_hellem_atcc_50504ForTb.txt,1.73043149678414e-131,0.0617367800665786,1.16242740964049e-101,0.047654415415048,0.77189667753414
/home/dfc/seqsTb/encephalitozoon_intestinalis_atcc_50506ForTb.txt,4.49432211153226e-126,0.0586870489772564,1.61768678556001e-113,0.0528082794407617,0.899828503239737
/home/dfc/seqsTb/encephalitozoon_romaleae_sj_2008ForTb.txt,6.23543390094116e-132,0.0655622795371819,8.13932859740994e-103,0.051013358698712,0.77809007037013
/home/dfc/seqsTb/endocarpon_pusillum_z07020ForTb.txt,4.9367897830763e-230,0.0280760319105685,9.93975637643753e-102,0.0123666455904731,0.440469850934241
/home/dfc/seqsTb/enterocytozoon_bieneusi_h348ForTb.txt,0,0.288751269987849,1.72258528882137e-80,0.0199222237989249,0.068994411002117
/home/dfc/seqsTb/eremothecium_cymbalariae_dbvpg_7215ForTb.txt,0,0.107978048128071,3.07681892074571e-112,0.0299504997282178,0.277375820802891
/home/dfc/seqsTb/eremothecium_sinecaudumForTb.txt,0,0.0964202863692528,1.04155311705508e-120,0.0314049673955137,0.325709128006991
/home/dfc/seqsTb/erysiphe_necatorForTb.txt,5.50450085502848e-177,0.0296242332383274,3.8235585029898e-106,0.0177177254250426,0.598082160726432
/home/dfc/seqsTb/escovopsis_weberiForTb.txt,0,0.0541703242691439,7.86927496362782e-79,0.0112036666094535,0.206822956307007
/home/dfc/seqsTb/eutypa_lata_ucrel1ForTb.txt,0,0.0735731422899876,5.88841787875309e-111,0.00900304902001189,0.122368689711885
/home/dfc/seqsTb/exidia_glandulosa_hhb12029ForTb.txt,0,0.0277076536459683,3.03048222711473e-89,0.00284309320014994,0.102610391932759
/home/dfc/seqsTb/exophiala_aquamarina_cbs_119918ForTb.txt,3.80685325245167e-257,0.020694972519088,1.81688836612306e-107,0.00861477320719957,0.416273720549942
/home/dfc/seqsTb/exophiala_dermatitidis_nih_ut8656ForTb.txt,1.93159342129196e-233,0.0267667706378158,1.11066799061066e-106,0.0121868753798745,0.455298681517335
/home/dfc/seqsTb/exophiala_mesophilaForTb.txt,3.43303354833144e-205,0.0230963745965975,1.07887683538387e-104,0.0117441586115886,0.50848493829498
/home/dfc/seqsTb/exophiala_oligospermaForTb.txt,0,0.0438932561699317,8.52376080510027e-116,0.00960476376186511,0.218820944262611
/home/dfc/seqsTb/exophiala_siderisForTb.txt,1.35052269988049e-237,0.0242923648377418,5.43547415262985e-99,0.0100776312777948,0.41484768342264
/home/dfc/seqsTb/exophiala_spiniferaForTb.txt,0,0.0426794846865498,1.05647776458062e-106,0.00983392759514063,0.230413456661058
/home/dfc/seqsTb/exophiala_xenobioticaForTb.txt,3.52138956589027e-238,0.0199808652411137,1.5316186383507e-115,0.00966126884171048,0.483526049804438
/home/dfc/seqsTb/fibroporia_radiculosaForTb.txt,0,0.0418656121470393,2.43064323426587e-108,0.0116959800866409,0.2793696183293
/home/dfc/seqsTb/fibulorhizoctonia_sp_cbs_109695ForTb.txt,0,0.0325505798923894,2.0031267427829e-89,0.00232730940272245,0.0714982470486369
/home/dfc/seqsTb/fistulina_hepatica_atcc_64428ForTb.txt,4.17916676826103e-219,0.0204056498448489,4.1335164375554e-94,0.00872590983926102,0.427622247054472
/home/dfc/seqsTb/fomitiporia_mediterranea_mf3_22ForTb.txt,9.69410327705876e-111,0.164704439227089,1.9333052854808e-89,0.132815892168531,0.806389267901935
/home/dfc/seqsTb/fomitopsis_pinicola_fp_58527_ss1ForTb.txt,0,0.027656013173928,8.51420154354186e-92,0.00598345297655398,0.216352694762047
/home/dfc/seqsTb/fonsecaea_erectaForTb.txt,0,0.0498015365752225,2.77182704807265e-99,0.00879325858336561,0.176566009566469
/home/dfc/seqsTb/fonsecaea_monophoraForTb.txt,0,0.037831159406643,1.74795950914314e-118,0.0109687132629627,0.289938596516728
/home/dfc/seqsTb/fonsecaea_multimorphosa_cbs_102226ForTb.txt,1.82583322225086e-306,0.0276518717158254,2.74572192388474e-104,0.0093663853896479,0.338725185980356
/home/dfc/seqsTb/fonsecaea_nubicaForTb.txt,0,0.0388472739869047,6.74404947234274e-104,0.00988927604341651,0.254568082351162
/home/dfc/seqsTb/fonsecaea_pedrosoi_cbs_271_37ForTb.txt,0,0.0378843317400356,2.98007968139871e-94,0.0082188782803815,0.216946634740185
/home/dfc/seqsTb/fusarium_culmorumForTb.txt,0,0.0715774559566007,3.24922196053119e-93,0.00864750063253844,0.120813187853193
/home/dfc/seqsTb/fusarium_fujikuroiForTb.txt,0,0.0436008397966501,1.51115586906847e-88,0.00657458833271361,0.150790405950363
/home/dfc/seqsTb/fusarium_graminearumForTb.txt,0,0.064220073686524,4.1908147591899e-90,0.00677708575760419,0.105529087224114
/home/dfc/seqsTb/fusarium_langsethiaeForTb.txt,0,0.0592239646645341,1.7111085600131e-102,0.0093401840738286,0.157709537460634
/home/dfc/seqsTb/fusarium_oxysporumForTb.txt,0,0.0306157184220283,5.11313424954008e-95,0.00501823116288386,0.163910286007635
/home/dfc/seqsTb/fusarium_poaeForTb.txt,0,0.0515111157887525,3.63207075697854e-93,0.00694296932858238,0.134785846166788
/home/dfc/seqsTb/fusarium_pseudograminearumForTb.txt,0,0.0696031442518868,1.03238711926671e-101,0.00912774173425354,0.131139790197138
/home/dfc/seqsTb/fusarium_solaniForTb.txt,0,0.0547165066072367,1.22613861619457e-105,0.0071399983705102,0.130490757053665
/home/dfc/seqsTb/fusarium_verticillioidesForTb.txt,0,0.0355101519991384,8.43950459985269e-98,0.00679186920398758,0.191265562708726
/home/dfc/seqsTb/gaeumannomyces_graminisForTb.txt,0,0.11935015614197,4.79930813414548e-85,0.00579659823059917,0.0485679987188619
/home/dfc/seqsTb/galerina_marginata_cbs_339_88ForTb.txt,0,0.019664429877648,3.5165869314014e-93,0.00395884484604055,0.201320092709143
/home/dfc/seqsTb/gelatoporia_subvermispora_bForTb.txt,0,0.0433535203119364,2.65008133753688e-94,0.00737956053183448,0.170218253990384
/home/dfc/seqsTb/geotrichum_candidumForTb.txt,0,0.141898288606474,6.16444099807805e-92,0.0166721466298653,0.11749364135111
/home/dfc/seqsTb/glarea_lozoyensis_74030ForTb.txt,2.18462577005558e-271,0.032723503053809,1.81631586792425e-92,0.0110916785694049,0.338951442673062
/home/dfc/seqsTb/gloeophyllum_trabeum_atcc_11539ForTb.txt,0,0.0452389121219531,9.29732434657102e-93,0.00728590981586219,0.161054045601741
/home/dfc/seqsTb/gonapodya_prolifera_jel478ForTb.txt,0,0.0312111342305442,2.11640838932335e-94,0.00601436796267577,0.192699435984928
/home/dfc/seqsTb/grifola_frondosaForTb.txt,0,0.0261268082705512,1.52882841472e-94,0.00546315209633998,0.209101396533681
/home/dfc/seqsTb/grosmannia_clavigera_kw1407ForTb.txt,0,0.0489239249203001,2.11220071889446e-98,0.0125232812915381,0.255974583231809
/home/dfc/seqsTb/gymnopus_luxurians_fd_317_m1ForTb.txt,6.65916945580963e-289,0.0167728595613063,1.81637953495783e-90,0.00522322016926014,0.311409044484562
/home/dfc/seqsTb/hanseniaspora_opuntiaeForTb.txt,0,0.214169537445431,6.83548307737224e-122,0.0390692135836135,0.182421898322343
/home/dfc/seqsTb/hanseniaspora_osmophilaForTb.txt,0,0.119100628904953,1.2770060237999e-110,0.03325533472666,0.27922047962651
/home/dfc/seqsTb/hanseniaspora_uvarum_dsm_2768ForTb.txt,0,0.185089619167604,8.01781942600138e-135,0.0605901336462533,0.327355655702047
/home/dfc/seqsTb/hanseniaspora_valbyensis_nrrl_y_1626ForTb.txt,0,0.153949077444799,1.65058025112111e-84,0.0225369183315493,0.146392032388959
/home/dfc/seqsTb/hebeloma_cylindrosporum_h7ForTb.txt,1.00056225765265e-232,0.0147288091614043,5.46367943323037e-94,0.00592089322258057,0.401994021220385
/home/dfc/seqsTb/heterobasidion_irregulare_tc_32_1ForTb.txt,0,0.063192417816116,1.49096647769938e-98,0.0068708490288246,0.108729010002721
/home/dfc/seqsTb/hirsutella_minnesotensis_3608ForTb.txt,0,0.0673009107588017,1.20170802319469e-87,0.00937824652982672,0.139347988371765
/home/dfc/seqsTb/histoplasma_capsulatum_nam1ForTb.txt,6.08327291305073e-297,0.032864133649418,1.36946710416139e-89,0.00985909470884481,0.299995576150519
/home/dfc/seqsTb/hydnomerulius_pinastri_md_312ForTb.txt,3.9849884714904e-176,0.0204720418667726,4.25706711687335e-89,0.0103143497984342,0.50382613837729
/home/dfc/seqsTb/hypholoma_sublateritium_fd_334_ss_4ForTb.txt,0,0.0569906717831975,2.97518498094314e-101,0.00509746499982087,0.0894438482706875
/home/dfc/seqsTb/hyphopichia_burtonii_nrrl_y_1933ForTb.txt,0,0.150643353120074,1.56883162541166e-90,0.0194912175713814,0.129386509047269
/home/dfc/seqsTb/hypsizygus_marmoreusForTb.txt,5.80834694676131e-265,0.0164430504738033,1.57993795796444e-93,0.00577490481782848,0.351206415563153
/home/dfc/seqsTb/isaria_fumosorosea_arsef_2679ForTb.txt,0,0.115987920575526,2.55713100371386e-78,0.00768805677202866,0.0662832537550544
/home/dfc/seqsTb/jaapia_argillacea_mucl_33604ForTb.txt,1.61757092448424e-320,0.0175399913248796,7.39483941967272e-96,0.0052177743871327,0.297478732485548
/home/dfc/seqsTb/kalmanozyma_brasiliensis_ghg001ForTb.txt,2.58506782463474e-225,0.0451052676998059,4.02522563544663e-77,0.0153429107015042,0.340157845944239
/home/dfc/seqsTb/kazachstania_africana_cbs_2517ForTb.txt,0,0.132606077539096,5.29949662797401e-99,0.0220833719494698,0.166533633746605
/home/dfc/seqsTb/kazachstania_naganishii_cbs_8797ForTb.txt,0,0.206872032576261,5.58416366381853e-105,0.0232991847122121,0.112626073336535
/home/dfc/seqsTb/kluyveromyces_lactisForTb.txt,0,0.103022602632396,2.72974339651964e-109,0.0266557440312989,0.258736853371988
/home/dfc/seqsTb/kluyveromyces_marxianus_dmku3_1042ForTb.txt,0,0.189567444447184,3.52317263292056e-117,0.0286141387237717,0.150944371314474
/home/dfc/seqsTb/komagataella_pastorisForTb.txt,1.7633541784948e-280,0.0679992197043965,4.51002845578735e-117,0.0282799696418581,0.415886678770663
/home/dfc/seqsTb/komagataella_phaffii_cbs_7435ForTb.txt,6.91318718348878e-271,0.0617742928925286,1.41187431795117e-92,0.0210022751172088,0.33998406349624
/home/dfc/seqsTb/kuraishia_capsulata_cbs_1993ForTb.txt,1.0618721033747e-265,0.0513055008541727,1.66336427185575e-103,0.0199005568749706,0.38788349287408
/home/dfc/seqsTb/kwoniella_bestiolae_cbs_10118ForTb.txt,0,0.0408185103825398,2.39732954984123e-98,0.0111602692856921,0.273411968763709
/home/dfc/seqsTb/kwoniella_dejecticola_cbs_10117ForTb.txt,6.38019062985048e-279,0.0357340200250553,3.04841969588358e-98,0.0125258683359127,0.350530623958067
/home/dfc/seqsTb/kwoniella_heveanensis_cbs_569ForTb.txt,0,0.0582892829433977,5.52570970621869e-94,0.013096705723876,0.224684625758627
/home/dfc/seqsTb/kwoniella_mangroviensis_cbs_8886ForTb.txt,0,0.0488737401339734,6.34219610176701e-95,0.0120345313620192,0.246237168038091
/home/dfc/seqsTb/kwoniella_pini_cbs_10737ForTb.txt,0,0.188099882724889,1.49031272085211e-98,0.0146611789335924,0.0779435835961451
/home/dfc/seqsTb/laccaria_amethystina_laam_08_1ForTb.txt,0,0.0245261355413867,1.45517272387875e-103,0.00470870068354755,0.191987061133289
/home/dfc/seqsTb/laccaria_bicolor_s238n_h82ForTb.txt,0,0.0198778163906466,4.21256464589471e-96,0.00472442339914081,0.237673158172638
/home/dfc/seqsTb/lachancea_lanzarotensisForTb.txt,3.32812619221656e-278,0.0667903247346613,1.25592372590825e-107,0.0257316259263998,0.385259781691797
/home/dfc/seqsTb/lachancea_thermotolerans_cbs_6340ForTb.txt,0,0.17942811566082,1.97739386068862e-125,0.029074661490332,0.162040722454517
/home/dfc/seqsTb/laetiporus_sulphureus_93_53ForTb.txt,0,0.0265684856655694,2.16157581920057e-98,0.006440118606254,0.242396901626948
/home/dfc/seqsTb/leptosphaeria_maculansForTb.txt,0,0.035130726864631,1.23531108753535e-96,0.00872183436399395,0.248267973435384
/home/dfc/seqsTb/leucoagaricus_sp_symc_cosForTb.txt,3.47900339742057e-125,0.14613788411603,3.91546930537109e-92,0.107329369382731,0.734439054129961
/home/dfc/seqsTb/lichtheimia_corymbifera_jmrc_fsu_9682ForTb.txt,0,0.0362793574792191,1.23849066046755e-103,0.00795035468895018,0.219142654152686
/home/dfc/seqsTb/lichtheimia_ramosaForTb.txt,0,0.0464240131645922,7.28363551262788e-96,0.00903686064132121,0.194659186599871
/home/dfc/seqsTb/lipomyces_starkeyi_nrrl_y_11557ForTb.txt,2.87618165330392e-277,0.0338000746939698,3.42838139939253e-101,0.0122792614330813,0.363290955545493
/home/dfc/seqsTb/lodderomyces_elongisporus_nrrl_yb_4239ForTb.txt,0,0.0853726765583985,4.49302411073384e-98,0.0217918348354126,0.255255378112763
/home/dfc/seqsTb/macrophomina_phaseolina_ms6ForTb.txt,0,0.0764204198613894,2.44414804055244e-88,0.00586026584856332,0.0766845544579919
/home/dfc/seqsTb/madurella_mycetomatisForTb.txt,1.40856075973679e-286,0.027290686132805,1.92553502569319e-91,0.00866075294791899,0.317351967838884
/home/dfc/seqsTb/magnaporthe_oryzaeForTb.txt,0,0.0942915294527495,1.15700579496282e-82,0.00651134226639178,0.0690554316403859
/home/dfc/seqsTb/magnaporthe_poaeForTb.txt,0,0.0685077240017031,7.84624207178288e-71,0.00576286126530202,0.0841198762515998
/home/dfc/seqsTb/malassezia_pachydermatisForTb.txt,0,0.114416208056863,2.93613039903846e-96,0.0235969830941666,0.206238115166684
/home/dfc/seqsTb/malassezia_sympodialis_atcc_42132ForTb.txt,0,0.116063220652673,5.69855355749371e-87,0.0260644035581687,0.224570741804317
/home/dfc/seqsTb/marssonina_brunnea_f_sp_multigermtubi_mb_m1ForTb.txt,0,0.0537868197471697,1.93067222615536e-98,0.010068262892891,0.187188291485124
/home/dfc/seqsTb/melampsora_laricipopulinaForTb.txt,0,0.0630463707575663,3.27559654196819e-91,0.00497596769744546,0.078925521606623
/home/dfc/seqsTb/metarhizium_acridum_cqma_102ForTb.txt,0,0.0640694175789385,2.08641046104431e-107,0.0111210231729312,0.173577716064443
/home/dfc/seqsTb/metarhizium_album_arsef_1941ForTb.txt,0,0.103174758464751,3.22915472224116e-88,0.0107989958604337,0.104667033110847
/home/dfc/seqsTb/metarhizium_anisopliae_arsef_23ForTb.txt,0,0.0788921700922397,4.16281184624256e-102,0.0089856225688008,0.11389752060686
/home/dfc/seqsTb/metarhizium_anisopliaeForTb.txt,0,0.0769966948536595,1.36930718557444e-102,0.00971742033299185,0.126205681314774
/home/dfc/seqsTb/metarhizium_brunneum_arsef_3297ForTb.txt,0,0.0881581844575383,3.64169543578606e-104,0.0100365092208129,0.113846596122304
/home/dfc/seqsTb/metarhizium_guizhouense_arsef_977ForTb.txt,0,0.0750113662938476,3.82713544602004e-97,0.00853091905250487,0.113728351768532
/home/dfc/seqsTb/metarhizium_majus_arsef_297ForTb.txt,0,0.0762188759082507,8.6084688950491e-101,0.00880765855957394,0.115557444984839
/home/dfc/seqsTb/metarhizium_rileyi_rcef_4871ForTb.txt,0,0.0613283701047742,8.29128869849894e-114,0.01402000297179,0.228605504236262
/home/dfc/seqsTb/metschnikowia_bicuspidata_var_bicuspidata_nrrl_yb_4993ForTb.txt,0,0.197741420737032,5.23941208743555e-89,0.016362703371286,0.0827479812287082
/home/dfc/seqsTb/meyerozyma_guilliermondii_atcc_6260ForTb.txt,1.82199699596261e-231,0.0445270887807196,5.86408092711311e-115,0.0220439523909788,0.495068350404347
/home/dfc/seqsTb/microbotryum_violaceumForTb.txt,2.29249377229349e-296,0.040170869073389,1.57455551982381e-97,0.0131533566031871,0.327435201343466
/home/dfc/seqsTb/microdochium_bolleyiForTb.txt,0,0.0698405413203575,1.97617836938541e-79,0.00610548674224682,0.087420381154279
/home/dfc/seqsTb/microsporum_gypseum_cbs_118893ForTb.txt,0,0.0554638132815489,3.40899269185277e-100,0.0117416227032724,0.211698799786247
/home/dfc/seqsTb/millerozyma_farinosa_cbs_7064ForTb.txt,0,0.143281180703884,8.70516183663827e-112,0.0123223444442277,0.086001136951084
/home/dfc/seqsTb/mitosporidium_daphniaeForTb.txt,1.75207986126915e-107,0.0291147461063569,4.76820327552632e-96,0.0259962334910913,0.892888895411502
/home/dfc/seqsTb/mixia_osmundae_iam_14324ForTb.txt,5.6313373986818e-154,0.024008011794702,8.30201911223812e-91,0.0141120386930675,0.587805388207183
/home/dfc/seqsTb/moesziomyces_antarcticusForTb.txt,0,0.102576293746265,5.19106180207802e-80,0.0199105539510447,0.194104828941235
/home/dfc/seqsTb/moesziomyces_aphidis_dsm_70725ForTb.txt,0,0.0742670070644331,3.55008906979675e-79,0.0150168135051354,0.202200332270115
/home/dfc/seqsTb/moniliophthora_perniciosa_fa553ForTb.txt,2.07627610497746e-228,0.0151410491046249,2.80564172250594e-151,0.0100118040938979,0.661235824857059
/home/dfc/seqsTb/moniliophthora_roreri_mca_2997ForTb.txt,3.77829078028975e-224,0.0118989196044368,4.63955333073026e-97,0.00513047614025088,0.431171594632666
/home/dfc/seqsTb/mortierella_elongata_ag_77ForTb.txt,0,0.0855579872695919,1.59128927986554e-74,0.00523576497692383,0.0611955136394924
/home/dfc/seqsTb/mortierella_verticillata_nrrl_6337ForTb.txt,6.71187065185166e-233,0.161363854201573,1.32432706292614e-93,0.0645516176260363,0.400037653695353
/home/dfc/seqsTb/mucor_ambiguusForTb.txt,0,0.0682564204353768,3.97101730033069e-95,0.0095751976355943,0.140282739330871
/home/dfc/seqsTb/mucor_circinelloides_f_circinelloides_1006phlForTb.txt,0,0.0547601393469894,1.23585382914687e-97,0.00874677558424164,0.159728877401451
/home/dfc/seqsTb/myceliophthora_thermophila_atcc_42464ForTb.txt,0,0.0648929093905059,6.84144917564588e-87,0.00959019255189017,0.147784906578611
/home/dfc/seqsTb/mycosphaerella_eumusaeForTb.txt,0,0.029299555925376,4.92325522058665e-103,0.00835244272572907,0.285070625199992
/home/dfc/seqsTb/nadsonia_fulvescens_var_elongata_dsm_6958ForTb.txt,0,0.124672178793303,3.25175775544178e-95,0.0191166319424014,0.153335187749428
/home/dfc/seqsTb/naumovozyma_castellii_cbs_4309ForTb.txt,0,0.18055947188274,5.69307393475896e-100,0.0222424818924042,0.123186458514063
/home/dfc/seqsTb/naumovozyma_dairenensis_cbs_421ForTb.txt,0,0.126370279627181,1.4833125797607e-108,0.0255358338195122,0.202071514717292
/home/dfc/seqsTb/nematocida_parisii_ertm3ForTb.txt,9.37537638075769e-266,0.0963298418339518,7.06627138730365e-112,0.0404000311696364,0.41939268663262
/home/dfc/seqsTb/nematocida_sp_1_ertm2ForTb.txt,9.44260065965086e-245,0.0831564475873491,4.07583209817778e-100,0.0338690890006934,0.407293601198111
/home/dfc/seqsTb/neofusicoccum_parvum_ucrnp2ForTb.txt,0,0.0520423644487382,3.66510001452661e-86,0.0077161585555375,0.148266871370495
/home/dfc/seqsTb/neolentinus_lepideus_hhb14362_ss_1ForTb.txt,0,0.0368562057950102,4.3762878521786e-86,0.00598733107365228,0.162451097298325
/home/dfc/seqsTb/neonectria_ditissimaForTb.txt,0,0.0800031002018771,5.01820625005993e-92,0.00803857280538039,0.100478266280883
/home/dfc/seqsTb/neosartorya_fischeriForTb.txt,0,0.0379870626736937,9.35139642750674e-98,0.00982185841784552,0.258557985970503
/home/dfc/seqsTb/neurospora_crassaForTb.txt,0,0.063839304447682,1.74489678506263e-89,0.00914995423851747,0.143327912446416
/home/dfc/seqsTb/neurospora_tetrasperma_fgsc_2509ForTb.txt,0,0.0897930725300078,1.00951962282824e-86,0.00843936595493928,0.0939868267913313
/home/dfc/seqsTb/nosema_apis_brl_01ForTb.txt,7.33547975349672e-231,0.0772230302632035,6.92589625933349e-67,0.0222002235154724,0.287481900668831
/home/dfc/seqsTb/nosema_bombycis_cq1ForTb.txt,2.44633437168541e-301,0.0617414612667791,1.07935501416899e-79,0.0162187011589418,0.262687355079957
/home/dfc/seqsTb/nosema_ceranae_brl01ForTb.txt,1.19813336856641e-151,0.0708913880503037,2.08686757944756e-101,0.0472920094280925,0.66710514110028
/home/dfc/seqsTb/ogataea_parapolymorpha_dl_1ForTb.txt,0,0.0771582152355838,8.92121767916082e-110,0.0242557890051153,0.314364308856239
/home/dfc/seqsTb/ogataea_polymorphaForTb.txt,0,0.0745011553821488,8.11528402426776e-117,0.0257547650717834,0.345696183363546
/home/dfc/seqsTb/oidiodendron_maius_znForTb.txt,0,0.0225716256089764,1.59961361080613e-97,0.00580343684191087,0.257112046001814
/home/dfc/seqsTb/ophiocordyceps_sinensis_co18ForTb.txt,0,0.0449081640423514,1.33426758000644e-74,0.0102249888416367,0.22768663693296
/home/dfc/seqsTb/ophiocordyceps_unilateralisForTb.txt,2.47032822920623e-323,0.0434433671812137,2.93836300728059e-97,0.0129999357465427,0.299238677617151
/home/dfc/seqsTb/ophiostoma_piceae_uamh_11346ForTb.txt,0,0.0741145313783435,2.92883911688522e-85,0.010809414492465,0.145847437627103
/home/dfc/seqsTb/ordospora_colligata_oc4ForTb.txt,6.7943475320581e-214,0.10626480166259,3.79160132485488e-97,0.0480662406532599,0.452325134016423
/home/dfc/seqsTb/pachysolen_tannophilus_nrrl_y_2460ForTb.txt,0,0.0988273703952273,1.31728417225135e-87,0.019998933411836,0.202362294290103
/home/dfc/seqsTb/paracoccidioides_brasiliensis_pb18ForTb.txt,3.40423792018757e-186,0.0231366240217969,4.36160910674247e-100,0.0123949327255906,0.535727801684177
/home/dfc/seqsTb/paracoccidioides_sp_lutzii_pb01ForTb.txt,1.59650181644493e-204,0.0234313448893916,2.67897789810635e-95,0.0108733284313157,0.464050547787315
/home/dfc/seqsTb/paraphaeosphaeria_sporulosaForTb.txt,0,0.0434887036158507,1.48458637450628e-100,0.00660071712329526,0.151780038825748
/home/dfc/seqsTb/parasitella_parasiticaForTb.txt,0,0.0431643409614904,2.75157630611287e-95,0.00747531190595498,0.173182579403313
/home/dfc/seqsTb/paxillus_involutus_atcc_200175ForTb.txt,5.21108031548291e-296,0.021123226057467,3.73059304884524e-90,0.00639729374779788,0.302855905172518
/home/dfc/seqsTb/paxillus_rubicundulus_ve08_2h10ForTb.txt,0,0.0192789303121398,1.69454472408814e-102,0.0039521075552332,0.204996205248202
/home/dfc/seqsTb/penicillium_brasilianumForTb.txt,0,0.0654772035628457,5.92763299424074e-105,0.00938751456244282,0.143370731363513
/home/dfc/seqsTb/penicillium_camemberti_fm_013ForTb.txt,0,0.0521870791797261,2.98875367054402e-103,0.0076596822878156,0.146773538741966
/home/dfc/seqsTb/penicillium_chrysogenumForTb.txt,0,0.0511015347125978,1.73849724869775e-117,0.0108753462558315,0.212818388273386
/home/dfc/seqsTb/penicillium_digitatum_phi26ForTb.txt,0,0.0535201096211688,2.084281199794e-104,0.0121505713367197,0.22702814741459
/home/dfc/seqsTb/penicillium_expansumForTb.txt,0,0.0611510032301592,4.49429848761738e-110,0.0111206020334193,0.181854776634878
/home/dfc/seqsTb/penicillium_freiiForTb.txt,0,0.0581888814378496,1.94621742107951e-94,0.00832730437776876,0.143108170702044
/home/dfc/seqsTb/penicillium_griseofulvumForTb.txt,0,0.0668444105594852,5.88556245471304e-99,0.0113631460384814,0.169993959754784
/home/dfc/seqsTb/penicillium_italicumForTb.txt,0,0.0695477563857664,2.77671039682832e-93,0.0103773261300045,0.149211515500855
/home/dfc/seqsTb/penicillium_nordicumForTb.txt,0,0.064137371278583,2.89151907099972e-108,0.00872353031704154,0.13601321886347
/home/dfc/seqsTb/penicillium_oxalicum_114_2ForTb.txt,0,0.0483594764719745,1.37968721231177e-104,0.0108584722509829,0.224536596405787
/home/dfc/seqsTb/penicillium_roqueforti_fm164ForTb.txt,0,0.0542688464044452,5.819216172943e-100,0.00846976587311586,0.156070497795252
/home/dfc/seqsTb/penicillium_rubens_wisconsin_54_1255ForTb.txt,0,0.0530021330007335,2.55025110640716e-99,0.00738563772460757,0.139346047158241
/home/dfc/seqsTb/peniophora_sp_contForTb.txt,0,0.029673735315952,1.3580276511777e-88,0.00419806313634176,0.141474037280536
/home/dfc/seqsTb/pestalotiopsis_fici_w106_1ForTb.txt,0,0.0701645311206436,3.52556200764723e-120,0.00848684536088544,0.120956346822768
/home/dfc/seqsTb/phaeoacremonium_minimum_ucrpa7ForTb.txt,0,0.0578372954908749,8.94236380123263e-101,0.0112227940970851,0.194040782886464
/home/dfc/seqsTb/phaeomoniella_chlamydosporaForTb.txt,2.81647209058775e-231,0.0409331229402093,5.04359250263568e-121,0.0213582140200458,0.521783154714181
/home/dfc/seqsTb/phaeosphaeria_nodorumForTb.txt,0,0.0431078680402971,2.70904069495612e-98,0.00812883976293715,0.188569746834577
/home/dfc/seqsTb/phanerochaete_carnosa_hhb_10118_spForTb.txt,0,0.0241778133721478,2.09074232668889e-111,0.00736835880935583,0.304757038857946
/home/dfc/seqsTb/phialocephala_scopiformisForTb.txt,0,0.0227597848137485,3.58556683376097e-99,0.00513603733164682,0.225662824744472
/home/dfc/seqsTb/phialophora_attaeForTb.txt,1.81302096433372e-182,0.0161473797048106,3.10819734880803e-108,0.00955182694535518,0.591540368776336
/home/dfc/seqsTb/phlebiopsis_gigantea_11061_1_cr5_6ForTb.txt,0,0.0473889721561234,5.35699867603301e-84,0.00634203499294639,0.133829342659142
/home/dfc/seqsTb/phycomyces_blakesleeanus_nrrl_1555_ForTb.txt,0,0.0475438717280686,2.22308542389358e-91,0.00481292016142292,0.101231136348147
/home/dfc/seqsTb/pichia_kudriavzeviiForTb.txt,0,0.102817370770708,3.98220154007767e-99,0.0188733102365075,0.183561494473503
/home/dfc/seqsTb/pichia_membranifaciens_nrrl_y_2026ForTb.txt,0,0.511927567677051,1.90537195066492e-113,0.0242205522834187,0.0473124594428917
/home/dfc/seqsTb/piloderma_croceum_f_1598ForTb.txt,1.61781332481374e-290,0.0123625493567453,6.75466149768399e-120,0.00508383470681798,0.411228668142314
/home/dfc/seqsTb/pisolithus_microcarpus_441ForTb.txt,7.4696188758056e-231,0.009946620473869,1.22514862186391e-91,0.00392942355981173,0.395051120140233
/home/dfc/seqsTb/pisolithus_tinctorius_marx_270ForTb.txt,0,0.0171016375000306,3.70520365016434e-103,0.00399519821046571,0.233614951226662
/home/dfc/seqsTb/pleurotus_ostreatus_pc15ForTb.txt,2.41445416075104e-282,0.0209467171555111,2.57901140045048e-93,0.00688674637403703,0.328774495922629
/home/dfc/seqsTb/plicaturopsis_crispa_fd_325_ss_3ForTb.txt,1.15250603752847e-195,0.0624113117907853,7.5633671388191e-87,0.0275725231661171,0.441787271809724
/home/dfc/seqsTb/pneumocystis_carinii_b80ForTb.txt,8.89147689609606e-120,0.0368893981958704,2.79670337688925e-77,0.0237209811334136,0.643029767183055
/home/dfc/seqsTb/pneumocystis_jirovecii_ru7ForTb.txt,0,0.110440808419247,6.56333622995514e-76,0.022874599368688,0.207120897574864
/home/dfc/seqsTb/pneumocystis_murina_b123ForTb.txt,4.16632275823612e-91,0.0281113345465687,4.44642222058564e-62,0.0190825578803464,0.67882077418753
/home/dfc/seqsTb/pochonia_chlamydosporia_170ForTb.txt,0,0.0312176010992903,2.00108694112509e-90,0.00611604879674173,0.195916681018798
/home/dfc/seqsTb/podospora_anserina_s_mat_ForTb.txt,0,0.0648981609422825,1.42902469612007e-99,0.00992927894710377,0.152997847750022
/home/dfc/seqsTb/postia_placenta_mad_698_rForTb.txt,3.12458548887685e-314,0.0308954597718508,4.01510238066707e-98,0.00959825706256364,0.310668853399253
/home/dfc/seqsTb/pseudocercospora_musaeForTb.txt,0,0.0278841181845758,6.26575088112914e-107,0.00814758134590071,0.292194334135608
/home/dfc/seqsTb/pseudogymnoascus_destructans_20631_21ForTb.txt,0,0.0655631053445858,8.30547745000304e-99,0.0107200365014256,0.163507150021088
/home/dfc/seqsTb/pseudogymnoascus_sp_03vt05ForTb.txt,0,0.0589589357005864,2.32733614709148e-99,0.0100040172618003,0.169677711154831
/home/dfc/seqsTb/pseudogymnoascus_sp_05ny08ForTb.txt,0,0.0588728548429158,8.07181645914107e-101,0.0101217705686241,0.171925934212482
/home/dfc/seqsTb/pseudogymnoascus_sp_23342_1_i1ForTb.txt,0,0.0626042670995006,1.64507427382433e-89,0.00874090506849714,0.1396215541443
/home/dfc/seqsTb/pseudogymnoascus_sp_24mn13ForTb.txt,0,0.0651145467759755,2.85085860957687e-92,0.010039063120447,0.154175428034323
/home/dfc/seqsTb/pseudogymnoascus_sp_vkm_f_103ForTb.txt,0,0.0716594408644907,1.43285593790545e-107,0.0124767692128202,0.174112009001214
/home/dfc/seqsTb/pseudogymnoascus_sp_vkm_f_3557ForTb.txt,0,0.0745058497629298,4.02959099588198e-97,0.0113585327843749,0.152451556763887
/home/dfc/seqsTb/pseudogymnoascus_sp_vkm_f_3775ForTb.txt,0,0.086919896788412,5.65478954287863e-97,0.0115667145682495,0.133073266255783
/home/dfc/seqsTb/pseudogymnoascus_sp_vkm_f_3808ForTb.txt,0,0.0754830862792254,2.56711297964093e-97,0.0107646276611575,0.142609797661655
/home/dfc/seqsTb/pseudogymnoascus_sp_vkm_f_4246ForTb.txt,0,0.0841447508644809,9.69784054270606e-106,0.0143528293833387,0.17057308074338
/home/dfc/seqsTb/pseudogymnoascus_sp_vkm_f_4281_fw_2241_ForTb.txt,0,0.0702992522575192,2.26224070423818e-85,0.0110514502789936,0.157205801258171
/home/dfc/seqsTb/pseudogymnoascus_sp_vkm_f_4513_fw_928_ForTb.txt,0,0.0762892507651813,1.41198410266776e-87,0.01158766410999,0.151891177246673
/home/dfc/seqsTb/pseudogymnoascus_sp_vkm_f_4514_fw_929_ForTb.txt,0,0.0780939445099769,1.07240668597479e-83,0.0104418811410448,0.133709229397559
/home/dfc/seqsTb/pseudogymnoascus_sp_vkm_f_4515_fw_2607_ForTb.txt,0,0.0687401758559893,8.92859056945439e-104,0.0108744083922968,0.158195818629832
/home/dfc/seqsTb/pseudogymnoascus_sp_vkm_f_4516_fw_969_ForTb.txt,0,0.0704106408195636,1.08468044087483e-98,0.0117964676129246,0.167538137355611
/home/dfc/seqsTb/pseudogymnoascus_sp_vkm_f_4517_fw_2822_ForTb.txt,0,0.0612503488384498,2.39922202636045e-92,0.00950367979215836,0.155161235362507
/home/dfc/seqsTb/pseudogymnoascus_sp_vkm_f_4518_fw_2643_ForTb.txt,0,0.0614468610574623,5.29294221940216e-96,0.00915196673693336,0.148941159555325
/home/dfc/seqsTb/pseudogymnoascus_sp_vkm_f_4519_fw_2642_ForTb.txt,0,0.0634219642765712,2.55641033927976e-95,0.00999618981005002,0.157614005243649
/home/dfc/seqsTb/pseudogymnoascus_sp_vkm_f_4520_fw_2644_ForTb.txt,0,0.0615973859531043,2.54538879578455e-96,0.00914132171272115,0.148404377414338
/home/dfc/seqsTb/pseudogymnoascus_sp_wsf_3629ForTb.txt,0,0.0584560511114422,2.75016355384493e-98,0.00928117991775661,0.158771927649761
/home/dfc/seqsTb/pseudogymnoascus_verrucosusForTb.txt,0,0.0606207672635713,2.16765875520826e-101,0.0111866528340707,0.184534992528757
/home/dfc/seqsTb/pseudoloma_neurophiliaForTb.txt,8.89897043314774e-189,0.0570190475358832,3.33071709428927e-73,0.0219759710513729,0.38541455883743
/home/dfc/seqsTb/pseudozyma_hubeiensis_sy62ForTb.txt,0,0.0699581117529119,1.37646924269178e-87,0.0127782635694931,0.182655924371219
/home/dfc/seqsTb/puccinia_graminisForTb.txt,0,0.0270787573072664,5.28172901120328e-96,0.00558655246801813,0.206307564436091
/home/dfc/seqsTb/puccinia_sorghiForTb.txt,0,0.0288361568791754,5.81979593903485e-95,0.00413563418215883,0.143418354931529
/home/dfc/seqsTb/puccinia_striiformisForTb.txt,0,0.0335887701837335,1.20677835360053e-82,0.00403240958878066,0.120052314113408
/home/dfc/seqsTb/puccinia_triticinaForTb.txt,0,0.0550553510722675,7.89316195771848e-97,0.00770248728499941,0.139904425909279
/home/dfc/seqsTb/punctularia_strigosozonata_hhb_11173_ss5ForTb.txt,3.7789384619634e-176,0.0754436931690193,2.07216162195515e-86,0.0368497806636643,0.488440837342207
/home/dfc/seqsTb/purpureocillium_lilacinumForTb.txt,0,0.0947031587179524,1.83066004017408e-84,0.00723444661683867,0.0763907636743617
/home/dfc/seqsTb/pyrenochaeta_sp_ds3say3aForTb.txt,0,0.0422229976982488,2.30066285256764e-102,0.00695980735761642,0.164834515241088
/home/dfc/seqsTb/pyrenophora_teresForTb.txt,0,0.0379167239294472,1.03522130646188e-106,0.00974403691877979,0.256985200960684
/home/dfc/seqsTb/pyrenophora_triticirepentisForTb.txt,0,0.0409908086061382,3.78604265103735e-94,0.00815620222276693,0.198976368120378
/home/dfc/seqsTb/pyronema_omphalodes_cbs_100304ForTb.txt,0,0.0964084195274848,5.51802219408265e-93,0.00753760757018539,0.0781841213363789
/home/dfc/seqsTb/rasamsonia_emersonii_cbs_393_64ForTb.txt,0,0.0630838328924836,2.95403059343383e-102,0.0108362153028981,0.171774840019102
/home/dfc/seqsTb/rhinocladiella_mackenziei_cbs_650_93ForTb.txt,1.36873652496453e-183,0.0175675560726031,2.3320226202907e-103,0.00985979341663853,0.561250146343068
/home/dfc/seqsTb/rhizoctonia_solani_ag_1_iaForTb.txt,7.01266569391928e-209,0.0199505730326681,6.03952965518972e-97,0.00922212903276578,0.462248829528103
/home/dfc/seqsTb/rhizophagus_irregularis_daom_181602ForTb.txt,0,0.0405221064857383,1.03799807410626e-69,0.00222594315345277,0.0549315755397905
/home/dfc/seqsTb/rhizopogon_vinicolor_am_or11_026ForTb.txt,7.44869917650521e-207,0.0127211759538945,6.45217403255784e-108,0.00661524451648431,0.52001831752505
/home/dfc/seqsTb/rhizopus_delemar_ra_99_880ForTb.txt,0,0.0492634573318432,7.03004091970635e-81,0.00439698861214051,0.0892545681989387
/home/dfc/seqsTb/rhodotorula_graminis_wp1ForTb.txt,0,0.0719677790482114,2.84872004379618e-56,0.00735933571676764,0.102258758212305
/home/dfc/seqsTb/rhodotorula_sp_jg_1bForTb.txt,0,0.0488630447226406,3.0542501905455e-82,0.0121943505392296,0.249561823428073
/home/dfc/seqsTb/rhodotorula_toruloides_np11ForTb.txt,2.38674906975079e-297,0.0368829161033098,1.06894586529543e-80,0.00994384568793997,0.2696057345381
/home/dfc/seqsTb/rosellinia_necatrixForTb.txt,0,0.212295279464008,1.8229948215131e-104,0.0130358201820742,0.0614041923823573
/home/dfc/seqsTb/rozella_allomycis_csf55ForTb.txt,3.20021774158659e-202,0.033503680671076,4.21986157168414e-88,0.0145282846518547,0.43363249532154
/home/dfc/seqsTb/saccharomyces_arboricola_h_6ForTb.txt,0,0.138671288600941,7.5015886168148e-100,0.0344570341916843,0.248479945195017
/home/dfc/seqsTb/saccharomyces_cerevisiaeForTb.txt,0,0.0850844023212698,2.27022231924569e-92,0.016067764470476,0.188845006042421
/home/dfc/seqsTb/saccharomyces_cerevisiae_x_saccharomyces_kudriavzevii_vin7ForTb.txt,0,0.0845688345034095,3.50225437397203e-109,0.0132180367473855,0.156299147611554
/home/dfc/seqsTb/saccharomyces_eubayanusForTb.txt,0,0.203431336331363,2.82699526831382e-136,0.0317187355937224,0.155918631641178
/home/dfc/seqsTb/saccharomyces_kudriavzevii_ifo_1802ForTb.txt,0,0.114439011035624,2.76452543601967e-97,0.0280441328245108,0.245057455239462
/home/dfc/seqsTb/saccharomyces_sp_boulardii_ForTb.txt,0,0.132846020821543,8.26329472635252e-119,0.0274448170668221,0.206591186526315
/home/dfc/seqsTb/saccharomycetaceae_sp_ashbya_aceri_ForTb.txt,0,0.263702905042479,1.87592840963499e-111,0.0281534719118439,0.106762084806418
/home/dfc/seqsTb/saitoella_complicata_nrrl_y_17804ForTb.txt,0,0.0913521754601764,9.64288473614971e-92,0.0134824760837047,0.147587903799644
/home/dfc/seqsTb/scedosporium_apiospermumForTb.txt,8.41041326539737e-261,0.0357690382665695,3.74143060257101e-98,0.0133994666742966,0.374610761811284
/home/dfc/seqsTb/scheffersomyces_stipitis_cbs_6054ForTb.txt,0,0.0987298046091509,2.31748448504875e-103,0.0223963023364902,0.226844390355598
/home/dfc/seqsTb/schizophyllum_commune_h4_8ForTb.txt,0,0.0354732684487285,7.168267281367e-77,0.00543758181979366,0.153286744007051
/home/dfc/seqsTb/schizopora_paradoxaForTb.txt,0,0.0224921275802588,3.82508739748032e-84,0.0045126296047239,0.200631513787278
/home/dfc/seqsTb/schizosaccharomyces_cryophilusForTb.txt,4.88882897216372e-319,0.0688851211201214,5.24603791253913e-88,0.018888159311571,0.274197954571843
/home/dfc/seqsTb/schizosaccharomyces_japonicusForTb.txt,0,0.128614909000425,2.52001485474084e-92,0.0204215301858257,0.15878042712574
/home/dfc/seqsTb/schizosaccharomyces_octosporusForTb.txt,0,0.0984247541719876,6.31338523622565e-98,0.0222343201960268,0.225901709210007
/home/dfc/seqsTb/schizosaccharomyces_pombeForTb.txt,2.28653683526123e-251,0.0548751373935181,4.66366664327105e-92,0.0199960089933808,0.36439105108724
/home/dfc/seqsTb/scleroderma_citrinum_foug_aForTb.txt,0,0.0154112094237351,3.29967303805522e-110,0.00455250725692849,0.295402335518009
/home/dfc/seqsTb/sclerotinia_borealis_f_4157ForTb.txt,0,0.0376489521424771,7.70519648676594e-98,0.0106858187968922,0.283827787728415
/home/dfc/seqsTb/sclerotinia_sclerotiorumForTb.txt,0,0.0416584952979167,5.41988592247992e-85,0.00893939913092729,0.21458766254033
/home/dfc/seqsTb/serendipita_indica_dsm_11827ForTb.txt,1.55028934993374e-185,0.0155408589808273,2.88810451812729e-84,0.00702492686438671,0.452029509633498
/home/dfc/seqsTb/serendipita_vermifera_maff_305830ForTb.txt,2.58114066880838e-237,0.0151833784558842,4.22099291370012e-94,0.00599244483830267,0.394671374076193
/home/dfc/seqsTb/serpula_lacrymans_var_lacrymans_s7_3ForTb.txt,0,0.0225905302947188,4.53634249377721e-103,0.00670500607491973,0.296806050475372
/home/dfc/seqsTb/setosphaeria_turcica_et28aForTb.txt,0,0.0606305470863791,1.2080920482e-96,0.00861788382362953,0.142137655649912
/home/dfc/seqsTb/sistotremastrum_niveocremeum_hhb9708ForTb.txt,6.19140708871594e-214,0.0154818684176421,1.72637681261986e-90,0.00651802691532928,0.421010354790369
/home/dfc/seqsTb/sistotremastrum_suecicum_hhb10207_ss_3ForTb.txt,1.3863814042401e-250,0.0171042804198527,1.21367916991543e-110,0.00752439956733345,0.439913248767834
/home/dfc/seqsTb/sordaria_macrosporaForTb.txt,0,0.0760372272281327,3.23907813774581e-98,0.0107508644803393,0.141389486074811
/home/dfc/seqsTb/spathaspora_passalidarum_nrrl_y_27907ForTb.txt,0,0.11444300929019,8.3695346929443e-101,0.0219484232880925,0.191784744426272
/home/dfc/seqsTb/sphaerobolus_stellatus_ss14ForTb.txt,0,0.0276144999395161,5.34135991220434e-101,0.00328106998972049,0.118816925778377
/home/dfc/seqsTb/sphaerulina_musiva_so2202ForTb.txt,0,0.0485151705762401,1.78929611623517e-107,0.0110059008032508,0.226854830613351
/home/dfc/seqsTb/spizellomyces_punctatus_daom_br117ForTb.txt,4.89651619199032e-267,0.030202516665438,2.42678935438854e-93,0.0105035632427748,0.347771126463593
/home/dfc/seqsTb/sporidiobolus_salmonicolorForTb.txt,7.69496799788266e-189,0.0409751221234899,1.09516366109356e-86,0.0187240009633149,0.456960223495733
/home/dfc/seqsTb/sporisorium_reilianumForTb.txt,0,0.0787778939198353,3.8074956880087e-76,0.0129906863700075,0.164902686827689
/home/dfc/seqsTb/sporisorium_scitamineumForTb.txt,0,0.0589910080014103,1.3750550888608e-94,0.0139049414493018,0.235712897955048
/home/dfc/seqsTb/sporothrix_brasiliensis_5110ForTb.txt,0,0.0705347241995006,3.03135367091899e-79,0.00938903266881467,0.133112205022007
/home/dfc/seqsTb/sporothrix_insectorum_rcef_264ForTb.txt,0,0.0561902649801124,5.94049743915939e-88,0.00988122086537644,0.175852896740632
/home/dfc/seqsTb/sporothrix_schenckii_atcc_58251ForTb.txt,0,0.0564895064501732,2.86249663228831e-84,0.0106485166686473,0.188504331827361
/home/dfc/seqsTb/spraguea_lophii_42_110ForTb.txt,6.2926787956565e-153,0.0685824133789386,4.45574335475605e-66,0.0294474407499163,0.429373060805112
/home/dfc/seqsTb/stachybotrys_chartarum_ibt_40293ForTb.txt,0,0.0704279399721923,2.89213762778892e-100,0.00936642882742549,0.132993082448865
/home/dfc/seqsTb/stachybotrys_chlorohalonata_ibt_40285ForTb.txt,0,0.0722021167952228,1.07684547025856e-116,0.0116330850780293,0.16111833827563
/home/dfc/seqsTb/stagonospora_sp_src1lsm3aForTb.txt,0,0.0377068102653365,4.68408327312849e-88,0.00623746255846176,0.165420053156705
/home/dfc/seqsTb/stemphylium_lycopersiciForTb.txt,0,0.0646443261209201,9.92555586924486e-108,0.014996900432855,0.231990977905821
/home/dfc/seqsTb/stereum_hirsutum_fp_91666_ss1ForTb.txt,3.62055941449314e-132,0.0801097415899749,4.30161745930146e-95,0.0575136560955894,0.717935858412341
/home/dfc/seqsTb/sugiyamaella_lignohabitansForTb.txt,0,0.124954586767402,4.31943025690933e-118,0.0282916580260379,0.226415522294525
/home/dfc/seqsTb/suillus_luteus_uh_slu_lm8_n1ForTb.txt,1.06787342846384e-239,0.012171297042729,7.48910809690801e-97,0.00489586817468133,0.40224703722978
/home/dfc/seqsTb/talaromyces_cellulolyticusForTb.txt,1.37984224065514e-126,0.0923824521973163,9.53569208950505e-119,0.0866281747675363,0.937712441130166
/home/dfc/seqsTb/talaromyces_islandicusForTb.txt,0,0.0500097152702115,2.13060990710131e-100,0.0118202565419916,0.236359204968967
/home/dfc/seqsTb/talaromyces_marneffei_atcc_18224ForTb.txt,0,0.0419419450555346,8.10501748035371e-100,0.0106010326621513,0.25275491272793
/home/dfc/seqsTb/talaromyces_stipitatus_atcc_10500ForTb.txt,4.90833608948729e-267,0.0215983686670781,1.05864396169977e-116,0.00940589912224225,0.435491183025292
/home/dfc/seqsTb/termitomyces_sp_j132ForTb.txt,0,0.0279242767325466,1.47830610867048e-89,0.00726217562099511,0.260066740154126
/home/dfc/seqsTb/tetrapisispora_blattae_cbs_6284ForTb.txt,0,0.243417460880133,3.46372639852439e-97,0.0238620980895038,0.0980295250933303
/home/dfc/seqsTb/tetrapisispora_phaffii_cbs_4417ForTb.txt,0,0.247096232218554,7.7216985640552e-113,0.0274188084065046,0.110964089417005
/home/dfc/seqsTb/thielavia_terrestris_nrrl_8126ForTb.txt,0,0.0643134178979973,1.53296721374696e-76,0.00762011706555829,0.118484094215673
/home/dfc/seqsTb/thielaviopsis_punctulataForTb.txt,0,0.0854576760261667,1.3405536252706e-84,0.0176465702786618,0.206494853350078
/home/dfc/seqsTb/tilletia_cariesForTb.txt,0,0.04322802400425,3.25105026305788e-76,0.00790654516764675,0.182903228860736
/home/dfc/seqsTb/tilletia_controversaForTb.txt,0,0.045421213659828,1.13608363024105e-92,0.0102508227192027,0.22568359348506
/home/dfc/seqsTb/tilletia_indicaForTb.txt,0,0.0603718711974437,1.72841447175256e-88,0.0101757532446506,0.168551231605382
/home/dfc/seqsTb/tilletiaria_anomala_ubc_951ForTb.txt,3.83437541213395e-295,0.0447914500083807,3.43991790531375e-98,0.0148277430794219,0.331039586274781
/home/dfc/seqsTb/tilletia_walkeriForTb.txt,0,0.0724445184571701,1.13144746078558e-98,0.0137627290755871,0.189976127506787
/home/dfc/seqsTb/tolypocladium_ophioglossoides_cbs_100239ForTb.txt,0,0.088522076005787,1.90221183421423e-80,0.00879221142385031,0.0993222461623644
/home/dfc/seqsTb/torrubiella_hemipterigenaForTb.txt,0,0.0930217729685898,4.18339561638115e-111,0.0100935592556458,0.108507491671376
/home/dfc/seqsTb/tortispora_caseinolytica_nrrl_y_17796ForTb.txt,1.3814996741686e-231,0.0523254244366667,7.29084560564086e-109,0.0245098095877321,0.468411099414935
/home/dfc/seqsTb/torulaspora_delbrueckiiForTb.txt,1.00864615720875e-283,0.068962109463865,2.53494597763123e-109,0.0264632874177303,0.383736629048401
/home/dfc/seqsTb/trachipleistophora_hominisForTb.txt,9.88252225684206e-271,0.0834621818275008,2.70734649646018e-85,0.0261409268226451,0.313206847104393
/home/dfc/seqsTb/trametes_cinnabarinaForTb.txt,0,0.0328480855538567,4.75596926786517e-93,0.00891736285630268,0.271472833376607
/home/dfc/seqsTb/trametes_versicolor_fp_101664_ss1ForTb.txt,1.06090028001357e-157,0.139770588449978,1.25801887540024e-84,0.0747051854791344,0.534484302510256
/home/dfc/seqsTb/tremella_mesenterica_dsm_1558ForTb.txt,2.00728836572945e-190,0.119800982701424,8.84176429853788e-93,0.058135196711582,0.485264773298818
/home/dfc/seqsTb/trichoderma_atroviride_imi_206040ForTb.txt,0,0.0878259362831894,2.23602480151813e-100,0.00895709137105281,0.101986858895204
/home/dfc/seqsTb/trichoderma_gamsiiForTb.txt,0,0.0801347113521309,1.52794427291964e-89,0.00890551080199413,0.111131751169118
/home/dfc/seqsTb/trichoderma_harzianumForTb.txt,0,0.0781435390194016,4.18675384824362e-96,0.00911421992163215,0.11663433773289
/home/dfc/seqsTb/trichoderma_reeseiForTb.txt,0,0.0811110829372005,7.53959562487282e-91,0.0105407159502479,0.129954077402825
/home/dfc/seqsTb/trichoderma_virensForTb.txt,0,0.0790993411140119,6.045293939207e-86,0.00706041443183018,0.0892600915809585
/home/dfc/seqsTb/trichophyton_equinum_cbs_127_97ForTb.txt,0,0.0546482209660223,2.37037080181349e-100,0.0116108449106663,0.212465194756941
/home/dfc/seqsTb/trichophyton_interdigitale_mr816ForTb.txt,0,0.0682000064748165,3.93722655188623e-105,0.0136428669320569,0.200042018135213
/home/dfc/seqsTb/trichophyton_rubrum_cbs_118892ForTb.txt,0,0.0509959055594716,1.57025897899791e-97,0.00891134663814377,0.174746316206726
/home/dfc/seqsTb/trichophyton_soudanense_cbs_452_61ForTb.txt,0,0.0537978079311996,2.56661848658718e-99,0.00919231191034397,0.170867778146272
/home/dfc/seqsTb/trichophyton_tonsurans_cbs_112818ForTb.txt,0,0.052690655593178,1.84036500156376e-96,0.0114578826864736,0.217455686544106
/home/dfc/seqsTb/trichophyton_verrucosum_hki_0517ForTb.txt,0,0.0653253972275244,2.10403772087931e-97,0.0132142286476038,0.202283173289853
/home/dfc/seqsTb/trichophyton_violaceumForTb.txt,0,0.072660229796988,1.81956516523292e-101,0.0162986577318759,0.224313324874064
/home/dfc/seqsTb/trichosporon_asahii_var_asahii_cbs_8904ForTb.txt,0,0.080232329275048,4.46168679243501e-71,0.00810547984505703,0.101025109432761
/home/dfc/seqsTb/tsuchiyaea_wingfieldii_cbs_7118ForTb.txt,0,0.0443474784501325,1.01551088180974e-100,0.0124935220295028,0.281718881571845
/home/dfc/seqsTb/tuber_melanosporumForTb.txt,9.17669354776379e-293,0.0412894980527745,1.33389871992684e-95,0.0134138203249366,0.324872448383644
/home/dfc/seqsTb/tulasnella_calospora_mut_4182ForTb.txt,0,0.0197586192007862,6.84559569925836e-86,0.00396359196595484,0.20060065562664
/home/dfc/seqsTb/uncinocarpus_reesii_1704ForTb.txt,3.37743154230174e-288,0.0389621161492958,3.50663045944686e-111,0.0149704096608984,0.384229891506265
/home/dfc/seqsTb/ustilaginoidea_virensForTb.txt,0,0.0820205773950977,1.33894674015691e-97,0.0118214463262674,0.14412781160175
/home/dfc/seqsTb/ustilago_hordeiForTb.txt,0,0.080836846209841,4.33837212122468e-96,0.015224340964914,0.188334177775735
/home/dfc/seqsTb/ustilago_maydisForTb.txt,4.94065645841247e-324,0.0557884161075049,1.22352421647108e-92,0.0158659639522426,0.284395311056487
/home/dfc/seqsTb/valsa_mali_var_pyriForTb.txt,0,0.0679456796549712,7.91963513242491e-106,0.0106553660937717,0.156821833969131
/home/dfc/seqsTb/vanderwaltozyma_polyspora_dsm_70294ForTb.txt,0,0.172844912070064,2.86439834522269e-105,0.0243692120305658,0.140988888470651
/home/dfc/seqsTb/vavraia_culicis_subsp_floridensisForTb.txt,4.47114634569457e-275,0.0888985724380017,1.49710451752828e-105,0.0339667748161253,0.382084592413606
/home/dfc/seqsTb/verruconis_gallopavaForTb.txt,0,0.0526696981378119,1.21815954537056e-103,0.00979210427388622,0.185915329308797
/home/dfc/seqsTb/verticillium_alfalfae_vams_102ForTb.txt,0,0.0703263019657512,8.03214161067892e-91,0.00838121332695752,0.119176084803082
/home/dfc/seqsTb/verticillium_dahliaeForTb.txt,0,0.0789388865752069,2.95121655533377e-76,0.00719129381370192,0.0910995090721302
/home/dfc/seqsTb/verticillium_longisporumForTb.txt,0,0.0986101346286993,1.25915862607827e-81,0.00400780887694839,0.0406429713542036
/home/dfc/seqsTb/vittaforma_corneae_atcc_50505ForTb.txt,3.45507465784217e-147,0.0569854958777461,2.91716600979662e-98,0.0379490920096333,0.665942998742126
/home/dfc/seqsTb/wallemia_ichthyophaga_exf_994ForTb.txt,1.5008669352143e-285,0.0658002115586774,7.31648461207461e-89,0.0203611862454202,0.309439525544125
/home/dfc/seqsTb/wallemia_mellicola_cbs_633_66ForTb.txt,0,0.0816874021276976,1.42440458953457e-96,0.0192544420723198,0.235708831114746
/home/dfc/seqsTb/wickerhamomyces_anomalus_nrrl_y_366_8ForTb.txt,0,0.094015210161002,1.21970680887198e-82,0.0159315286017607,0.169456926964028
/home/dfc/seqsTb/wickerhamomyces_ciferriiForTb.txt,0,0.154827338167944,1.89760853330276e-84,0.0169325035911108,0.109363784144786
/home/dfc/seqsTb/xanthophyllomyces_dendrorhousForTb.txt,0,0.0924072506063509,1.07635871216856e-96,0.0167799062302092,0.181586467729578
/home/dfc/seqsTb/xylona_heveae_tc161ForTb.txt,0,0.0645917952532463,8.22215938830134e-117,0.0158453745335484,0.245315592660386
/home/dfc/seqsTb/yarrowia_lipolyticaForTb.txt,0,0.0942454910870649,2.61921593010968e-103,0.0181151460670848,0.19221233671911
/home/dfc/seqsTb/zygosaccharomyces_bailii_isa1307ForTb.txt,0,0.0838531523810603,1.02501852800056e-115,0.0135440470103734,0.16152102366795
/home/dfc/seqsTb/zygosaccharomyces_rouxiiForTb.txt,0,0.0942466969870475,3.39735269378279e-94,0.0232368821240094,0.246553808959511
/home/dfc/seqsTb/zymoseptoria_brevisForTb.txt,7.28845129401353e-277,0.0271652473587294,1.09410089366448e-105,0.0103256217140934,0.380104093209199
/home/dfc/seqsTb/zymoseptoria_triticiForTb.txt,0,0.0314572948030953,7.19469967155524e-102,0.00905659478464692,0.287901259193966
