species,slope,error,slopeRan,errorRan
Acidobacteria_bacterium_mor1.ASM166450v1ForBcTb.txt,-0.811803002548273,0.0121989787694849,-0.97241503349154,0.0118639678820732
Acidobacteria_bacterium_scgc_ag_212_p17.ASM164424v1ForBcTb.txt,-0.500005586710383,0.0241349858047343,-0.624242550522158,0.0283344079147491
Acidobacterium_capsulatum_atcc_51196.ASM2256v1ForBcTb.txt,-0.639251849744123,0.0133658909985371,-0.934972094046406,0.0135275274457892
Acinetobacter_baumannii_gca_000809745.ASM80974v3ForBcTb.txt,-0.764834994049867,0.0135065519770437,-1.01765719448755,0.0139290008456425
Aggregatibacter_actinomycetemcomitans_rhaa1.ASM25991v1ForBcTb.txt,-0.619840207006208,0.0154717563112004,-0.949164937442024,0.0163271309743887
Akkermansia_glycaniphila.ASM168379v1ForBcTb.txt,-0.134134057693015,0.0223625244413501,-0.949113182334586,0.0148480750664609
Akkermansia_muciniphila.ASM168876v1ForBcTb.txt,-0.589747711821445,0.0147307004249071,-0.933306522058747,0.0141645666574655
Akkermansia_muciniphila_atcc_baa_835.ASM2022v1ForBcTb.txt,-0.588708362843055,0.0155064362295429,-0.942945262256203,0.0147550215113632
Akkermansia_sp_kle1798.ASM158019v1ForBcTb.txt,-0.470930465382071,0.0147596910152826,-0.968771634533788,0.0130752056123729
Aminobacterium_colombiense_dsm_12261.ASM2588v1ForBcTb.txt,-0.762219387799451,0.016892249684466,-0.949909944909112,0.0168760156896536
Aminomonas_paucivorans_dsm_12260.ASM16579v1ForBcTb.txt,-0.75185490113406,0.0163746225060372,-0.947648743347762,0.0151903982876065
Anabaena_sp_mdt14b.ASM167219v1ForBcTb.txt,-0.725347414545047,0.0135298298523753,-0.994569921769852,0.0128287941980769
Anaerobaculum_hydrogeniformans_atcc_baa_1850.ASM16045v2ForBcTb.txt,-0.681812667435398,0.0147833813518484,-0.937298720468721,0.0155819379393073
Anaerobaculum_mobile_dsm_13181.ASM26692v1ForBcTb.txt,-0.65028540491313,0.0151685183625653,-0.89048476171926,0.0156557107824387
Aquifex_aeolicus_vf5.ASM862v1ForBcTb.txt,-0.692796630888486,0.0196659761813412,-0.888290287252817,0.0191095980162862
Arthrospira_maxima_cs_328.ASM17355v1ForBcTb.txt,-0.73437801428551,0.0137827635993319,-1.02030290900305,0.0121168738773041
Bacillus_pumilus_gca_000828345.ASM82834v1ForBcTb.txt,-0.825856836361946,0.014177404770812,-0.987353014969446,0.0133378771726857
Bacteroides_cellulosilyticus_cl02t12c19.Bact_cell_CL02T12C19_V1ForBcTb.txt,-0.599936308065164,0.0105846088511716,-0.982293929961767,0.0105985056333985
Bacteroides_fragilis_hmw_615.Bact_frag_HMW_615_V1ForBcTb.txt,-0.574364572363756,0.0117393734166845,-1.0001523994004,0.0123184900390728
Bacteroides_fragilis_str_1007_1_f_7.ASM59914v2ForBcTb.txt,-0.58235457113667,0.0115741379759598,-0.9842573732988,0.0123708335248941
Bacteroides_fragilis_str_2_f_2_5.ASM59828v1ForBcTb.txt,-0.569144494662704,0.0122715826486406,-1.0095798388136,0.0116676455859197
Bacteroides_oleiciplenus_yit_12058.Bact_olei_YIT_12058_V1ForBcTb.txt,-0.584678204048955,0.0107632996773146,-0.995069630083147,0.0117241459061934
Bacteroides_sp_1_1_14.ASM16251v1ForBcTb.txt,-0.550491861039506,0.0114138363968071,-0.970597753953557,0.0126102905866372
Bacteroides_xylanisolvens_sd_cc_2a_gca_000577955.SD_CC_2aForBcTb.txt,-0.594613023288099,0.0104531726697867,-1.02040980806361,0.0110248505146369
Blastopirellula_marina_dsm_3645.ASM15310v1ForBcTb.txt,-0.847577582410672,0.0105178035442837,-1.03011600255137,0.0113446446041423
Bordetella_pertussis_gca_001333755.5633_3_2ForBcTb.txt,-0.752218151317254,0.0131832246957673,-0.982055655882354,0.0135189835003422
Borrelia_burgdorferi_jd1.ASM16665v1ForBcTb.txt,-0.554997500425076,0.0240425359058077,-0.851632349601416,0.0236366381105747
Borrelia_miyamotoi.ASM80729v1ForBcTb.txt,-0.407938748866316,0.0252375685275905,-0.687680444197377,0.0274694538799815
Borreliella_spielmanii_a14s.ASM18189v2ForBcTb.txt,-0.528844060739657,0.0249510408507833,-0.73973944300362,0.0245547363825687
Brachyspira_hyodysenteriae.ASM101311v1ForBcTb.txt,-0.701673206105074,0.017240184073816,-0.927642421541779,0.0156477237546411
Brachyspira_hyodysenteriae_atcc_27164.ASM167678v2ForBcTb.txt,-0.706860223782065,0.0167648184139303,-0.926487971161293,0.0169061393367474
Brachyspira_hyodysenteriae_gca_001013155.ASM101315v1ForBcTb.txt,-0.693541907051627,0.0165072491347425,-0.927512531382206,0.0161609082503954
Burkholderia_pseudomallei_gca_001320645.7910_5_5ForBcTb.txt,-0.745795158145692,0.0120510006846049,-0.981619839340318,0.0103140443239879
Caldimicrobium_thiodismutans.ASM154827v1ForBcTb.txt,-0.79230685867001,0.0182209275757432,-0.881581792327685,0.0175218162854859
Caldisericum_exile_azm16c01.ASM28433v1ForBcTb.txt,-0.791646087422722,0.0200023187427441,-0.873137308202897,0.0195333218019571
Calditerrivibrio_nitroreducens_dsm_19672.ASM18340v1ForBcTb.txt,-0.753187901332597,0.0168162112217494,-0.863367277439131,0.0178914058153445
Candidatus_hepatoplasma_crinochetorum_av.ASM58253v1ForBcTb.txt,-0.663487877143458,0.0266095814584983,-0.672390734349445,0.0286518034827814
Candidatus_koribacter_versatilis_ellin345.ASM1400v1ForBcTb.txt,-0.754576494664759,0.012137595973869,-1.00522109968297,0.0115095753507592
Candidatus_magnetobacterium_bavaricum.ASM96323v1ForBcTb.txt,-0.524492615575246,0.0127717976945133,-1.00395983837499,0.0125039860690326
Candidatus_magnetoovum_chiemensis.ASM96072v1ForBcTb.txt,-0.540624970765433,0.012494720410663,-0.965213489859135,0.0136948754732481
Candidatus_mycoplasma_haemobos.ASM164576v1ForBcTb.txt,-0.663133722707914,0.0249272227055391,-0.784644915485554,0.0254619514963758
Candidatus_nitrospira_inopinata.NiCh1ForBcTb.txt,-0.788375765281921,0.0131788839721823,-0.95875429495511,0.0131831985435711
Candidatus_nitrospira_nitrificans._COMA2_ForBcTb.txt,-0.832938079166959,0.0120825403771956,-0.991658078588467,0.011694556056373
Candidatus_nitrospira_nitrosa._COMA1_ForBcTb.txt,-0.828725548351931,0.0126688474113401,-0.968292398926725,0.0128766471883576
Candidatus_phytoplasma_mali.ASM2620v1ForBcTb.txt,-0.622640229736052,0.0311869971055885,-0.701351917150729,0.0271026448564221
Candidatus_solibacter_usitatus_ellin6076.ASM1490v1ForBcTb.txt,-0.813241943614188,0.0114824309049953,-1.01950293839749,0.00959323269812094
Candidatus_synechococcus_spongiarum_sp3.ASM100766v1ForBcTb.txt,-0.74086880642972,0.01968436235277,-0.862795550356245,0.0183887180644769
Candidatus_xiphinematobacter_sp_idaho_grape.ASM131829v1ForBcTb.txt,-0.720491877356899,0.0195135319069911,-0.732596493534793,0.0209078589918484
Capnocytophaga_cynodegmi.Ccyn49044.1ForBcTb.txt,-0.760094808566299,0.0159099075302433,-0.935107125908899,0.0163110794535251
Caulobacteraceae_bacterium_otsz_a_272.ASM167966v1ForBcTb.txt,-0.743700978952623,0.0137676960960253,-1.01658357448547,0.0134986361039886
Cellulophaga_geojensis_kl_a.KLAForBcTb.txt,-0.76259993912871,0.014870719085002,-0.968492370731341,0.0145950568178025
Cephaloticoccus_capnophilus.ASM158004v1ForBcTb.txt,-0.529373536291289,0.0167996098766096,-0.893870254115531,0.0168229431655511
Cephaloticoccus_primus.ASM158001v1ForBcTb.txt,-0.62248484792042,0.0167705588850188,-0.89619368296309,0.0157233409586161
Chlamydia_gallinacea_08_1274_3.ASM47102v2ForBcTb.txt,-0.637507426415821,0.0198691107976172,-0.787826509473284,0.0196472763998506
Chlamydia_muridarum_gca_000700845.cmvar001ForBcTb.txt,-0.651745138898435,0.0208866903531462,-0.78498601310313,0.0209476808996153
Chlamydia_muridarum_gca_000772145.ASM77214v1ForBcTb.txt,-0.635928770421806,0.0206199369717333,-0.765525664314281,0.0220689834147394
Chlamydia_pneumoniae_b21.CpneumoniaeB21_v1ForBcTb.txt,-0.710204108822171,0.0177072684983537,-0.808035580928626,0.0186676795282483
Chlamydia_psittaci_01dc11_gca_000415525.ASM41552v1ForBcTb.txt,-0.654974106636019,0.0197094927803952,-0.805357138392678,0.0204811412118454
Chlamydia_psittaci_6bc_gca_000204255.ASM20425v1ForBcTb.txt,-0.658416111582925,0.0184944123529247,-0.770873517132106,0.020104048585921
Chlamydia_psittaci_cp3.ASM29853v2ForBcTb.txt,-0.700146601433937,0.0183291360043297,-0.794356618506693,0.0204479357449164
Chlamydia_psittaci_nj1_gca_001401475.ASM140147v1ForBcTb.txt,-0.664687024652173,0.0193771356531614,-0.808834186868312,0.0215446667225384
Chlamydia_psittaci_str_frances.ASM140148v1ForBcTb.txt,-0.664515361447041,0.0191791099652863,-0.761435243843795,0.0203876894693744
Chlamydia_trachomatis_a_5291.ASM31854v1ForBcTb.txt,-0.591655102343467,0.0202789309534241,-0.757196515752154,0.0212672023688524
Chlamydia_trachomatis.ASM59057v1ForBcTb.txt,-0.595570134427411,0.0208168569948195,-0.765377772194934,0.0207631789580187
Chlamydia_trachomatis_b_tz1a828_ot.ASM2690v1ForBcTb.txt,-0.600529817540301,0.0208124458365865,-0.738246376830473,0.0204554087090962
Chlamydia_trachomatis_d_lc.ASM9300v1ForBcTb.txt,-0.613953442344509,0.0207219622241234,-0.784341333386641,0.0222052966216394
Chlamydia_trachomatis_e_sotone4.ASM31866v1ForBcTb.txt,-0.602616982643067,0.0205608453589369,-0.729268031956777,0.0221415703071357
Chlamydia_trachomatis_gca_000971725.ASM97172v1ForBcTb.txt,-0.607279143185159,0.0208837976617624,-0.770295195835786,0.0217309809179748
Chlamydia_trachomatis_gca_001398095.7794_5_15ForBcTb.txt,-0.454506323828561,0.0121340721071681,-1.00253093793457,0.00849237736250285
Chlamydia_trachomatis_gca_001398135.7501_6_52ForBcTb.txt,-0.608385642889343,0.0203796111771263,-0.736325733866118,0.0202390530090519
Chlamydia_trachomatis_gca_001398155.7501_6_49ForBcTb.txt,-0.604447832986699,0.0203975724995482,-0.766851752854016,0.0197139386152316
Chlamydia_trachomatis_iu824.ASM34884v1ForBcTb.txt,-0.606854316177241,0.0211096220121475,-0.75778693959765,0.0217590081295674
Chlamydia_trachomatis_l1_224.ASM31886v1ForBcTb.txt,-0.608813783841446,0.0206303012976698,-0.80490669644487,0.0205734762878076
Chlamydia_trachomatis_l2b_uch_1_proctitis.ASM6852v2ForBcTb.txt,-0.597371982475235,0.0213936510863708,-0.778855828666854,0.0208634499940756
Chlamydia_trachomatis_rc_j_971.ASM44179v1ForBcTb.txt,-0.591051117175727,0.020914659386056,-0.772545448499907,0.0214677557066197
Chlamydia_trachomatis_rc_l2_55.ASM44181v1ForBcTb.txt,-0.605106947335495,0.0204033663891799,-0.734470197522819,0.0231426452735205
Chlamydia_trachomatis_sweden2.ASM21049v1ForBcTb.txt,-0.606571118381533,0.0211432297226491,-0.749680197576586,0.0238151758775488
Chloracidobacterium_thermophilum_b.ASM22629v1ForBcTb.txt,-0.823594889434096,0.013851433387403,-0.960970954825339,0.0142615955353548
Chlorobaculum_limnaeum.ASM174740v1ForBcTb.txt,-0.546750289548453,0.0182956421068049,-0.918699839948877,0.0142473179194752
Chlorobaculum_parvum_ncib_8327.ASM2050v1ForBcTb.txt,-0.566568543231926,0.0176737701490746,-0.949685361732143,0.0154747096779542
Chlorobium_chlorochromatii_cad3.ASM1258v1ForBcTb.txt,-0.673020276723516,0.0158353705612631,-0.930325618921646,0.0156630919787166
Chlorobium_ferrooxidans_dsm_13031.ASM16871v1ForBcTb.txt,-0.713159895841337,0.0152425831020285,-0.941194568388749,0.0160237619760319
Chlorobium_limicola.ASM150957v1ForBcTb.txt,-0.6313179028914,0.015594942980536,-0.929211829700883,0.016877014578773
Chlorobium_limicola_dsm_245.ASM2046v1ForBcTb.txt,-0.615237256542971,0.0147949362688754,-0.94536262725256,0.0140042683675985
Chlorobium_luteolum_dsm_273.ASM1248v1ForBcTb.txt,-0.646192714555053,0.0159822262524718,-0.942044450644457,0.015132154406062
Chlorobium_phaeobacteroides_bs1.ASM2054v1ForBcTb.txt,-0.685161270973449,0.0148290399868425,-0.936999051545713,0.0156719733204331
Chlorobium_phaeobacteroides_dsm_266.ASM1512v1ForBcTb.txt,-0.619620897036376,0.0153457263436408,-0.969084015861566,0.0139073409855551
Chlorobium_phaeovibrioides_dsm_265.ASM1608v1ForBcTb.txt,-0.52634575451334,0.0151376352198134,-0.875401703233487,0.0160106864786481
Chlorobium_sp_gbchlb.ASM72417v1ForBcTb.txt,-0.834105112536264,0.0158872917128879,-0.922732030183865,0.0157901681015784
Chlorobium_tepidum_tls.ASM698v1ForBcTb.txt,-0.588611804993896,0.0165992285164453,-0.912405209361819,0.0152039988228765
Chloroflexus_aggregans_dsm_9485.ASM2194v1ForBcTb.txt,-0.739708894084602,0.0126992385281079,-0.998032246881039,0.0133463383478919
Chloroflexus_aurantiacus_j_10_fl.ASM1886v1ForBcTb.txt,-0.743873247160066,0.013090746998865,-0.981885795258526,0.0135624468066293
Chloroflexus_sp_isl_2.ASM165069v1ForBcTb.txt,-0.704391557478049,0.0134475098567718,-0.98324635773167,0.0136507160919231
Chloroflexus_sp_y_400_fl.ASM2218v1ForBcTb.txt,-0.716518260763079,0.0130646163458037,-0.987129774026068,0.0129313931947573
Chloroherpeton_thalassium_atcc_35110.ASM2052v1ForBcTb.txt,-0.779522037582094,0.0146539042580596,-0.940918384069545,0.015038395107714
Chryseobacterium_sp_mof25p.ASM167793v1ForBcTb.txt,-0.748717539360169,0.0139711148951228,-1.01274969380432,0.0152163215644739
Chthoniobacter_flavus_ellin428.ASM17307v1ForBcTb.txt,-0.738047619208691,0.0104298159307976,-1.01185840780516,0.011086353569215
Chthonomonas_calidirosea_gca_001457975.P488ForBcTb.txt,-0.777373816746144,0.0139373532850067,-0.986408038118738,0.0129952950542314
Chthonomonas_calidirosea_gca_001458035.TKA4.10ForBcTb.txt,-0.767833934155424,0.014691286870852,-0.934274860529385,0.0138473362090465
Chthonomonas_calidirosea_t49.T49ForBcTb.txt,-0.767870569588158,0.0148845558295513,-0.964385804999165,0.0133409219257051
Chthonomonas_calidirosea.WRG1.2ForBcTb.txt,-0.766804176547849,0.0138378126109117,-0.963818572278402,0.013781613386308
Cloacibacillus_evryensis_dsm_19522.ASM58533v1ForBcTb.txt,-0.485420233128701,0.0174725932963933,-0.829757403636615,0.0212357998687051
Cloacibacillus_porcorum.ASM170104v1ForBcTb.txt,-0.552071393314073,0.0133247597547261,-0.975728689835321,0.01258143951332
Clostridioides_difficile_t23.T23ForBcTb.txt,-0.875553395125589,0.014165694068034,-0.981838940749867,0.0153684928489275
Coraliomargarita_akajimensis_dsm_45221.ASM2590v1ForBcTb.txt,-0.547212918904046,0.0127461481479186,-0.952392105532917,0.0137991352458615
Cyanobacterium_sp_ippas_b_1200.ASM174700v1ForBcTb.txt,-0.744339264065052,0.0147023616133455,-0.946889029167607,0.0143328863821897
Cylindrospermum_stagnale_pcc_7417.ASM31753v1ForBcTb.txt,-0.772155628726786,0.011029564998095,-0.997003951321568,0.0110103183342615
Deferribacter_desulfuricans_ssm1.ASM1098v1ForBcTb.txt,-0.718020070591972,0.0183406801696383,-0.938962009868787,0.0173350747090075
Defluviitoga_tunisiensis.DTL3ForBcTb.txt,-0.767963271019469,0.0201710616797332,-0.909230043075446,0.0203053963157156
Deinococcus_actinosclerus.ASM150766v1ForBcTb.txt,-0.765582240411623,0.0153020885393669,-0.964686505107836,0.0145065247330881
Deinococcus_deserti_vcd115.ASM2068v1ForBcTb.txt,-0.730194850955162,0.0139399242713899,-0.947030897231774,0.0154566951309537
Deinococcus_geothermalis_dsm_11300.ASM19627v1ForBcTb.txt,-0.793785432706217,0.0153139408308708,-0.968704727858891,0.0153705050712875
Deinococcus_gobiensis_i_0.ASM25244v1ForBcTb.txt,-0.751323081104339,0.0201296312880843,-0.997566698647756,0.0143910962330788
Deinococcus_maricopensis_dsm_21211.ASM18638v1ForBcTb.txt,-0.690708111024396,0.0187782868702958,-0.968390170422244,0.014431689348375
Deinococcus_peraridilitoris_dsm_19664.ASM31783v1ForBcTb.txt,-0.758114141609263,0.0133275839574886,-0.984777926327202,0.0138782955659844
Deinococcus_phoenicis.Deiph1P10ME_08-2013_v01ForBcTb.txt,-0.846339967476944,0.0152429293148527,-0.994575294932769,0.0142767483888428
Deinococcus_proteolyticus_mrp.ASM19055v1ForBcTb.txt,-0.736220900581726,0.0146177894207258,-0.949188125346182,0.0152225842666866
Deinococcus_puniceus.ASM164456v1ForBcTb.txt,-0.772487805198161,0.015594770418261,-0.931020985251932,0.0159988938207045
Deinococcus_radiodurans_r1.ASM856v1ForBcTb.txt,-0.742399129482291,0.0162112263224168,-0.970139235763031,0.0151676751723818
_deinococcus_soli_cha_et_al_2014.ASM100799v1ForBcTb.txt,-0.767571322619114,0.0175684469638485,-1.00848270974404,0.0145678226954972
Deinococcus_sp_leaf326.Leaf326ForBcTb.txt,-0.724212041371311,0.0165234162709322,-0.993505866134873,0.0139018554614935
Deinococcus_sp_rl.ASM70818v1ForBcTb.txt,-0.788384755626942,0.0161038165824295,-0.975244574775776,0.0157058478028807
Deinococcus_sp_ur1.ASM141398v1ForBcTb.txt,-0.700949348887318,0.0196496963193699,-0.911834641068577,0.0181585589642166
Deinococcus_swuensis.ASM80039v1ForBcTb.txt,-0.767983512176003,0.0168043736857092,-0.985077356944533,0.0151497630736713
Denitrovibrio_acetiphilus_dsm_12809.ASM2572v1ForBcTb.txt,-0.702143222242393,0.0137887942992989,-0.941192280085099,0.0133868118840262
Desulfurispirillum_indicum_s5.ASM17763v2ForBcTb.txt,-0.678791229163903,0.0143319082996894,-0.93118962132937,0.0145058499393623
Desulfurobacterium_thermolithotrophum_dsm_11699.ASM19104v1ForBcTb.txt,-0.716784762846082,0.020220119409337,-0.844184677365975,0.0191197158341635
Dethiosulfovibrio_peptidovorans_dsm_11002.ASM17297v1ForBcTb.txt,-0.607033778408655,0.014315351116821,-0.886134760226584,0.0149720212404344
Dictyoglomus_thermophilum_h_6_12.ASM2096v1ForBcTb.txt,-0.742098791180979,0.0176664280144132,-0.899807279279699,0.0195866201685843
Dictyoglomus_turgidum_dsm_6724.ASM2164v1ForBcTb.txt,-0.782040159819501,0.0186939004689073,-0.890082699189083,0.0210852238223513
Dysgonomonas_gadei_atcc_baa_286.Dysg_gade_ATCC_V1ForBcTb.txt,-0.766264953796006,0.0132494395469547,-0.969781110192517,0.0138961477857309
Elusimicrobium_minutum_pei191.ASM2014v1ForBcTb.txt,-0.720303136439911,0.0190065777061382,-0.844119600101348,0.0196403083506387
Enterobacter_hormaechei_subsp_steigerwaltii_gca_000958345.ASM95834v1ForBcTb.txt,-0.698355099550142,0.0116872219285057,-0.943023877156583,0.0107833438079888
Enterococcus_faecalis_engen0418.Ente_faec_B338_V1ForBcTb.txt,-0.803176931620153,0.0152376205960799,-0.962106185854907,0.0166895424688678
Escherichia_coli_dec13d.ASM25037v2ForBcTb.txt,-0.703435365984659,0.0117812203286856,-0.994534066699417,0.0120546074382493
Escherichia_coli_gca_001672015.ASM167201v1ForBcTb.txt,-0.681293813313826,0.0116315171097289,-0.99383605255005,0.0115347670293997
Escherichia_coli_o145_nm_str_2010c_3516.Ec2010C-3516ForBcTb.txt,-0.69710356856688,0.01189944605926,-0.987547437765404,0.0116235055930638
Fermentimonas_caenicola.E5BForBcTb.txt,-0.76846784294183,0.0169801999960236,-0.933838193570601,0.0156336138218838
Fervidobacterium_islandicum.ASM76727v3ForBcTb.txt,-0.769971493197395,0.016756443649924,-0.869751796928643,0.0182470594320466
Fervidobacterium_nodosum_rt17_b1.ASM1754v1ForBcTb.txt,-0.70731236294697,0.0196882329338466,-0.889456189059464,0.0178966622565719
Fervidobacterium_pennivorans.ASM164466v1ForBcTb.txt,-0.77230901006868,0.0163611214841794,-0.864952391664301,0.017487918667336
Fervidobacterium_pennivorans_dsm_9078.ASM23540v3ForBcTb.txt,-0.773208782815723,0.0165727321781104,-0.864298986537275,0.0187424855513695
Fervidobacterium_thailandensis.ASM171906v1ForBcTb.txt,-0.73025293873968,0.0176942561980841,-0.856532222003304,0.0182506960664902
Fibrobacter_succinogenes_subsp_succinogenes_s85.ASM2466v1ForBcTb.txt,-0.363618062311506,0.0153418162236576,-0.967693156608015,0.0132819727787481
Fibrobacter_succinogenes_subsp_succinogenes_s85_gca_000146505.ASM14650v1ForBcTb.txt,-0.348219452405515,0.0157351279895893,-0.974693194356874,0.0142964491483476
Fimbriimonas_ginsengisoli_gsoil_348.ASM72462v1ForBcTb.txt,-0.832309180782887,0.0114344070920865,-0.989173763086786,0.0125596334092958
Fischerella_sp_jsc_11.ASM23136v1ForBcTb.txt,-0.824863902223192,0.0120607434068091,-1.00440450064369,0.0123203772830796
Flavobacterium_akiainvivens.ASM127811v1ForBcTb.txt,-0.720490851164835,0.0148222127235371,-0.985207767011725,0.0136216729253741
Flavobacterium_suncheonense_gh29_5_dsm_17707.ASM76983v1ForBcTb.txt,-0.664557924782243,0.0154578134558956,-0.952963922559896,0.0146966185649971
Flexistipes_sinusarabici_dsm_4947.ASM21862v1ForBcTb.txt,-0.78858161166899,0.0185365416098084,-0.891601633568218,0.0152339118420462
Fretibacterium_fastidiosum.ASM21071v1ForBcTb.txt,-0.570779027759573,0.021868851005402,-0.871557317469485,0.0181381335864027
Fusobacterium_hwasookii_chdc_f128.ASM29293v1ForBcTb.txt,-0.842989760481485,0.0184896774432221,-0.943273898364058,0.0179770218836174
Fusobacterium_hwasookii_chdc_f174.ASM145514v1ForBcTb.txt,-0.864670264347446,0.0192787471797782,-0.955107523823245,0.0184575478594111
Fusobacterium_hwasookii_chdc_f300.ASM145510v1ForBcTb.txt,-0.844859295387898,0.0192240444311962,-0.906135871867263,0.0170347810123788
Fusobacterium_mortiferum_atcc_9817.Fuso_mor_ATCC9817_V2ForBcTb.txt,-0.779965173191847,0.0179625697642073,-0.913857555820587,0.0174854590527309
Fusobacterium_necrophorum_dab.FnecDABv1.0ForBcTb.txt,-0.7585325465565,0.0157740520150481,-0.949293021169573,0.0165456866304024
Fusobacterium_necrophorum_subsp_funduliforme_1_1_36s.Fuso_necr_1_1_36S_V1ForBcTb.txt,-0.821612017633699,0.0162160014572599,-0.957790823626292,0.0150027645263211
Fusobacterium_necrophorum_subsp_funduliforme.ASM159648v1ForBcTb.txt,-0.763286273886032,0.018017320735578,-0.936031931411423,0.0169237556194348
Fusobacterium_nucleatum.ASM154643v1ForBcTb.txt,-0.815690196910813,0.0160901190191698,-0.943763594881752,0.0167534603308158
Fusobacterium_nucleatum_cti_2.Fuso_nucl_CTI-2_V1ForBcTb.txt,-0.849048686008388,0.0191691051004071,-0.932176071763327,0.0168678535736187
Fusobacterium_nucleatum_cti_5.Fuso_nucl_CTI-5_V1ForBcTb.txt,-0.881344688849168,0.016478840256803,-0.922233653468817,0.0176026715382791
Fusobacterium_nucleatum_subsp_animalis.ASM129608v1ForBcTb.txt,-0.841875984173427,0.0176714676853152,-0.893554988920487,0.0174996368340805
Fusobacterium_nucleatum_subsp_animalis_d11.Fuso_nucl_D11_V2ForBcTb.txt,-0.887368212947099,0.0178438145711581,-0.975684055117616,0.0178887202496645
Fusobacterium_nucleatum_subsp_fusiforme_atcc_51190.ASM27997v1ForBcTb.txt,-0.829133891507651,0.0193766310665339,-0.911165447001657,0.0212003207338206
Fusobacterium_nucleatum_subsp_nucleatum_atcc_25586.ASM732v1ForBcTb.txt,-0.818887809993122,0.0187877809385074,-0.924764164181836,0.0176780291851046
Fusobacterium_nucleatum_subsp_polymorphum_atcc_10953.ASM15362v1ForBcTb.txt,-0.84580321993973,0.0184357873943025,-0.893273488979173,0.0176881836913199
Fusobacterium_periodonticum_2_1_31.Fuso_sp_2_1_31_V3ForBcTb.txt,-0.796408687403439,0.0179600907052329,-0.911279483684819,0.0190681025958134
Fusobacterium_periodonticum_atcc_33693.ASM16047v1ForBcTb.txt,-0.818116256875753,0.0191526879699851,-0.94015545495648,0.0171268063526147
Fusobacterium_periodonticum_d10.Fuso_PO_Taxon_201_D10_V1ForBcTb.txt,-0.811134110271705,0.0177941329060458,-0.955433335926615,0.0185298948876052
Fusobacterium_sp_cm21.FspCM21v1.0ForBcTb.txt,-0.726986798075702,0.0191702528340584,-0.8677286936604,0.0165132179210811
Fusobacterium_sp_oral_taxon_370_str_f0437.ASM23546v1ForBcTb.txt,-0.84433139394076,0.0192649075949249,-0.93931444986953,0.0180804131792104
Gemmata_sp_sh_pl17.ASM161085v1ForBcTb.txt,-0.685513124536027,0.0103284837713086,-1.00737982225762,0.0103988057388734
Gemmatimonas_aurantiaca_t_27.ASM1030v1ForBcTb.txt,-0.77872227325661,0.0129427615333158,-0.975716989120682,0.0146451255744932
Gemmatimonas_phototrophica.ASM69509v2ForBcTb.txt,-0.741825468354941,0.0130669645819947,-0.923791155449342,0.0147618442420099
Gemmatirosa_kalamazoonesis.ASM52298v1ForBcTb.txt,-0.885496207110158,0.0132863640514624,-1.00151357682743,0.00989374822016045
Gimesia_maris_dsm_8797.ASM18147v1ForBcTb.txt,-0.768663853095368,0.00986929102696397,-0.985924042168564,0.0102470406704294
Gluconobacter_oxydans_621h.ASM1168v1ForBcTb.txt,-0.639726336909717,0.0155321087797553,-0.933759887987581,0.0155537829211861
Granulicella_mallensis_mp5actx8.ASM17895v2ForBcTb.txt,-0.599839937826572,0.0112789376707277,-0.998815832495694,0.0117959888590951
Granulicella_tundricola_mp5actx9.ASM17897v2ForBcTb.txt,-0.357417829630657,0.0137109691283484,-1.00815834204947,0.0122985574788234
Hapalosiphon_sp_mrb220.ASM127539v1ForBcTb.txt,-0.8105538957867,0.0118179079815841,-1.03289415680369,0.0109998909740561
Herpetosiphon_aurantiacus_dsm_785.ASM1856v1ForBcTb.txt,-0.754489416109637,0.0130421012634088,-1.00951747591714,0.0119017839605912
Herpetosiphon_geysericola.ASM130613v1ForBcTb.txt,-0.725316001315927,0.0131745873213147,-1.00273984911201,0.0122143883443459
Hydrogenivirga_sp_128_5_r1_1.ASM17189v1ForBcTb.txt,-0.0388439214515327,0.02325311147584,-0.970208394097034,0.0146225661033593
Hydrogenobacter_thermophilus_tk_6.ASM1078v1ForBcTb.txt,-0.768678987051397,0.0164769390017627,-0.919962302618497,0.0167861429201969
Hydrogenobacter_thermophilus_tk_6_gca_000164905.ASM16490v1ForBcTb.txt,-0.764281177388362,0.0166337593263234,-0.896280267537154,0.0172441147967537
Hydrogenobaculum_sp_3684.ASM21378v1ForBcTb.txt,-0.738973169998803,0.0186619955148433,-0.872233175705596,0.0188456958158271
Hydrogenobaculum_sp_ho.ASM34185v1ForBcTb.txt,-0.738317863035178,0.0188371120953192,-0.845145343030402,0.0185086711835533
Hydrogenobaculum_sp_sho.ASM21506v1ForBcTb.txt,-0.738880819508286,0.0186991880470806,-0.87601240332934,0.0197271596596243
Hydrogenobaculum_sp_sn.ASM34876v2ForBcTb.txt,-0.741569000600405,0.0187922559587314,-0.841932280669092,0.0203157793294965
Hydrogenobaculum_sp_y04aas1.ASM2078v1ForBcTb.txt,-0.726383176256474,0.0191965206795338,-0.878028264983466,0.0184990529740657
Ilyobacter_polytropus_dsm_2926.ASM16550v1ForBcTb.txt,-0.760339537924944,0.0159879747213393,-0.922534551864324,0.0154894173154676
Isosphaera_pallida_atcc_43644.ASM18634v1ForBcTb.txt,-0.741051361596179,0.0131632355264431,-0.967922468811492,0.0139105709648853
Jejuia_pallidilutea.ASM76477v1ForBcTb.txt,-0.865044278937832,0.0127837830751825,-0.970015910369216,0.0162067444287376
Jonquetella_anthropi_dsm_22815.ASM23780v1ForBcTb.txt,-0.65206518047572,0.0186693655065749,-0.844927850867186,0.0183025723124739
Jonquetella_anthropi_e3_33_e1.ASM16199v1ForBcTb.txt,-0.59696171890049,0.018497156623007,-0.923294396656827,0.0178470162552716
Jonquetella_sp_bv3c21.JspBV3C21v1.0ForBcTb.txt,-0.663857132950908,0.0179612315794497,-0.850685961614951,0.0183941802376904
Klebsiella_pneumoniae_bidmc_42b.Kleb_pneu_BIDMC_42b_V1ForBcTb.txt,-0.749897621020408,0.0117849756413672,-0.994464200266857,0.0109790795886318
Kosmotoga_arenicorallina_s304.K.arenicorallinaCLCassemblyForBcTb.txt,-0.772305690311033,0.0176784109735055,-0.874193098182228,0.0193529325640736
Kosmotoga_olearia_tbf_19_5_1.ASM2332v1ForBcTb.txt,-0.750158256237319,0.0164985688993192,-0.909500034265291,0.0174384322847011
Kosmotoga_pacifica.ASM102702v1ForBcTb.txt,-0.756577930213364,0.0177452735156611,-0.907950251217618,0.0175906900556934
Lactobacillus_brevis_gca_001010995.ASM101099v1ForBcTb.txt,-0.703414328991603,0.0163431493548577,-0.963900369748857,0.0157561287806147
Legionella_pneumophila_gca_900053415.10060_4_56ForBcTb.txt,-0.879747755613977,0.0146339351539759,-0.975631187402572,0.0142307614514434
Lentibacillus_amyloliquefaciens.ASM130780v2ForBcTb.txt,-0.838325500012773,0.0148990001792158,-1.00113531510419,0.0147827063082194
Lentisphaera_araneosa_htcc2155.ASM17075v1ForBcTb.txt,-0.688154467719672,0.0128541123401469,-0.989450968422215,0.0118563372630372
Leptospira_borgpetersenii_str_200701203.gls454123v02ForBcTb.txt,-0.843515273986904,0.0144170789104916,-0.982258894438438,0.0147236680449519
Leptospira_borgpetersenii_str_brem_328.gls454056v2.0ForBcTb.txt,-0.84932160356975,0.0145717893228433,-0.955602378930957,0.0143238366011257
Leptospira_interrogans_serovar_copenhageni_str_hai0188.gls454167v02ForBcTb.txt,-0.804716041487293,0.0136313730674005,-0.960274590166697,0.0137468626859581
Leptospira_interrogans_serovar_djasiman_str_lt1649.LintLT1649v0.2ForBcTb.txt,-0.816480066426496,0.0133699992802073,-0.972860572283833,0.013306433239681
Leptospira_interrogans_serovar_medanensis_str_l0448.LintL0448v0.2ForBcTb.txt,-0.816690898354466,0.0133414093261351,-1.01420373698847,0.0124097144126897
Leptospira_interrogans_serovar_muenchen.ASM102231v1ForBcTb.txt,-0.793183113499188,0.0134479563866145,-0.986290347302216,0.0147039147657387
Leptospira_interrogans_serovar_pyrogenes_str_2006006960.gls454019v2.0ForBcTb.txt,-0.797539801328689,0.0137087496735311,-1.01556994113589,0.0141152637472425
Leptospira_interrogans_str_2002000623.Lint2002000623v2.0ForBcTb.txt,-0.80590383307868,0.0131186003119775,-0.955481952024966,0.0134762538853237
Leptospira_interrogans_str_hai1536.gls454172v02ForBcTb.txt,-0.827761838858236,0.0133442917675566,-0.986093873319546,0.0141908379329874
Leptospira_interrogans_str_ui_13372.LintUI13372v0.2ForBcTb.txt,-0.807423135810786,0.0129007303003123,-0.983151169513806,0.0131920569446637
Leptospira_noguchii_str_bonito.gls454072v02ForBcTb.txt,-0.790488061971502,0.0132575572757798,-0.975808270983431,0.0137275849091411
Leptospira_santarosai_str_cbc523.gls454165v2.0ForBcTb.txt,-0.787473672636722,0.0128195291750462,-1.00063294289954,0.0137882529755375
Leptospira_santarosai_str_hai821.gls454175v2.0ForBcTb.txt,-0.785976981077049,0.0131419808843283,-0.976466052533079,0.0139968303746983
Leptospira_weilii_str_ui_13098.LweiUI13098v0.2ForBcTb.txt,-0.800196019063423,0.0141129780012525,-0.942166547169366,0.0128255890488457
Leptospirillum_ferriphilum.ASM75550v1ForBcTb.txt,-0.71424237870215,0.0149989870374361,-0.897043001313228,0.0148423264506434
Leptospirillum_ferriphilum_ml_04.ASM29923v1ForBcTb.txt,-0.691150176362209,0.0156465623723795,-0.939267498132125,0.01704081405423
Leptospirillum_ferriphilum_ysk.ASM69597v1ForBcTb.txt,-0.709992603741396,0.0142205117643795,-0.931193168029849,0.0160235637561609
Leptospirillum_ferrooxidans_c2_3.ASM28431v1ForBcTb.txt,-0.709142178948132,0.0152096632896804,-0.937538624357949,0.0168492859938612
Leptospirillum_sp_group_ii_cf_1_.ASM118640v1ForBcTb.txt,-0.691812218565639,0.01857664857786,-0.93377538515213,0.0150689120411418
Leptotrichia_buccalis_c_1013_b.ASM2390v1ForBcTb.txt,-0.692862561858273,0.0203468633912709,-0.919092166684102,0.0189660330228242
Leptotrichia_sp_oral_taxon_225_str_f0581.ASM46952v1ForBcTb.txt,-0.691743836878229,0.01905129892416,-0.916760155432388,0.0180907969544793
Leptotrichia_wadei_f0279.ASM46940v1ForBcTb.txt,-0.647770186213368,0.0189643087841691,-0.873344062088911,0.0177799827004359
Limnoraphis_robusta_cs_951.ASM97270v2ForBcTb.txt,-0.719114476361676,0.0126099759317321,-0.991073716359792,0.0124082743694904
Marinithermus_hydrothermalis_dsm_14884.ASM19533v1ForBcTb.txt,-0.76098201944844,0.0185493139694048,-0.943821498123344,0.0159815505424518
Marinitoga_piezophila_ka3.ASM25513v1ForBcTb.txt,-0.699465447548618,0.0178342600664377,-0.892565692680419,0.0191945946416339
Marinitoga_sp_1155.ASM102117v1ForBcTb.txt,-0.816863519001553,0.0170539780478673,-0.897684897889516,0.0175978465623461
Marinitoga_sp_1197.ASM102116v1ForBcTb.txt,-0.805679166802622,0.0184946974351655,-0.927473509341898,0.0202254403470732
Meiothermus_ruber.ASM83639v1ForBcTb.txt,-0.732724391900646,0.0148756121281639,-0.977347229581014,0.0143599710524391
Meiothermus_ruber_dsm_1279.ASM2442v1ForBcTb.txt,-0.735143357314847,0.0156290556519752,-1.00221215417592,0.0150369597878303
Meiothermus_ruber_dsm_1279_gca_000376665.ASM37666v1ForBcTb.txt,-0.719858187336961,0.0160768504531917,-0.978395005184973,0.0138081374120089
Meiothermus_ruber_h328.ASM34612v2ForBcTb.txt,-0.720408305220507,0.0139590780811981,-1.00096630838406,0.0135353286315341
Meiothermus_silvanus_dsm_9946.ASM9212v1ForBcTb.txt,-0.774187698369506,0.0157906003097059,-0.957769347578649,0.014305616083741
Meiothermus_taiwanensis.ASM162317v1ForBcTb.txt,-0.73024909955693,0.0149383964710589,-0.968099330604144,0.0149211862105103
Mesotoga_infera.ASM36770v1ForBcTb.txt,-0.791241456109217,0.0174571951659893,-0.914610724347749,0.0150180985169774
Mesotoga_prima_mesg1_ag_4_2.ASM14771v3ForBcTb.txt,-0.81574800268002,0.0171672136524691,-0.918738963854931,0.0169728481706806
Methylacidiphilum_fumariolicum_solv.ASM29741v1ForBcTb.txt,-0.802499914792821,0.0162771544988893,-0.942655133077466,0.0166403841904445
Methylacidiphilum_infernorum_v4.ASM1966v1ForBcTb.txt,-0.739994059672604,0.0154872489721587,-0.919469985950554,0.0147051372236914
Methylacidiphilum_kamchatkense_kam1.ASM81724v1ForBcTb.txt,-0.839735596742287,0.0163991247664305,-0.894546055672416,0.0166422095450926
Microcystis_aeruginosa_nies_843.ASM1062v1ForBcTb.txt,-0.782421630135411,0.0146041433703266,-1.00362741418882,0.0114156925281605
Microcystis_aeruginosa_pcc_9443.ASM31218v1ForBcTb.txt,-0.754551570020416,0.0128062396166713,-0.980174113276535,0.0123218316583653
Moorea_producens_3l.ASM21181v1ForBcTb.txt,-0.785474458660789,0.0105733369224981,-1.02932802031941,0.0104798255335808
Mucispirillum_schaedleri_asf457.Muci_scha_ASF457_V1ForBcTb.txt,-0.773538723859286,0.0168807318442846,-0.928301947248391,0.0175583809107051
Mycoplasma_agalactiae.ASM8986v1ForBcTb.txt,-0.593378326983329,0.0299277302127359,-0.680623652737748,0.0286392031116223
Mycoplasma_bovis.ASM104313v1ForBcTb.txt,-0.647135228805764,0.0257993105317204,-0.686619730872362,0.0287843762378345
Mycoplasma_canadense.ASM82885v1ForBcTb.txt,-0.588032205677061,0.0349116148198471,-0.637145508138239,0.0359432146235908
Mycoplasma_canis_ufg4.ASM25900v1ForBcTb.txt,-0.582375084817349,0.0281168124514541,-0.697905733590937,0.0303204249456324
Mycoplasma_capricolum_subsp_capricolum_atcc_27343.ASM1276v1ForBcTb.txt,-0.724078499503262,0.024847289801457,-0.762100386264732,0.0253258690615436
Mycoplasma_capricolum_subsp_capripneumoniae_87001.ASM83508v1ForBcTb.txt,-0.742197326999083,0.0247408624319353,-0.847849192449009,0.0245639177942837
Mycoplasma_fermentans_pg18.ASM20973v1ForBcTb.txt,-0.664019140243079,0.0242498246475049,-0.804550720515443,0.027009497815943
Mycoplasma_gallisepticum_ny01_2001_047_5_1p.ASM28673v1ForBcTb.txt,-0.521884674241263,0.0244483341639915,-0.66649012848986,0.0267404862794282
Mycoplasma_gallisepticum_str_f.ASM2538v1ForBcTb.txt,-0.507780004301516,0.0226938343831927,-0.68519112312585,0.0269562010025821
Mycoplasma_hominis_gca_001017595.ASM101759v1ForBcTb.txt,-0.560961504333748,0.031341152748089,-0.614592548473544,0.0291445191731681
Mycoplasma_hyopneumoniae_7448.ASM822v1ForBcTb.txt,-0.590920157084483,0.0277860490484868,-0.711138489750136,0.0306888710276612
Mycoplasma_hyosynoviae_gca_000691305.MhyoNPL2v1.0_of_Mycoplasma_hyosynoviae_strain_NPL2_genomeForBcTb.txt,-0.547001370615751,0.0264084280188632,-0.738376186650597,0.0290278434007932
Mycoplasma_hyosynoviae_gca_000691325.MhyoNPL3v1.0_of_Mycoplasma_hyosynoviae_strain_NPL3_genomeForBcTb.txt,-0.523296680187957,0.0249515561030911,-0.625929146329478,0.0331204571376643
Mycoplasma_hyosynoviae_gca_000691365.MhyoNPL6v1.0_of_Mycoplasma_hyosynoviae_strain_NPL6_genomeForBcTb.txt,-0.509039663945324,0.0261201679230341,-0.669579779086428,0.0270418907831839
Mycoplasma_mycoides_subsp_mycoides_gca_001554115.ASM155411v1ForBcTb.txt,-0.767686221925619,0.0280212519000856,-0.779405568378744,0.0247002640625495
Mycoplasma_putrefaciens_mput9231.ASM37662v1ForBcTb.txt,-0.652982662552748,0.0276788125336351,-0.749373371144029,0.0298405940836646
Mycoplasma_sp_ex_biomphalaria_glabrata_.ASM148404v1ForBcTb.txt,-0.584861130896991,0.0291137219079236,-0.662735906127891,0.0292844523088286
Mycoplasma_yeatsii_13926.version_1.0ForBcTb.txt,-0.53150261289766,0.0267330314948212,-0.790408832938218,0.0286493332097835
Myroides_odoratus_cip_103059.Myro_odor_CIP103059_G12587_V1ForBcTb.txt,-0.801040351188257,0.0149960666752908,-1.00125522774216,0.0149388052175127
Neisseria_gonorrhoeae_pid18.ASM15687v1ForBcTb.txt,-0.477682889946644,0.0161451793927891,-0.931562618079751,0.0167130077919506
Nitrospira_defluvii.ASM19681v1ForBcTb.txt,-0.789513535683315,0.0123042568616048,-0.987835810652743,0.0128552269653295
Nitrospirae_bacterium_hch_1.ASM154125v1ForBcTb.txt,-0.739786760214506,0.0120764853375649,-0.968330574039906,0.0136957310776823
Nitrospira_moscoviensis.ASM127377v1ForBcTb.txt,-0.827396343190053,0.0123278347171916,-1.00815396155782,0.0130779651965336
Nitrospira_sp_scgc_ag_212_e16.ASM164440v1ForBcTb.txt,-0.803678579380317,0.0155696225609552,-0.899065224576891,0.0158405107792028
Nodularia_spumigena_ccy9414_gca_000340565.ASM34056v3ForBcTb.txt,-0.762516484225584,0.0115989961990626,-0.996630162907796,0.0125358148349796
Nostoc_punctiforme_pcc_73102.ASM2002v1ForBcTb.txt,-0.840200188817119,0.011004218794968,-0.977024994124608,0.0112834506077645
Novosphingobium_sp_p6w.ASM87667v1ForBcTb.txt,-0.736161906059246,0.0117681556469583,-0.995427373600284,0.0114408672029783
Oceanithermus_profundus_dsm_14977.ASM18374v1ForBcTb.txt,-0.828431841734799,0.0174957779011822,-0.946358183105903,0.0148050533804093
Oenococcus_oeni_ioeb_0502.Oeoe_IOEB_0502_1.0ForBcTb.txt,-0.811959606567461,0.0185819338788677,-0.900682228656567,0.0171221947406871
Opitutaceae_bacterium_ig16b.ASM174683v1ForBcTb.txt,-0.639646065855281,0.0143216885078096,-0.996216706305369,0.0142149213489554
Opitutaceae_bacterium_tav1.ASM24349v3ForBcTb.txt,-0.606662213398459,0.0112130847960629,-1.01655838425265,0.011495715441453
Opitutaceae_bacterium_tav4.ASM165382v1ForBcTb.txt,-0.492128421430645,0.0127850849731818,-0.983318047865016,0.0124218915467943
Opitutaceae_bacterium_tav5.ASM24293v3ForBcTb.txt,-0.659998430697526,0.011632048361914,-1.02470734997783,0.0112401469436945
Opitutaceae_bacterium_tsb47.ASM165017v1ForBcTb.txt,-0.59772125408744,0.0115458998076008,-1.02181821581378,0.0109258587687232
Opitutae_bacterium_scgc_ag_212_l18.ASM164425v1ForBcTb.txt,-0.140398722115379,0.0272455344621062,-0.365481320847114,0.0354831637846144
Opitutus_terrae_pb90_1.ASM1996v1ForBcTb.txt,-0.830147816769628,0.012361830640547,-0.981215910533378,0.011779015399607
Oscillochloris_trichoides_dg_6.ASM15214v1ForBcTb.txt,-0.621337654023205,0.0131298743775243,-0.967003231410588,0.0141213822436205
Paenibacillus_sp_fsl_r5_808.ASM51788v1ForBcTb.txt,-0.794794052687074,0.0130128071001593,-1.00170058617319,0.0116007515950627
Parabacteroides_johnsonii_cl02t12c29.Para_john_CL02T12C29_V1ForBcTb.txt,-0.574026014028945,0.0128166630182846,-0.985039780298945,0.0133124242286233
Pedobacter_sp_bma.ASM102774v1ForBcTb.txt,-0.866780750016897,0.013618366808695,-1.00134601525532,0.0134582036255529
Pedosphaera_parvula_ellin514.ASM17255v1ForBcTb.txt,-0.778764283514093,0.0106179146992103,-1.01221720526273,0.0105992963453806
Pelodictyon_phaeoclathratiforme_bu_1.ASM2064v1ForBcTb.txt,-0.644371742077816,0.0147556946875645,-0.934171215456179,0.0149874934810896
Persephonella_marina_ex_h1.ASM2156v1ForBcTb.txt,-0.734064478370605,0.0182202277507939,-0.91755313388442,0.0173200658807184
Petrotoga_mobilis_sj95.ASM1860v1ForBcTb.txt,-0.796262172146525,0.0179810604031775,-0.932968487824021,0.0185841503680502
Pirellula_sp_sh_sr6a.ASM161087v1ForBcTb.txt,-0.798578853268581,0.0105164820610595,-1.02105037174166,0.0108802023247287
Pirellula_staleyi_dsm_6068.ASM2518v1ForBcTb.txt,-0.771214753145574,0.0115872096488972,-1.00781622001913,0.0120253431728857
Planctomyces_sp_sh_pl14.ASM161083v1ForBcTb.txt,-0.623818345112681,0.0116038908901335,-1.01297108345773,0.0100393545146796
Planctopirus_limnophila_dsm_3776.ASM9210v1ForBcTb.txt,-0.769915698991646,0.0123542895407309,-1.00822133731843,0.0116404734035716
Planctopirus_sp_jc280.ASM170783v1ForBcTb.txt,-0.780871257266864,0.0122893806815402,-0.976818903658604,0.0108880252484872
Pleurocapsa_sp_pcc_7327.ASM31702v1ForBcTb.txt,-0.790648626619826,0.0121068298862729,-0.97767716906383,0.0121354901623498
Polaromonas_sp_cf318.Polaromonas.strCF318_v1.0ForBcTb.txt,-0.780689297790336,0.0114324237767137,-1.03068602552334,0.0112025828257972
Porphyromonas_gingivalis_f0185.ASM46795v1ForBcTb.txt,-0.6614124557442,0.0152508821291517,-0.921723056881825,0.0157091448465397
Porphyromonas_sp_cot_052_oh4946.ASM76596v1ForBcTb.txt,-0.651401954956818,0.0158783345735473,-0.907546771883907,0.015762302867797
Prevotella_melaninogenica_atcc_25845.ASM14440v1ForBcTb.txt,-0.579529959712792,0.0155413746577639,-0.929266565567123,0.0143722084370708
Prevotella_oris_f0302.ASM16291v1ForBcTb.txt,-0.616216059063904,0.0142699049475686,-0.973984032028549,0.0130985290964985
Prochlorococcus_marinus_str_mit_9123.ASM75993v1ForBcTb.txt,-0.838633224201829,0.0183761901216286,-0.902157471385432,0.0175187849274669
Prochlorococcus_marinus_str_mit_9202.ASM15859v1ForBcTb.txt,-0.85334555044221,0.018218857589425,-0.908982006417092,0.0201214516217433
Prochlorococcus_marinus_str_mit_9303.ASM1570v1ForBcTb.txt,-0.605207566898308,0.0146909910545818,-0.926512443589374,0.0157358148912472
Prochlorococcus_marinus_str_sb.ASM76011v1ForBcTb.txt,-0.859055848739827,0.0174835234378795,-0.928771299968108,0.0189085791032549
Prochlorococcus_sp_mit_0703.ASM76033v1ForBcTb.txt,-0.581810806941847,0.0147808242422598,-0.929215179768985,0.0168533079504589
Prosthecochloris_aestuarii_dsm_271.ASM2062v1ForBcTb.txt,-0.578155828119608,0.0142098613241829,-0.951331946961435,0.0152617035247037
Prosthecochloris_sp_cib_2401.ASM168706v1ForBcTb.txt,-0.530701691152732,0.0144189048564769,-0.917723873263582,0.0142627507479114
Pseudomonas_aeruginosa_x13273.Pseu_aeru_X13273_V1ForBcTb.txt,-0.771315771422924,0.0124082011033505,-1.02287892155879,0.011510754516822
Pseudothermotoga_hypogea_dsm_11164_nbrc_106472.ASM81614v1ForBcTb.txt,-0.828191028916691,0.0162964339731619,-0.958261887661982,0.0158583003249912
Pseudothermotoga_lettingae_tmo.ASM1786v1ForBcTb.txt,-0.830751555290909,0.0158192367355241,-0.900314896413025,0.0164018740389449
Pseudothermotoga_thermarum_dsm_5069.ASM21781v1ForBcTb.txt,-0.754339282971494,0.0160438045992717,-0.88769345541818,0.0176206848290917
Pyramidobacter_piscolens_w5455.ASM17733v1ForBcTb.txt,-0.60722161355487,0.0153964310598258,-0.962689472975799,0.0141823749921723
Pyrinomonas_methylaliphatogenes.K22ForBcTb.txt,-0.773283503981715,0.0136099683299596,-0.954854683000399,0.0129174924018683
Rhodanobacter_sp_soil772.Soil772ForBcTb.txt,-0.759112006098752,0.0130375531532283,-1.00467155377206,0.0143206993468344
Rhodopirellula_baltica_sh_1.ASM19611v1ForBcTb.txt,-0.77294130110237,0.0109584827987039,-1.00383560550175,0.0110900913215446
Rhodopirellula_baltica_sh28.ASM30463v1ForBcTb.txt,-0.770026842174478,0.0107384551056233,-0.994476455295023,0.0113599364024688
Rhodopirellula_baltica_swk14.ASM33074v1ForBcTb.txt,-0.781424151710674,0.0109285142377892,-0.98823178451706,0.0115137119414958
Rhodopirellula_baltica_wh47.ASM19518v2ForBcTb.txt,-0.792915569672665,0.0109551499566713,-0.997709797659508,0.0122792840165182
Rhodopirellula_europaea_6c.FirstForBcTb.txt,-0.772743045867247,0.0116145627513259,-1.02191900353798,0.0110165296110184
Rhodopirellula_europaea_sh398.ASM34631v1ForBcTb.txt,-0.777068959829137,0.0111545173669997,-1.01798363861918,0.0111528358154063
Rhodopirellula_islandica.K833ForBcTb.txt,-0.754073879976618,0.0109576639375394,-1.01597067614876,0.0110309747816822
Rhodopirellula_maiorica_sm1.ASM34629v1ForBcTb.txt,-0.843019520872856,0.00993843959942195,-1.01365760639201,0.0113459162328408
Rhodopirellula_sallentina_sm41.ASM34650v1ForBcTb.txt,-0.74103474124156,0.0108668062499324,-0.988157893985277,0.0103163901121565
Rhodopirellula_sp_swk7.ASM34642v1ForBcTb.txt,-0.737420365701559,0.0102044468642693,-1.00003945214323,0.0105506962875867
Rhodothermus_marinus_dsm_4252.ASM2484v1ForBcTb.txt,-0.706188064348607,0.0166453846912501,-0.937809927203394,0.0140640364382824
Rivularia_sp_pcc_7116.ASM31666v1ForBcTb.txt,-0.831804503385449,0.0108119482620372,-0.990632357903311,0.0110930866631823
Roseiflexus_castenholzii_dsm_13941.ASM1780v1ForBcTb.txt,-0.814712030289866,0.0127886559187988,-0.998029816400817,0.0118978764071802
Roseiflexus_sp_rs_1.ASM1666v1ForBcTb.txt,-0.81171369405429,0.0128000164414793,-0.983337421238602,0.012496422479586
Rubinisphaera_brasiliensis_dsm_5305.ASM16571v3ForBcTb.txt,-0.724017461775853,0.0114102513363297,-1.00837481482455,0.0124795255915114
Salmonella_enterica_subsp_enterica_serovar_enteritidis_str_22510_1.ASM28037v1ForBcTb.txt,-0.731478224290105,0.0116703293694401,-0.990957605554768,0.0117289137994161
Salmonella_enterica_subsp_enterica_serovar_paratyphi_a_gca_000984975.PA086ForBcTb.txt,-0.734691280835968,0.0126811053330414,-0.986938355246616,0.0126620454581334
Salmonella_enterica_subsp_enterica_serovar_typhi_gca_001117365.10561_2_38ForBcTb.txt,-0.735435692214958,0.0125925881522973,-0.979004057837703,0.0121985189147246
Salmonella_enterica_subsp_enterica_serovar_typhi_gca_001359415.10060_5_89ForBcTb.txt,-0.721878022809115,0.0121064726961762,-1.01796875113964,0.0119948972209235
Salmonella_enterica_subsp_enterica_serovar_typhimurium_str_dt104_gca_001219965.5299_3_5ForBcTb.txt,-0.738111969018939,0.0118155688736644,-1.00118497484273,0.0114685649832174
Saprospira_grandis_dsm_2844.ASM27582v1ForBcTb.txt,-0.649221946407289,0.0142626000889091,-0.966217548754333,0.0135492693965366
Shigella_sonnei_gca_001254455.8290_4_92ForBcTb.txt,-0.730165843701205,0.0121600810466682,-1.00402928558303,0.0114473593761267
Singulisphaera_acidiphila_dsm_18658.ASM24245v3ForBcTb.txt,-0.741941365466596,0.0104709929902448,-1.01695609898864,0.0112550112487418
Sneathia_amnii.ASM97308v1ForBcTb.txt,-0.691802619398425,0.0210332195833278,-0.83080189614724,0.0241594594677196
Sphaerochaeta_coccoides_dsm_17374.ASM20838v1ForBcTb.txt,-0.700307913089607,0.0155123298458308,-0.932360118467669,0.0162276998760547
Spiroplasma_diminutum_cuas_1.ASM43945v1ForBcTb.txt,-0.634284095719317,0.0238047144994792,-0.716550886483725,0.0245659712998991
Spiroplasma_eriocheiris.ASM102926v1ForBcTb.txt,-0.781078210216303,0.0209131868081745,-0.855161786849029,0.0223137224316673
Spiroplasma_melliferum_ipmb4a.SMIPMB4A_v3ForBcTb.txt,-0.795981560198281,0.0239889592160176,-0.836522507201037,0.0217637900589693
Staphylococcus_aureus_dar3581.Stap_aure_DAR3581_V1ForBcTb.txt,-0.823599268780788,0.0175878862191871,-0.961227359903451,0.0144563421482507
Staphylococcus_aureus_gca_001194505.7738_4_48ForBcTb.txt,-0.818184447612738,0.0174848144069953,-0.952815091754948,0.015998425863288
Staphylococcus_aureus_gca_001353835.7907_4_63ForBcTb.txt,-0.822981130241369,0.0176028082220033,-0.958510438996337,0.0164626260363656
Staphylococcus_aureus_m0234.Stap_aure_M0234_V1ForBcTb.txt,-0.79626886915941,0.0166861684033623,-0.943535488605463,0.0169380144443386
Staphylococcus_aureus_m0989.Stap_aure_M0989_V1ForBcTb.txt,-0.802762385540484,0.0168670933520488,-0.938987870411906,0.0181254462787075
Staphylococcus_aureus_m28112.Stap_aure_M28112_V1ForBcTb.txt,-0.811568595380656,0.0168459228770471,-0.979549310486485,0.0151619217419808
Staphylococcus_aureus_subsp_aureus_sk1585.SK1585_newbler2.6_V1ForBcTb.txt,-0.824514400959234,0.0157268165823351,-0.958086316943037,0.0150168585953444
Staphylococcus_aureus_w15995.Stap_aure_W15995_V1ForBcTb.txt,-0.817118504721345,0.0170595735587728,-0.970612050859414,0.0143712482140253
Streptococcus_agalactiae_gb00914.ASM28845v1ForBcTb.txt,-0.802709258315082,0.0162311699720917,-0.938704087186095,0.0160575045028599
Streptococcus_iniae_gca_000831485.ASM83148v1ForBcTb.txt,-0.73863608800178,0.0185789025062989,-0.914694326837185,0.0163400075751433
Streptococcus_pneumoniae_gca_001089745.7444_8_23ForBcTb.txt,-0.615464898982431,0.0162978220419193,-0.945291383597981,0.0171969955767872
Streptococcus_pneumoniae_gca_001108465.6680_6_14ForBcTb.txt,-0.595479874640572,0.0169911869180405,-0.971721917163508,0.0171358668631324
Streptococcus_pneumoniae_gca_001127925.6680_6_13ForBcTb.txt,-0.588098473427151,0.0178098251601711,-0.904442440108906,0.0169219897208841
Streptococcus_pneumoniae_gca_001146105.5392_7_8ForBcTb.txt,-0.597968326812679,0.0164484986162798,-0.875263499022455,0.0161450709472148
Streptococcus_pneumoniae_gca_001164085.6805_5_23ForBcTb.txt,-0.606854574856418,0.0176074298268079,-0.902148157071681,0.0166631495379764
Streptococcus_pneumoniae_gca_001202995.6807_1_7ForBcTb.txt,-0.573266271992257,0.0183394392247178,-0.930685163446441,0.0190106473721881
Streptococcus_pneumoniae_gca_001337015.6680_5_19ForBcTb.txt,-0.613065971606102,0.0171028636283705,-0.931791766475667,0.0166527495736748
Streptococcus_pneumoniae_pni0199.ASM33479v1ForBcTb.txt,-0.611562620707504,0.0170229587545195,-0.906394597856169,0.0183601660950511
Sulfurihydrogenibium_azorense_az_fu1.ASM2154v1ForBcTb.txt,-0.735783068244205,0.0190082370975737,-0.91337620656971,0.0197342356985081
Sulfurihydrogenibium_sp_yo3aop1.ASM2032v1ForBcTb.txt,-0.788867753362772,0.0192870118605676,-0.907248037118427,0.0195745490922401
Sulfurihydrogenibium_yellowstonense_ss_5.ASM17361v1ForBcTb.txt,-0.749322103768207,0.0192673981040515,-0.872014293602095,0.0191508770875671
Synechococcus_sp_cc9311.ASM1458v1ForBcTb.txt,-0.683074552843799,0.0142238197830186,-0.942419364579708,0.0140601905651384
Synechococcus_sp_ja_2_3b_a_2_13_.ASM1322v1ForBcTb.txt,-0.771086811246459,0.0149944727917599,-0.965071218759062,0.0152163410841869
Synechococcus_sp_rs9916.ASM15382v1ForBcTb.txt,-0.590952669793352,0.0150560747885623,-0.932573019900748,0.0144706305623227
Synechococcus_sp_utex_2973.ASM81732v1ForBcTb.txt,-0.710603622698616,0.0150010309209422,-0.921534869651592,0.0157751759107358
Synergistes_jonesii.sjonesii4.0ForBcTb.txt,-0.605744635257168,0.0152141706561659,-0.935640294310199,0.0145859015867557
Synergistes_sp_3_1_syn1.Synerg_sp_3_1_syn1_V1ForBcTb.txt,-0.619392514814117,0.0137265728968255,-0.942512638815815,0.0130681997198677
Tamlana_sp_s12.ASM167230v1ForBcTb.txt,-0.761165375608824,0.0156209034225257,-0.962783780971107,0.0156400017577257
Terriglobus_roseus_dsm_18391.ASM26542v1ForBcTb.txt,-0.553904247322364,0.0125287932917295,-1.02576886329743,0.0127720947493216
Terriglobus_saanensis_sp1pr4.ASM17991v2ForBcTb.txt,-0.670420494424556,0.0116001855967848,-0.993885669821083,0.0124732171167597
Terrimicrobium_sacchariphilum.ASM161354v1ForBcTb.txt,-0.719546889359106,0.0115843556517553,-1.00855116654185,0.0115009042160534
Thermanaerovibrio_acidaminovorans_dsm_6589.ASM2490v1ForBcTb.txt,-0.774328717968016,0.0198986196175596,-0.937563316198597,0.0164006519775257
Thermanaerovibrio_velox_dsm_12556.ASM23782v1ForBcTb.txt,-0.47108217737,0.0188940950243936,-0.935857529221521,0.0179999531276211
Thermoanaerobaculum_aquaticum.TheAqu1.0ForBcTb.txt,-0.790955958335502,0.0161188092092436,-0.959858539456417,0.0149758825265822
Thermocrinis_albus_dsm_14484.ASM2560v1ForBcTb.txt,-0.780320520484864,0.0177905918514666,-0.895813505401262,0.0185827247142074
Thermocrinis_ruber.ASM51273v1ForBcTb.txt,-0.742918248631979,0.017839055016631,-0.811468500836297,0.0180286942562673
Thermodesulfatator_autotrophicus.ASM164232v1ForBcTb.txt,-0.678287786990773,0.0157425068992311,-0.918663196993907,0.0167195882093271
Thermodesulfatator_indicus_dsm_15286.ASM21779v1ForBcTb.txt,-0.667252894399668,0.0155045219779918,-0.873296624839804,0.0157853512138654
Thermodesulfobacterium_commune_dsm_2178.ASM73401v1ForBcTb.txt,-0.675314420563408,0.0182597391524382,-0.836758716248058,0.01850420229505
Thermodesulfobacterium_geofontis_opf15.ASM21597v1ForBcTb.txt,-0.80729640614921,0.0196867875827377,-0.895099276247464,0.0211243844534943
Thermodesulfovibrio_aggregans.ASM151453v1ForBcTb.txt,-0.763285638790258,0.0172194267870851,-0.913240015023048,0.0169399702007296
Thermodesulfovibrio_sp_n1.ASM170791v1ForBcTb.txt,-0.768066099287439,0.0175289242738519,-0.885001349632619,0.018696414176602
Thermodesulfovibrio_yellowstonii_dsm_11347.ASM2098v1ForBcTb.txt,-0.757779887499646,0.0174159929926233,-0.886671204590667,0.0171733539441629
Thermosipho_africanus_h17ap60334.ASM30071v1ForBcTb.txt,-0.694625822482572,0.0177475633835393,-0.933035617837819,0.0206521989404859
Thermosipho_africanus_tcf52b.ASM2128v1ForBcTb.txt,-0.68800573115842,0.0190256911893159,-0.923641184467675,0.0191570977807651
Thermosipho_melanesiensis_bi429.ASM1690v1ForBcTb.txt,-0.686075699205496,0.0170878437720326,-0.857147230448593,0.0179294737481665
Thermosulfidibacter_takaii_abi70s6.ASM154773v1ForBcTb.txt,-0.604359918840709,0.0157877030036067,-0.853650680941435,0.0162672515072457
Thermosulfurimonas_dismutans.ASM165258v1ForBcTb.txt,-0.622182355173875,0.0152276885782061,-0.895212027170407,0.0177540556660389
Thermosynechococcus_elongatus_bp_1.ASM1134v1ForBcTb.txt,-0.811353964074473,0.0149352024491664,-0.935565883391833,0.014817520140202
Thermotoga_maritima.ASM97857v1ForBcTb.txt,-0.709192163656876,0.0180107018276711,-0.859249603560017,0.0176017184311698
Thermotoga_maritima_gca_000978535.ASM97853v1ForBcTb.txt,-0.716317649926047,0.0180538590091338,-0.910772541641785,0.0180288153000892
Thermotoga_maritima_msb8.ASM854v1ForBcTb.txt,-0.699202984032682,0.0178345219042987,-0.891366048369801,0.0182826837088147
Thermotoga_maritima_msb8_gca_000230655.ASM23065v3ForBcTb.txt,-0.71318127408903,0.0179138127373948,-0.864921919162791,0.0183498491869961
Thermotoga_maritima_msb8_gca_000390265.ASM39026v1ForBcTb.txt,-0.701347333110901,0.0182231290791552,-0.896716955372363,0.0189476474625247
Thermotoga_maritima_msb8_gca_000978555.ASM97855v1ForBcTb.txt,-0.710800324741561,0.0178972909760102,-0.879140417852982,0.0182474299996684
Thermotoga_naphthophila_rku_10.ASM2510v1ForBcTb.txt,-0.697707133963529,0.0189531501502456,-0.855386974830174,0.0190004235179877
Thermotoga_neapolitana_dsm_4359.ASM1894v1ForBcTb.txt,-0.676398862133579,0.0166384353292974,-0.903751166444685,0.018376569893894
Thermotoga_neapolitana_la10.TnapLA10N1ForBcTb.txt,-0.684335146392452,0.0174718557193768,-0.867576600304189,0.0198715046110352
Thermotoga_petrophila_rku_1.ASM1678v1ForBcTb.txt,-0.718815860627254,0.0173609671912009,-0.896240509736274,0.018993708820917
Thermotoga_sp_2812b.ASM78933v1ForBcTb.txt,-0.709328917303116,0.017035399562825,-0.906018882323081,0.0188102561217132
Thermotoga_sp_cell2.ASM78937v1ForBcTb.txt,-0.701895364196267,0.0181057986967603,-0.868148009571414,0.0192452969779887
Thermotoga_sp_emp.ASM29455v1ForBcTb.txt,-0.707531198396415,0.0170697718886539,-0.918290923696132,0.0180688098615274
Thermotoga_sp_mc24.ASM78483v1ForBcTb.txt,-0.70081321617829,0.0173968063181796,-0.892840179946981,0.0182917503833439
Thermotoga_sp_rq2.ASM1962v1ForBcTb.txt,-0.697515512901443,0.0174509596300445,-0.884931021669949,0.0192830793687094
Thermotoga_sp_rq7.ASM83214v1ForBcTb.txt,-0.709185962193588,0.0179572305412649,-0.884557437003138,0.0179422485185282
Thermotoga_sp_tbgt1765.ASM78479v1ForBcTb.txt,-0.703445789957496,0.0173705281485209,-0.837107110859244,0.0189635897543657
Thermotoga_sp_tbgt1766.ASM78482v1ForBcTb.txt,-0.706283758293229,0.0177351413661657,-0.825798047729089,0.0202734306535677
Thermotoga_sp_xyl54.ASM78478v1ForBcTb.txt,-0.701654142428786,0.0180899211464962,-0.878426391980158,0.0198480233910353
Thermovibrio_ammonificans_hb_1.ASM18580v1ForBcTb.txt,-0.683148531836879,0.0199295460869233,-0.919763206690034,0.0180933781119582
Thermovirga_lienii_dsm_17291.ASM23377v1ForBcTb.txt,-0.570829710239037,0.0154300428626719,-0.91188519505225,0.017335774626193
Thermus_aquaticus.ASM128025v1ForBcTb.txt,-0.819389313515653,0.0180813290641672,-0.939768372890174,0.0167376843202075
Thermus_aquaticus_y51mc23.ASM17305v1ForBcTb.txt,-0.759253269646089,0.020563717997113,-0.957927227937192,0.0156079288873597
Thermus_filiformis.THFILIv2ForBcTb.txt,-0.862611446141888,0.0189921450505251,-0.955547119659655,0.0165061228710827
Thermus_oshimai_jl_2.ASM30988v1ForBcTb.txt,-0.846846956496,0.0188381385525476,-0.948313340099315,0.0144876974457387
Thermus_parvatiensis.ASM25283v2ForBcTb.txt,-0.837026679976442,0.0197183596152507,-0.97361543858757,0.0151488940903488
Thermus_parvatiensis_gca_001535545.ASM153554v1ForBcTb.txt,-0.831417523812382,0.0200281468901723,-0.877406758231198,0.0178164040635222
Thermus_scotoductus.ASM129466v1ForBcTb.txt,-0.749839285804733,0.0176279463976269,-0.920395734108724,0.0169424292009531
Thermus_scotoductus_sa_01.ASM18700v1ForBcTb.txt,-0.76632599847744,0.015401419924572,-0.945479954120975,0.0156241258334605
Thermus_sp_2_9.ASM79438v1ForBcTb.txt,-0.824315399281249,0.0173918050909488,-0.956358650085693,0.0163188440419425
Thermus_sp_ccb_us3_uf1.ASM23658v1ForBcTb.txt,-0.840277895660742,0.0186784781892408,-0.977377541800059,0.0162401059575919
Thermus_sp_nmx2_a1.TNMX1.0ForBcTb.txt,-0.757898350027054,0.0153898988012368,-0.936562332962038,0.0159451124504024
Thermus_thermophilus_hb27.ASM812v1ForBcTb.txt,-0.846964452386339,0.0183219803006481,-0.987126530754179,0.0163417298294539
Thermus_thermophilus_hb8.ASM9154v1ForBcTb.txt,-0.829721841130979,0.0194479467182584,-0.957418108555913,0.0149730475775423
Thermus_thermophilus_jl_18.ASM25824v1ForBcTb.txt,-0.849566393312618,0.0178571157684596,-0.947966123091634,0.0165469298412887
Thermus_thermophilus_sg0_5jp17_16.ASM21484v1ForBcTb.txt,-0.774636658768915,0.018813837797293,-0.953073279912851,0.0170978359928368
Treponema_denticola_atcc_33520.Trep_dent_ATCC_33520_V1ForBcTb.txt,-0.701278574111382,0.0160829718052868,-0.945241905047615,0.0153356491331654
Treponema_denticola_atcc_35405.ASM818v1ForBcTb.txt,-0.689459116532226,0.016144896213033,-0.951929289298085,0.0156624126664945
Treponema_denticola_sp32.Trep_dent_SP32__F0464_V1ForBcTb.txt,-0.671365568645573,0.015842132241044,-0.920170752019832,0.015658619989761
Treponema_sp_jc4.ASM26079v1ForBcTb.txt,-0.595219371797521,0.0155837962871106,-0.933010254235593,0.0157734998373907
Truepera_radiovictrix_dsm_17093.ASM9242v1ForBcTb.txt,-0.88023169858204,0.0165032150278217,-0.966795501983116,0.0134917906778316
Ureaplasma_parvum_serovar_1_str_atcc_27813.ASM17137v1ForBcTb.txt,-0.637299143807831,0.029656525526505,-0.709012649800771,0.0276740298736212
Ureaplasma_parvum_serovar_6_str_atcc_27818.ASM16989v1ForBcTb.txt,-0.616910930087797,0.0274003994475484,-0.696600442814021,0.027818281561829
Ureaplasma_urealyticum_serovar_8_str_atcc_27618.ASM16953v1ForBcTb.txt,-0.612972565769631,0.0249026920306275,-0.713954152128064,0.0247099976952864
Verrucomicrobia_bacterium_imcc26134.ASM97276v1ForBcTb.txt,-0.604154720662517,0.0140828540023533,-0.92383214073886,0.0141103337700793
Verrucomicrobiaceae_bacterium_scgc_ag_212_n21.ASM164449v1ForBcTb.txt,-0.65409968930243,0.0193355911692441,-0.833417390280317,0.018988441884962
Verrucomicrobiae_bacterium_dg1235.ASM15569v1ForBcTb.txt,-0.230377102603586,0.0145758738753704,-0.987561492241005,0.0133520727096843
Vibrio_alginolyticus_e0666.VibrioE0666ForBcTb.txt,-0.711493560973507,0.0141139597582757,-1.01505626851868,0.011732432081857
Vibrio_sp_s234_5.ASM96059v1ForBcTb.txt,-0.772021113906675,0.0129020688208286,-0.962215572993247,0.0119347924239716
Waddlia_chondrophila_wsu_86_1044.ASM9278v1ForBcTb.txt,-0.705544112569603,0.0160722292912277,-0.922397247956218,0.0148780649643205
