species,slope,error,slopeRan,errorRan
Acidobacteria_bacterium_mor1.ASM166450v1ForBcTb.txt,-0.294996993468239,0.00480520677595052,-0.835806814962004,0.015122804101332
Acidobacteria_bacterium_scgc_ag_212_p17.ASM164424v1ForBcTb.txt,-0.15053880844379,0.00489494362056775,-0.644356532442578,0.0322626506383978
Acidobacterium_capsulatum_atcc_51196.ASM2256v1ForBcTb.txt,-0.239061655045127,0.00359340238567301,-0.870266976926854,0.0154878708367419
Acinetobacter_baumannii_gca_000809745.ASM80974v3ForBcTb.txt,-0.297581543879905,0.00401138323227188,-0.873074131240237,0.01611815045692
Aggregatibacter_actinomycetemcomitans_rhaa1.ASM25991v1ForBcTb.txt,-0.181897746408796,0.00335235569519194,-0.864038195589973,0.0197066958190615
Akkermansia_glycaniphila.ASM168379v1ForBcTb.txt,-0.127319885963597,0.00311662048299439,-0.851687449226426,0.018153910665862
Akkermansia_muciniphila.ASM168876v1ForBcTb.txt,-0.177246622261172,0.00351651671046308,-0.883826874629227,0.0167629654138248
Akkermansia_muciniphila_atcc_baa_835.ASM2022v1ForBcTb.txt,-0.182158521608749,0.00373618988099318,-0.844464002893185,0.0174852858597855
Akkermansia_sp_kle1798.ASM158019v1ForBcTb.txt,-0.139212155891937,0.00284601659192686,-0.85332982827837,0.015275444749637
Aminobacterium_colombiense_dsm_12261.ASM2588v1ForBcTb.txt,-0.258037817824636,0.00398696825499563,-0.841727085741732,0.0179313492652819
Aminomonas_paucivorans_dsm_12260.ASM16579v1ForBcTb.txt,-0.197866305774136,0.00454613416820136,-0.844491831065766,0.018763191482469
Anabaena_sp_mdt14b.ASM167219v1ForBcTb.txt,-0.247349325709168,0.00363575394038277,-0.868062326653009,0.0152503744799394
Anaerobaculum_hydrogeniformans_atcc_baa_1850.ASM16045v2ForBcTb.txt,-0.247734694913465,0.00392704671795394,-0.903203409739527,0.0189762341662972
Anaerobaculum_mobile_dsm_13181.ASM26692v1ForBcTb.txt,-0.254700499022887,0.00402066284773905,-0.856853406413791,0.0171990633498116
Aquifex_aeolicus_vf5.ASM862v1ForBcTb.txt,-0.2543894027864,0.0047212740365262,-0.813458304770964,0.0224324100935313
Arthrospira_maxima_cs_328.ASM17355v1ForBcTb.txt,-0.290431608461974,0.00452348859585695,-0.873570867582931,0.0143541832820635
Bacillus_pumilus_gca_000828345.ASM82834v1ForBcTb.txt,-0.296542531964788,0.00370331559399751,-0.855466401337934,0.0150512595480691
Bacteroides_cellulosilyticus_cl02t12c19.Bact_cell_CL02T12C19_V1ForBcTb.txt,-0.29244807365008,0.00397065466047249,-0.913116904369444,0.0119198782186255
Bacteroides_fragilis_hmw_615.Bact_frag_HMW_615_V1ForBcTb.txt,-0.257401423117562,0.00360490667004056,-0.901312832092975,0.0156074484097984
Bacteroides_fragilis_str_1007_1_f_7.ASM59914v2ForBcTb.txt,-0.261191829742193,0.00354642451057367,-0.882109592177041,0.0139795853390131
Bacteroides_fragilis_str_2_f_2_5.ASM59828v1ForBcTb.txt,-0.241804787525435,0.00350697853358581,-0.893599888301061,0.013637600220298
Bacteroides_oleiciplenus_yit_12058.Bact_olei_YIT_12058_V1ForBcTb.txt,-0.274566180015131,0.00384124470151544,-0.924671745101037,0.0147518879971424
Bacteroides_sp_1_1_14.ASM16251v1ForBcTb.txt,-0.236202526242211,0.00318732131020633,-0.905393022963652,0.0146641740963211
Bacteroides_xylanisolvens_sd_cc_2a_gca_000577955.SD_CC_2aForBcTb.txt,-0.275749870574,0.00382199618647507,-0.905196136567944,0.0136917560551956
Blastopirellula_marina_dsm_3645.ASM15310v1ForBcTb.txt,-0.335065159840643,0.0042513467667318,-0.94996443251978,0.0123546825746969
Bordetella_pertussis_gca_001333755.5633_3_2ForBcTb.txt,-0.222310965597264,0.00442165400646612,-0.793979077950566,0.0169484370200415
Borrelia_burgdorferi_jd1.ASM16665v1ForBcTb.txt,-0.250561395092141,0.00565129023582799,-0.685960593743232,0.0230116394648879
Borrelia_miyamotoi.ASM80729v1ForBcTb.txt,-0.182747472356241,0.00596180419759763,-0.717793546360756,0.0304423276321813
Borreliella_spielmanii_a14s.ASM18189v2ForBcTb.txt,-0.227189758754139,0.00585053368385081,-0.648039540221937,0.027673179540729
Brachyspira_hyodysenteriae.ASM101311v1ForBcTb.txt,-0.334105928586618,0.00492607404829405,-0.816505594168954,0.0187503245133329
Brachyspira_hyodysenteriae_atcc_27164.ASM167678v2ForBcTb.txt,-0.31844266163194,0.00491981200609096,-0.76325582211066,0.0184423858349676
Brachyspira_hyodysenteriae_gca_001013155.ASM101315v1ForBcTb.txt,-0.32650102401322,0.00496141267373286,-0.799384668215365,0.0190676055948263
Burkholderia_pseudomallei_gca_001320645.7910_5_5ForBcTb.txt,-0.23648723068363,0.00430709693838366,-0.897662770157878,0.0126960110582693
Caldimicrobium_thiodismutans.ASM154827v1ForBcTb.txt,-0.275854061998209,0.00478684851164879,-0.757805709569814,0.0210392139306223
Caldisericum_exile_azm16c01.ASM28433v1ForBcTb.txt,-0.265006545352283,0.00492150259433806,-0.774248353355216,0.0234646481739284
Calditerrivibrio_nitroreducens_dsm_19672.ASM18340v1ForBcTb.txt,-0.249355721013391,0.00433331357986149,-0.780148391724823,0.0195226635890748
Candidatus_hepatoplasma_crinochetorum_av.ASM58253v1ForBcTb.txt,-0.261470907848119,0.00824103572626551,-0.59996129952992,0.0394669980901868
Candidatus_koribacter_versatilis_ellin345.ASM1400v1ForBcTb.txt,-0.330769253054106,0.00420971111463254,-0.824609335173301,0.0152350135375048
Candidatus_magnetobacterium_bavaricum.ASM96323v1ForBcTb.txt,-0.310678363337746,0.00430907677210724,-0.92472672554267,0.0131093823074963
Candidatus_magnetoovum_chiemensis.ASM96072v1ForBcTb.txt,-0.206524153119874,0.00304701544912615,-0.877197830736411,0.0149503993373905
Candidatus_mycoplasma_haemobos.ASM164576v1ForBcTb.txt,-0.287815677842276,0.00554267041083419,-0.777372479987633,0.0258620358012856
Candidatus_nitrospira_inopinata.NiCh1ForBcTb.txt,-0.262501087846908,0.00345493628901817,-0.879368662238036,0.0159315559775011
Candidatus_nitrospira_nitrificans._COMA2_ForBcTb.txt,-0.302698640132742,0.00387737080415305,-0.910362794981629,0.01140556499306
Candidatus_nitrospira_nitrosa._COMA1_ForBcTb.txt,-0.30908883148424,0.00364368335334325,-0.931570978882744,0.014014155006808
Candidatus_phytoplasma_mali.ASM2620v1ForBcTb.txt,-0.210659585969147,0.00837444893537492,-0.67190878511467,0.0272603260300444
Candidatus_solibacter_usitatus_ellin6076.ASM1490v1ForBcTb.txt,-0.352283470247763,0.00481333073551281,-0.925871603766888,0.0113654479278749
Candidatus_synechococcus_spongiarum_sp3.ASM100766v1ForBcTb.txt,-0.198389381242371,0.00395883611386531,-0.830027150465116,0.0190993202889955
Candidatus_xiphinematobacter_sp_idaho_grape.ASM131829v1ForBcTb.txt,-0.169839850740029,0.00495418137707207,-0.688189477034763,0.0230733410375016
Capnocytophaga_cynodegmi.Ccyn49044.1ForBcTb.txt,-0.248009321501194,0.00383456930394417,-0.863657593488434,0.0177320083746585
Caulobacteraceae_bacterium_otsz_a_272.ASM167966v1ForBcTb.txt,-0.313610275298982,0.00408938446700532,-0.933138094879862,0.0139592662722492
Cellulophaga_geojensis_kl_a.KLAForBcTb.txt,-0.292766738710145,0.00425529086976443,-0.848432671964118,0.0178959199073011
Cephaloticoccus_capnophilus.ASM158004v1ForBcTb.txt,-0.183541193943484,0.00412298666892561,-0.874924606582524,0.0189317798811201
Cephaloticoccus_primus.ASM158001v1ForBcTb.txt,-0.171202509906708,0.00388329915672963,-0.82251155695839,0.0188263881632531
Chlamydia_gallinacea_08_1274_3.ASM47102v2ForBcTb.txt,-0.218189964266016,0.00521839727623998,-0.7627029818419,0.0246958119202192
Chlamydia_muridarum_gca_000700845.cmvar001ForBcTb.txt,-0.202999621035747,0.00485748879782323,-0.739370063545831,0.0246430387436263
Chlamydia_muridarum_gca_000772145.ASM77214v1ForBcTb.txt,-0.198848499149428,0.00501167847186342,-0.769000266908736,0.0268873606497863
Chlamydia_pneumoniae_b21.CpneumoniaeB21_v1ForBcTb.txt,-0.219394972343397,0.00462352031393879,-0.711876213062306,0.0242106693123465
Chlamydia_psittaci_01dc11_gca_000415525.ASM41552v1ForBcTb.txt,-0.202547591341294,0.00468556741405074,-0.737618110332303,0.0256483049617739
Chlamydia_psittaci_6bc_gca_000204255.ASM20425v1ForBcTb.txt,-0.224231336190399,0.00506555589775572,-0.760128935569833,0.0239438627220045
Chlamydia_psittaci_cp3.ASM29853v2ForBcTb.txt,-0.21811348462742,0.00476216149414348,-0.779909302540492,0.0267295307100075
Chlamydia_psittaci_nj1_gca_001401475.ASM140147v1ForBcTb.txt,-0.218794583444223,0.00505422655982251,-0.701351584956068,0.0267012962052557
Chlamydia_psittaci_str_frances.ASM140148v1ForBcTb.txt,-0.218341316001833,0.005045948921469,-0.721632696240496,0.0235172258496381
Chlamydia_trachomatis_a_5291.ASM31854v1ForBcTb.txt,-0.200746727942427,0.00475141676170304,-0.771518490122808,0.0265638450990511
Chlamydia_trachomatis.ASM59057v1ForBcTb.txt,-0.194084777973732,0.0046506382608959,-0.79144917878607,0.025150229168724
Chlamydia_trachomatis_b_tz1a828_ot.ASM2690v1ForBcTb.txt,-0.197170251711231,0.00479113572889593,-0.777049904404322,0.0254315423752952
Chlamydia_trachomatis_d_lc.ASM9300v1ForBcTb.txt,-0.198514936138423,0.00491207406320339,-0.781662952236754,0.0267577095520152
Chlamydia_trachomatis_e_sotone4.ASM31866v1ForBcTb.txt,-0.197020080764397,0.00478862259631324,-0.675223847745179,0.0264582962556545
Chlamydia_trachomatis_gca_000971725.ASM97172v1ForBcTb.txt,-0.19504966852741,0.00474720411652936,-0.795498621086922,0.0272347445628592
Chlamydia_trachomatis_gca_001398095.7794_5_15ForBcTb.txt,-0.254682801534721,0.00569974750569458,-0.956798998391708,0.00922636881587226
Chlamydia_trachomatis_gca_001398135.7501_6_52ForBcTb.txt,-0.185427154058828,0.00465598088884474,-0.748527168842664,0.023845232775685
Chlamydia_trachomatis_gca_001398155.7501_6_49ForBcTb.txt,-0.183227872180572,0.00464063029178215,-0.71241439342788,0.0215201037717865
Chlamydia_trachomatis_iu824.ASM34884v1ForBcTb.txt,-0.194413125601996,0.00483222703300974,-0.738557772602286,0.026848536330122
Chlamydia_trachomatis_l1_224.ASM31886v1ForBcTb.txt,-0.197099984805212,0.00480653887040628,-0.739275211427329,0.0262305571876702
Chlamydia_trachomatis_l2b_uch_1_proctitis.ASM6852v2ForBcTb.txt,-0.192545854831264,0.00485524872058084,-0.691958094000272,0.0236270420355306
Chlamydia_trachomatis_rc_j_971.ASM44179v1ForBcTb.txt,-0.195731166130369,0.00472902703265868,-0.711658473431385,0.0253009615771528
Chlamydia_trachomatis_rc_l2_55.ASM44181v1ForBcTb.txt,-0.194729821721061,0.00470877788740376,-0.727835430156221,0.0266031547209989
Chlamydia_trachomatis_sweden2.ASM21049v1ForBcTb.txt,-0.193544136318533,0.00483227764922255,-0.758527073394045,0.0269485787001264
Chloracidobacterium_thermophilum_b.ASM22629v1ForBcTb.txt,-0.223834544456778,0.0038158966224845,-0.873156801551877,0.0153331950775169
Chlorobaculum_limnaeum.ASM174740v1ForBcTb.txt,-0.13212781168469,0.00291313849130531,-0.787860748074585,0.0168253430748995
Chlorobaculum_parvum_ncib_8327.ASM2050v1ForBcTb.txt,-0.164744139623515,0.00326553426389832,-0.835795966262859,0.016506220029094
Chlorobium_chlorochromatii_cad3.ASM1258v1ForBcTb.txt,-0.18877575197709,0.00349993174418368,-0.878745753572226,0.0205272606143773
Chlorobium_ferrooxidans_dsm_13031.ASM16871v1ForBcTb.txt,-0.22339620306015,0.00363944759467218,-0.870681064097443,0.0164121718330454
Chlorobium_limicola.ASM150957v1ForBcTb.txt,-0.210378470618192,0.00370710788921861,-0.852585927219902,0.0195672701032002
Chlorobium_limicola_dsm_245.ASM2046v1ForBcTb.txt,-0.213603596555423,0.00343057441959201,-0.910011558807597,0.0155422238747859
Chlorobium_luteolum_dsm_273.ASM1248v1ForBcTb.txt,-0.216254664021051,0.00383233565113389,-0.857558388445457,0.017680717703192
Chlorobium_phaeobacteroides_bs1.ASM2054v1ForBcTb.txt,-0.229059899795442,0.00350095232965587,-0.842087887424238,0.0180880782904718
Chlorobium_phaeobacteroides_dsm_266.ASM1512v1ForBcTb.txt,-0.226345476282979,0.0033817267069185,-0.860727203438568,0.015396968428022
Chlorobium_phaeovibrioides_dsm_265.ASM1608v1ForBcTb.txt,-0.221985362088471,0.00386703216375981,-0.86229350661692,0.0181352116359744
Chlorobium_sp_gbchlb.ASM72417v1ForBcTb.txt,-0.227865565253021,0.00397869966313018,-0.86337086579698,0.0180699756960508
Chlorobium_tepidum_tls.ASM698v1ForBcTb.txt,-0.176437570604236,0.00339379895555414,-0.883230834610592,0.0153267485617833
Chloroflexus_aggregans_dsm_9485.ASM2194v1ForBcTb.txt,-0.230881869461249,0.00396806060963761,-0.869017650737975,0.0155982874296349
Chloroflexus_aurantiacus_j_10_fl.ASM1886v1ForBcTb.txt,-0.288507894546064,0.00450346110872035,-0.892865399486795,0.0161716549632842
Chloroflexus_sp_isl_2.ASM165069v1ForBcTb.txt,-0.253304763162717,0.00437773045752708,-0.924475776945861,0.0143733220021977
Chloroflexus_sp_y_400_fl.ASM2218v1ForBcTb.txt,-0.264109111154886,0.00404474407793096,-0.916492725180072,0.0143997821145784
Chloroherpeton_thalassium_atcc_35110.ASM2052v1ForBcTb.txt,-0.218691687238327,0.00339628331553693,-0.869028887039508,0.0177174512726838
Chryseobacterium_sp_mof25p.ASM167793v1ForBcTb.txt,-0.323307435542264,0.00410031775925725,-0.905273333809165,0.0169029311717818
Chthoniobacter_flavus_ellin428.ASM17307v1ForBcTb.txt,-0.373706279380494,0.00480151198435098,-0.926613625560542,0.0115487586107431
Chthonomonas_calidirosea_gca_001457975.P488ForBcTb.txt,-0.262385796873705,0.00378416860542493,-0.914703985097302,0.015691768153348
Chthonomonas_calidirosea_gca_001458035.TKA4.10ForBcTb.txt,-0.269161058782677,0.00378281053295285,-0.808492086939371,0.0138720694126423
Chthonomonas_calidirosea_t49.T49ForBcTb.txt,-0.269973781276495,0.00385937258742057,-0.885557786058821,0.0162492446911394
Chthonomonas_calidirosea.WRG1.2ForBcTb.txt,-0.268421628177769,0.00380274711899351,-0.913970133084945,0.0155847072889897
Cloacibacillus_evryensis_dsm_19522.ASM58533v1ForBcTb.txt,-0.164069077459382,0.0040971660725258,-0.829368053463927,0.0240734860542974
Cloacibacillus_porcorum.ASM170104v1ForBcTb.txt,-0.198080192813213,0.00329522454787793,-0.894466382548177,0.0147402925256188
Clostridioides_difficile_t23.T23ForBcTb.txt,-0.318399265110966,0.0046209980060121,-0.861550224085333,0.0170156173684958
Coraliomargarita_akajimensis_dsm_45221.ASM2590v1ForBcTb.txt,-0.198227548687237,0.0032794767521258,-0.875912886943145,0.015930119900549
Cyanobacterium_sp_ippas_b_1200.ASM174700v1ForBcTb.txt,-0.253273969626128,0.00358824008163618,-0.844662499501832,0.015073900572059
Cylindrospermum_stagnale_pcc_7417.ASM31753v1ForBcTb.txt,-0.370941829658132,0.00432197406390165,-0.927998310638611,0.0128015014370714
Deferribacter_desulfuricans_ssm1.ASM1098v1ForBcTb.txt,-0.324115586039013,0.00487200358809652,-0.864200181947588,0.0192967933141773
Defluviitoga_tunisiensis.DTL3ForBcTb.txt,-0.248515341452041,0.0049267826814013,-0.843840743676803,0.0218631619837109
Deinococcus_actinosclerus.ASM150766v1ForBcTb.txt,-0.243075101222611,0.00486676766102496,-0.806243762866554,0.0200364705616961
Deinococcus_deserti_vcd115.ASM2068v1ForBcTb.txt,-0.242898294366203,0.00396878672094682,-0.901475964049683,0.0145052175485401
Deinococcus_geothermalis_dsm_11300.ASM19627v1ForBcTb.txt,-0.29317617017138,0.00481251783979007,-0.85028001988639,0.0194349476373299
Deinococcus_gobiensis_i_0.ASM25244v1ForBcTb.txt,-0.13979458537704,0.00329160395963128,-0.895189752367508,0.0149637639092944
Deinococcus_maricopensis_dsm_21211.ASM18638v1ForBcTb.txt,-0.152906519697032,0.00380451569472354,-0.869832729572785,0.0169028297656233
Deinococcus_peraridilitoris_dsm_19664.ASM31783v1ForBcTb.txt,-0.276489867818097,0.00423169967194327,-0.902586525301757,0.0140164529328383
Deinococcus_phoenicis.Deiph1P10ME_08-2013_v01ForBcTb.txt,-0.314179112058692,0.00472181653566271,-0.854129409231125,0.0140023313337474
Deinococcus_proteolyticus_mrp.ASM19055v1ForBcTb.txt,-0.221410061852723,0.00403653270677143,-0.826954928647562,0.0159982406308301
Deinococcus_puniceus.ASM164456v1ForBcTb.txt,-0.236071164418325,0.00405640462344985,-0.846913081434331,0.0164871960242555
Deinococcus_radiodurans_r1.ASM856v1ForBcTb.txt,-0.198203574108323,0.00385360779503959,-0.874791362157827,0.0169705102598417
_deinococcus_soli_cha_et_al_2014.ASM100799v1ForBcTb.txt,-0.22948992361523,0.00472290282039782,-0.792767520079203,0.0182506880026613
Deinococcus_sp_leaf326.Leaf326ForBcTb.txt,-0.219322959680196,0.00406133489065256,-0.842498184301219,0.0143125217767543
Deinococcus_sp_rl.ASM70818v1ForBcTb.txt,-0.282097137285291,0.00508613250842116,-0.894555641150975,0.0160306710403888
Deinococcus_sp_ur1.ASM141398v1ForBcTb.txt,-0.195689201591624,0.00406058977709818,-0.854977429681272,0.0175349884207327
Deinococcus_swuensis.ASM80039v1ForBcTb.txt,-0.272474441136453,0.00484338119546054,-0.846651936629754,0.0143705494377309
Denitrovibrio_acetiphilus_dsm_12809.ASM2572v1ForBcTb.txt,-0.268440786772485,0.00370381987863451,-0.905049970828584,0.0161996228314982
Desulfurispirillum_indicum_s5.ASM17763v2ForBcTb.txt,-0.20969996808487,0.00351463221007972,-0.858317691744648,0.0162258208894576
Desulfurobacterium_thermolithotrophum_dsm_11699.ASM19104v1ForBcTb.txt,-0.254427751483039,0.00515874431456986,-0.810858456164385,0.0216994754451883
Dethiosulfovibrio_peptidovorans_dsm_11002.ASM17297v1ForBcTb.txt,-0.237304070810016,0.00385844383328135,-0.796617499564868,0.0168332080470209
Dictyoglomus_thermophilum_h_6_12.ASM2096v1ForBcTb.txt,-0.294560897878977,0.0050780297383763,-0.770723539753749,0.0222451132052223
Dictyoglomus_turgidum_dsm_6724.ASM2164v1ForBcTb.txt,-0.288726363450589,0.0052870683255319,-0.712841606341834,0.0214180857858175
Dysgonomonas_gadei_atcc_baa_286.Dysg_gade_ATCC_V1ForBcTb.txt,-0.270793911037233,0.00346528737941203,-0.914267791472738,0.0160252739670712
Elusimicrobium_minutum_pei191.ASM2014v1ForBcTb.txt,-0.244016430653857,0.00438527993809141,-0.852398391513899,0.020440182486611
Enterobacter_hormaechei_subsp_steigerwaltii_gca_000958345.ASM95834v1ForBcTb.txt,-0.230580539036366,0.00386529290951154,-0.919390941060594,0.0110673875493529
Enterococcus_faecalis_engen0418.Ente_faec_B338_V1ForBcTb.txt,-0.260718785163243,0.00379900167933345,-0.865569904644763,0.0202224006049597
Escherichia_coli_dec13d.ASM25037v2ForBcTb.txt,-0.286565870642921,0.00424193060296652,-0.910192383328656,0.0131833691555013
Escherichia_coli_gca_001672015.ASM167201v1ForBcTb.txt,-0.270371413115256,0.00402300560415098,-0.934394605312632,0.0131131699133504
Escherichia_coli_o145_nm_str_2010c_3516.Ec2010C-3516ForBcTb.txt,-0.269787343813006,0.00410209384911429,-0.930753927820967,0.0134954840440815
Fermentimonas_caenicola.E5BForBcTb.txt,-0.221159115429013,0.0038048780889986,-0.848547391650542,0.0191118647034954
Fervidobacterium_islandicum.ASM76727v3ForBcTb.txt,-0.270054165806919,0.00452873575191513,-0.823802559627427,0.0228203418211857
Fervidobacterium_nodosum_rt17_b1.ASM1754v1ForBcTb.txt,-0.250077237437216,0.00471224442466674,-0.786588680255459,0.0226529059292893
Fervidobacterium_pennivorans.ASM164466v1ForBcTb.txt,-0.263799827170952,0.00456758769726762,-0.792522742030308,0.0209789484841587
Fervidobacterium_pennivorans_dsm_9078.ASM23540v3ForBcTb.txt,-0.267534470464404,0.00456755049887573,-0.732929823201095,0.0210937748319545
Fervidobacterium_thailandensis.ASM171906v1ForBcTb.txt,-0.252789119297964,0.00407300692066038,-0.701061209728412,0.0210258056388024
Fibrobacter_succinogenes_subsp_succinogenes_s85.ASM2466v1ForBcTb.txt,-0.191487317271178,0.00310412820693623,-0.868777686523145,0.0155847940917227
Fibrobacter_succinogenes_subsp_succinogenes_s85_gca_000146505.ASM14650v1ForBcTb.txt,-0.182942760917103,0.00312308957099194,-0.904533448857469,0.0176237723288554
Fimbriimonas_ginsengisoli_gsoil_348.ASM72462v1ForBcTb.txt,-0.361273590469326,0.00427947746752639,-0.952264225790431,0.0141716131645329
Fischerella_sp_jsc_11.ASM23136v1ForBcTb.txt,-0.324554110777494,0.00413777980373082,-0.800564130245741,0.0158637257336007
Flavobacterium_akiainvivens.ASM127811v1ForBcTb.txt,-0.231822247973587,0.00343840274088814,-0.891513007890503,0.0148963701084908
Flavobacterium_suncheonense_gh29_5_dsm_17707.ASM76983v1ForBcTb.txt,-0.207058338599185,0.00332679928326605,-0.89361253400823,0.0174122679302806
Flexistipes_sinusarabici_dsm_4947.ASM21862v1ForBcTb.txt,-0.264012445174941,0.00432053948407455,-0.795854047269533,0.0181548095275073
Fretibacterium_fastidiosum.ASM21071v1ForBcTb.txt,-0.147751198502664,0.00382188250325219,-0.832092424715158,0.0190778455870274
Fusobacterium_hwasookii_chdc_f128.ASM29293v1ForBcTb.txt,-0.382493439835683,0.00586777840104578,-0.823852053632216,0.0218676474203306
Fusobacterium_hwasookii_chdc_f174.ASM145514v1ForBcTb.txt,-0.374916071723506,0.00588864979126363,-0.844648561241576,0.0229445925457131
Fusobacterium_hwasookii_chdc_f300.ASM145510v1ForBcTb.txt,-0.376875389631468,0.0057503518324186,-0.82333068014636,0.0203748333354884
Fusobacterium_mortiferum_atcc_9817.Fuso_mor_ATCC9817_V2ForBcTb.txt,-0.343108332079756,0.00515017434375276,-0.797832852613794,0.019299470804455
Fusobacterium_necrophorum_dab.FnecDABv1.0ForBcTb.txt,-0.253005610794139,0.0042010529508906,-0.775554497917617,0.0209786997990722
Fusobacterium_necrophorum_subsp_funduliforme_1_1_36s.Fuso_necr_1_1_36S_V1ForBcTb.txt,-0.290915135244064,0.00392702493547817,-0.852786806359777,0.0167304161053708
Fusobacterium_necrophorum_subsp_funduliforme.ASM159648v1ForBcTb.txt,-0.259250794583466,0.00425091836253343,-0.825796809119478,0.018211728115826
Fusobacterium_nucleatum.ASM154643v1ForBcTb.txt,-0.381100331135385,0.00562271055472001,-0.784946604353221,0.0184991377631601
Fusobacterium_nucleatum_cti_2.Fuso_nucl_CTI-2_V1ForBcTb.txt,-0.381389152830927,0.0058190169443858,-0.857034699163675,0.0201859124445336
Fusobacterium_nucleatum_cti_5.Fuso_nucl_CTI-5_V1ForBcTb.txt,-0.388070865538468,0.00568468512999553,-0.851813401486603,0.0186572819085035
Fusobacterium_nucleatum_subsp_animalis.ASM129608v1ForBcTb.txt,-0.382610847511717,0.00588843069886702,-0.846408878717367,0.0206664002739634
Fusobacterium_nucleatum_subsp_animalis_d11.Fuso_nucl_D11_V2ForBcTb.txt,-0.305976289386883,0.00553157915737698,-0.816472993327231,0.0191546187201823
Fusobacterium_nucleatum_subsp_fusiforme_atcc_51190.ASM27997v1ForBcTb.txt,-0.370357030813856,0.00610932285868034,-0.788916000925885,0.0219487005321931
Fusobacterium_nucleatum_subsp_nucleatum_atcc_25586.ASM732v1ForBcTb.txt,-0.351148685999382,0.0057673871809731,-0.844993997421486,0.0205488763357388
Fusobacterium_nucleatum_subsp_polymorphum_atcc_10953.ASM15362v1ForBcTb.txt,-0.36025045819658,0.00564163367197181,-0.815936545244883,0.0191020277374572
Fusobacterium_periodonticum_2_1_31.Fuso_sp_2_1_31_V3ForBcTb.txt,-0.336665547946854,0.0052967012485619,-0.725705785269134,0.0204092812349984
Fusobacterium_periodonticum_atcc_33693.ASM16047v1ForBcTb.txt,-0.219727420653271,0.00484505291271077,-0.852739651689001,0.0181810336857022
Fusobacterium_periodonticum_d10.Fuso_PO_Taxon_201_D10_V1ForBcTb.txt,-0.357441944722476,0.00531434268914062,-0.830576751500373,0.0196733276979692
Fusobacterium_sp_cm21.FspCM21v1.0ForBcTb.txt,-0.193138063674976,0.00422883168808129,-0.835448825135063,0.0180530688266678
Fusobacterium_sp_oral_taxon_370_str_f0437.ASM23546v1ForBcTb.txt,-0.351584245273694,0.00547371992369053,-0.833348773094042,0.0196255489863197
Gemmata_sp_sh_pl17.ASM161085v1ForBcTb.txt,-0.447445481088972,0.00571490139455289,-0.928866605446062,0.0129909518766444
Gemmatimonas_aurantiaca_t_27.ASM1030v1ForBcTb.txt,-0.320112326140618,0.00439936346949062,-0.816402357652966,0.0169278836882745
Gemmatimonas_phototrophica.ASM69509v2ForBcTb.txt,-0.293718912236339,0.00415150589107132,-0.859541847033102,0.0165960586618697
Gemmatirosa_kalamazoonesis.ASM52298v1ForBcTb.txt,-0.36411385437193,0.00592491951210734,-0.808549775034046,0.0193470020097149
Gimesia_maris_dsm_8797.ASM18147v1ForBcTb.txt,-0.31310967901125,0.00428465863263156,-0.898405328405105,0.0126074697745047
Gluconobacter_oxydans_621h.ASM1168v1ForBcTb.txt,-0.19526644570792,0.00360045272812827,-0.849207285686484,0.0188179272883034
Granulicella_mallensis_mp5actx8.ASM17895v2ForBcTb.txt,-0.285761028081291,0.00389318937626132,-0.89584191371491,0.0136155265064822
Granulicella_tundricola_mp5actx9.ASM17897v2ForBcTb.txt,-0.189364191735663,0.00356602541773041,-0.884078724271665,0.0142894356645266
Hapalosiphon_sp_mrb220.ASM127539v1ForBcTb.txt,-0.356274160938053,0.00432399405029879,-0.911407167484958,0.0114988254825571
Herpetosiphon_aurantiacus_dsm_785.ASM1856v1ForBcTb.txt,-0.297092547098058,0.00460589230252453,-0.86376904257509,0.0152747494021948
Herpetosiphon_geysericola.ASM130613v1ForBcTb.txt,-0.261619084727158,0.00414554649463332,-0.879296663671003,0.0132490876251576
Hydrogenivirga_sp_128_5_r1_1.ASM17189v1ForBcTb.txt,-0.163835702537004,0.00327970303721345,-0.904524703683264,0.0158218646374393
Hydrogenobacter_thermophilus_tk_6.ASM1078v1ForBcTb.txt,-0.256412671598696,0.00445866501162253,-0.870976533609322,0.0193668488730215
Hydrogenobacter_thermophilus_tk_6_gca_000164905.ASM16490v1ForBcTb.txt,-0.259155802922687,0.00451529067251715,-0.844723169398297,0.0189106761415062
Hydrogenobaculum_sp_3684.ASM21378v1ForBcTb.txt,-0.284196086945854,0.00500873624065749,-0.729699866759899,0.02274688178133
Hydrogenobaculum_sp_ho.ASM34185v1ForBcTb.txt,-0.282943949264943,0.00501107182560843,-0.759451474993047,0.021452593313768
Hydrogenobaculum_sp_sho.ASM21506v1ForBcTb.txt,-0.282938563090959,0.0050224075469808,-0.741566809339186,0.024574342229057
Hydrogenobaculum_sp_sn.ASM34876v2ForBcTb.txt,-0.281773232186776,0.00501465408302429,-0.808428861195845,0.0213749004412968
Hydrogenobaculum_sp_y04aas1.ASM2078v1ForBcTb.txt,-0.279472884382064,0.00494928077508699,-0.861466665933533,0.0201532267255566
Ilyobacter_polytropus_dsm_2926.ASM16550v1ForBcTb.txt,-0.278516899809043,0.00409471747118439,-0.859200117347853,0.0170776928504589
Isosphaera_pallida_atcc_43644.ASM18634v1ForBcTb.txt,-0.286971192285895,0.0041105524639824,-0.879537701366709,0.0149780662195035
Jejuia_pallidilutea.ASM76477v1ForBcTb.txt,-0.33912984409083,0.00403812142751385,-0.84294060862238,0.0178205374455191
Jonquetella_anthropi_dsm_22815.ASM23780v1ForBcTb.txt,-0.205890685188147,0.00447578144301513,-0.760226885791047,0.0194197241645077
Jonquetella_anthropi_e3_33_e1.ASM16199v1ForBcTb.txt,-0.181466710434688,0.00377610794951889,-0.791732453494305,0.0200732035202517
Jonquetella_sp_bv3c21.JspBV3C21v1.0ForBcTb.txt,-0.214465593810439,0.00439212588745996,-0.796346698571413,0.019666584740348
Klebsiella_pneumoniae_bidmc_42b.Kleb_pneu_BIDMC_42b_V1ForBcTb.txt,-0.200772332618592,0.00383587128747645,-0.881005000355005,0.0130585329268034
Kosmotoga_arenicorallina_s304.K.arenicorallinaCLCassemblyForBcTb.txt,-0.271824245351883,0.00465599727742355,-0.853446810628819,0.0222062115605075
Kosmotoga_olearia_tbf_19_5_1.ASM2332v1ForBcTb.txt,-0.260359800886502,0.00420423731779165,-0.823553108536829,0.0208894497488509
Kosmotoga_pacifica.ASM102702v1ForBcTb.txt,-0.266360845321039,0.00429751825679568,-0.878164630571975,0.018865820265864
Lactobacillus_brevis_gca_001010995.ASM101099v1ForBcTb.txt,-0.219439242217972,0.00343297451914237,-0.823618366131331,0.0188472620618914
Legionella_pneumophila_gca_900053415.10060_4_56ForBcTb.txt,-0.301466949208839,0.00403730202553167,-0.80958929068367,0.0177804082645662
Lentibacillus_amyloliquefaciens.ASM130780v2ForBcTb.txt,-0.276455460335953,0.00355972370347227,-0.90789518711583,0.0169107866764398
Lentisphaera_araneosa_htcc2155.ASM17075v1ForBcTb.txt,-0.286235756406274,0.00407420957915969,-0.866972464816321,0.015480221813074
Leptospira_borgpetersenii_str_200701203.gls454123v02ForBcTb.txt,-0.30541137241568,0.00361770603665053,-0.894329716023449,0.0142938237696473
Leptospira_borgpetersenii_str_brem_328.gls454056v2.0ForBcTb.txt,-0.290029430897928,0.00390470837956746,-0.886373512219138,0.0145364268365699
Leptospira_interrogans_serovar_copenhageni_str_hai0188.gls454167v02ForBcTb.txt,-0.289128075052557,0.00387464616038412,-0.843425599898883,0.0152168881269164
Leptospira_interrogans_serovar_djasiman_str_lt1649.LintLT1649v0.2ForBcTb.txt,-0.298179403631172,0.00387593315324618,-0.897076349005464,0.0146644518029259
Leptospira_interrogans_serovar_medanensis_str_l0448.LintL0448v0.2ForBcTb.txt,-0.29492861964031,0.00385452445423614,-0.883175167725823,0.0159818541259626
Leptospira_interrogans_serovar_muenchen.ASM102231v1ForBcTb.txt,-0.277424492726827,0.00393406063236045,-0.803618170983479,0.0164567992823234
Leptospira_interrogans_serovar_pyrogenes_str_2006006960.gls454019v2.0ForBcTb.txt,-0.290079601259347,0.00376071164020088,-0.902044071894125,0.0163604628573352
Leptospira_interrogans_str_2002000623.Lint2002000623v2.0ForBcTb.txt,-0.296629716210143,0.00388750304161507,-0.844389028300221,0.0154879668159974
Leptospira_interrogans_str_hai1536.gls454172v02ForBcTb.txt,-0.286775996453027,0.00393191281691142,-0.906891539196212,0.0149172905262174
Leptospira_interrogans_str_ui_13372.LintUI13372v0.2ForBcTb.txt,-0.30032871022249,0.00376914726277126,-0.885327387920772,0.0143597560647779
Leptospira_noguchii_str_bonito.gls454072v02ForBcTb.txt,-0.290743398819122,0.00381777413248686,-0.840174475009953,0.0166126700893368
Leptospira_santarosai_str_cbc523.gls454165v2.0ForBcTb.txt,-0.268297901333733,0.00364759737786464,-0.839060532564723,0.0156690619509565
Leptospira_santarosai_str_hai821.gls454175v2.0ForBcTb.txt,-0.264020006749649,0.00366256471408338,-0.880733471665346,0.0169918952783736
Leptospira_weilii_str_ui_13098.LweiUI13098v0.2ForBcTb.txt,-0.307389637365232,0.00401004695274866,-0.827193796014136,0.0136854688346237
Leptospirillum_ferriphilum.ASM75550v1ForBcTb.txt,-0.221787783602402,0.00366836905593212,-0.83781886554316,0.0167900399237025
Leptospirillum_ferriphilum_ml_04.ASM29923v1ForBcTb.txt,-0.22716314997293,0.00376892609207592,-0.871241387039638,0.0183781304251628
Leptospirillum_ferriphilum_ysk.ASM69597v1ForBcTb.txt,-0.194575003222226,0.00356465877227061,-0.891471638873366,0.0190398647988347
Leptospirillum_ferrooxidans_c2_3.ASM28431v1ForBcTb.txt,-0.215635381378296,0.0036527223666823,-0.886890533774807,0.0185102554701148
Leptospirillum_sp_group_ii_cf_1_.ASM118640v1ForBcTb.txt,-0.18652407823929,0.00349164744664037,-0.849543457310386,0.0164183669541948
Leptotrichia_buccalis_c_1013_b.ASM2390v1ForBcTb.txt,-0.281755626184099,0.00430694205925462,-0.785662837718992,0.019679984781431
Leptotrichia_sp_oral_taxon_225_str_f0581.ASM46952v1ForBcTb.txt,-0.290651677391615,0.00437837526946602,-0.810452379036312,0.0192974731310966
Leptotrichia_wadei_f0279.ASM46940v1ForBcTb.txt,-0.270287145023395,0.00433141632252544,-0.723034240362219,0.0209996743673464
Limnoraphis_robusta_cs_951.ASM97270v2ForBcTb.txt,-0.31011640744692,0.00420426834657071,-0.887901509320044,0.0113278322351939
Marinithermus_hydrothermalis_dsm_14884.ASM19533v1ForBcTb.txt,-0.223508706822456,0.00497466822004888,-0.868493541427746,0.0189075924278395
Marinitoga_piezophila_ka3.ASM25513v1ForBcTb.txt,-0.275078393493904,0.00472987509414645,-0.759823551903155,0.0239157009948026
Marinitoga_sp_1155.ASM102117v1ForBcTb.txt,-0.318931308059575,0.00501099506431812,-0.804587422354457,0.0190829427768292
Marinitoga_sp_1197.ASM102116v1ForBcTb.txt,-0.310312999503573,0.00508346660978415,-0.864886091638067,0.0197079237571758
Meiothermus_ruber.ASM83639v1ForBcTb.txt,-0.267002922402513,0.00428299237104841,-0.888625360515483,0.017824355547007
Meiothermus_ruber_dsm_1279.ASM2442v1ForBcTb.txt,-0.261322725884977,0.00425178452802726,-0.889900044280585,0.0158565871924154
Meiothermus_ruber_dsm_1279_gca_000376665.ASM37666v1ForBcTb.txt,-0.259072989868857,0.00415425730290394,-0.86772363474839,0.0161714087705042
Meiothermus_ruber_h328.ASM34612v2ForBcTb.txt,-0.255890054472361,0.00413653466398956,-0.841525262955229,0.0188105531776403
Meiothermus_silvanus_dsm_9946.ASM9212v1ForBcTb.txt,-0.309029796658779,0.00439676839839492,-0.771210082218363,0.0194817828439715
Meiothermus_taiwanensis.ASM162317v1ForBcTb.txt,-0.260133101340586,0.00425749886108066,-0.864985764457478,0.0176491715653002
Mesotoga_infera.ASM36770v1ForBcTb.txt,-0.283117539619721,0.00411921556260156,-0.824920693549244,0.0154397126034246
Mesotoga_prima_mesg1_ag_4_2.ASM14771v3ForBcTb.txt,-0.274743970079454,0.00450871965183549,-0.895359249518533,0.0187035993230993
Methylacidiphilum_fumariolicum_solv.ASM29741v1ForBcTb.txt,-0.250580739140852,0.00407895727054549,-0.83837957411314,0.0194245281191344
Methylacidiphilum_infernorum_v4.ASM1966v1ForBcTb.txt,-0.257948154344175,0.00385198919928561,-0.905454539252493,0.0167232850615836
Methylacidiphilum_kamchatkense_kam1.ASM81724v1ForBcTb.txt,-0.25493925984216,0.00423846039807437,-0.804662894925434,0.0205587647531793
Microcystis_aeruginosa_nies_843.ASM1062v1ForBcTb.txt,-0.331487761227602,0.00531412372837893,-0.86210713931012,0.0132490015190795
Microcystis_aeruginosa_pcc_9443.ASM31218v1ForBcTb.txt,-0.287735633086303,0.00356810957504561,-0.909309222911855,0.0143817567266822
Moorea_producens_3l.ASM21181v1ForBcTb.txt,-0.40407997831063,0.00512387571755649,-0.939580922059771,0.0135600517596819
Mucispirillum_schaedleri_asf457.Muci_scha_ASF457_V1ForBcTb.txt,-0.315551950047348,0.00499901788417502,-0.833899582562578,0.017418553958986
Mycoplasma_agalactiae.ASM8986v1ForBcTb.txt,-0.230850360790661,0.00673693516946337,-0.738099579761162,0.0374104428614234
Mycoplasma_bovis.ASM104313v1ForBcTb.txt,-0.202705674493913,0.00624980436866408,-0.638514131155135,0.0338424128092956
Mycoplasma_canadense.ASM82885v1ForBcTb.txt,-0.253656454666844,0.00870887020254832,-0.60364705751903,0.0436428282635649
Mycoplasma_canis_ufg4.ASM25900v1ForBcTb.txt,-0.202094503876835,0.00662763930692234,-0.665469059148203,0.0339180440491392
Mycoplasma_capricolum_subsp_capricolum_atcc_27343.ASM1276v1ForBcTb.txt,-0.281566043533005,0.00762647079334732,-0.745721466788829,0.0311712277587107
Mycoplasma_capricolum_subsp_capripneumoniae_87001.ASM83508v1ForBcTb.txt,-0.288716732966116,0.0072082997198236,-0.757018868718341,0.0299393647003955
Mycoplasma_fermentans_pg18.ASM20973v1ForBcTb.txt,-0.211059652114145,0.00579664227004052,-0.767200780399664,0.0323106827793723
Mycoplasma_gallisepticum_ny01_2001_047_5_1p.ASM28673v1ForBcTb.txt,-0.197042300135629,0.00560968256703867,-0.62639446360712,0.0307789699576495
Mycoplasma_gallisepticum_str_f.ASM2538v1ForBcTb.txt,-0.196310436447233,0.00559270885692297,-0.615259474964196,0.0298066299569769
Mycoplasma_hominis_gca_001017595.ASM101759v1ForBcTb.txt,-0.193793090078409,0.00687380200518696,-0.563478572475652,0.0359128902625733
Mycoplasma_hyopneumoniae_7448.ASM822v1ForBcTb.txt,-0.183818422092166,0.00586444810034965,-0.724229957003423,0.0377866768945455
Mycoplasma_hyosynoviae_gca_000691305.MhyoNPL2v1.0_of_Mycoplasma_hyosynoviae_strain_NPL2_genomeForBcTb.txt,-0.210465757253316,0.00675427810968433,-0.66966638753956,0.0341918544879768
Mycoplasma_hyosynoviae_gca_000691325.MhyoNPL3v1.0_of_Mycoplasma_hyosynoviae_strain_NPL3_genomeForBcTb.txt,-0.201474507363915,0.0066659834485213,-0.652632150939545,0.0407348225040758
Mycoplasma_hyosynoviae_gca_000691365.MhyoNPL6v1.0_of_Mycoplasma_hyosynoviae_strain_NPL6_genomeForBcTb.txt,-0.204763134532033,0.00681295054987591,-0.651950526198176,0.0343063209034226
Mycoplasma_mycoides_subsp_mycoides_gca_001554115.ASM155411v1ForBcTb.txt,-0.295017935316325,0.00811221274532062,-0.780405816102013,0.0309857750925185
Mycoplasma_putrefaciens_mput9231.ASM37662v1ForBcTb.txt,-0.25030554468157,0.00754948624479056,-0.826187428963334,0.0338145782297895
Mycoplasma_sp_ex_biomphalaria_glabrata_.ASM148404v1ForBcTb.txt,-0.219444641135033,0.00672374722487596,-0.627861225782812,0.0308681457178589
Mycoplasma_yeatsii_13926.version_1.0ForBcTb.txt,-0.18936181638206,0.00691292545444049,-0.807382245699415,0.0362693711961984
Myroides_odoratus_cip_103059.Myro_odor_CIP103059_G12587_V1ForBcTb.txt,-0.288748473331514,0.00401906380250393,-0.791975432427718,0.0181812298181078
Neisseria_gonorrhoeae_pid18.ASM15687v1ForBcTb.txt,-0.146528542564231,0.00286609924884934,-0.857577777715982,0.017866794696976
Nitrospira_defluvii.ASM19681v1ForBcTb.txt,-0.269147891295399,0.00350498059174081,-0.876711174374858,0.0143146527378053
Nitrospirae_bacterium_hch_1.ASM154125v1ForBcTb.txt,-0.258924471669297,0.00337530217870749,-0.923208893335521,0.0148125329211877
Nitrospira_moscoviensis.ASM127377v1ForBcTb.txt,-0.262970505916502,0.00397247520454227,-0.896188045402381,0.013472004084901
Nitrospira_sp_scgc_ag_212_e16.ASM164440v1ForBcTb.txt,-0.250747338926162,0.0036520884657312,-0.837840995904223,0.0175939930723885
Nodularia_spumigena_ccy9414_gca_000340565.ASM34056v3ForBcTb.txt,-0.315865719506416,0.00411275522284722,-0.878771090399659,0.0145380430410725
Nostoc_punctiforme_pcc_73102.ASM2002v1ForBcTb.txt,-0.417386080928371,0.00498640460584689,-0.896429220108438,0.0113792823417932
Novosphingobium_sp_p6w.ASM87667v1ForBcTb.txt,-0.313813923874822,0.00454972424566149,-0.884062553584838,0.0139962142369359
Oceanithermus_profundus_dsm_14977.ASM18374v1ForBcTb.txt,-0.197322911460364,0.00505719896144566,-0.826062575338333,0.0187051582838347
Oenococcus_oeni_ioeb_0502.Oeoe_IOEB_0502_1.0ForBcTb.txt,-0.23769211225199,0.0041748363150663,-0.793093910052597,0.0205389216037584
Opitutaceae_bacterium_ig16b.ASM174683v1ForBcTb.txt,-0.224601900146472,0.00417336414119387,-0.849890107874279,0.0178091054353432
Opitutaceae_bacterium_tav1.ASM24349v3ForBcTb.txt,-0.219715463944291,0.00391619877803611,-0.893413641998893,0.0139648099198207
Opitutaceae_bacterium_tav4.ASM165382v1ForBcTb.txt,-0.189293156143731,0.00355926666965579,-0.876195092462951,0.0146344974735032
Opitutaceae_bacterium_tav5.ASM24293v3ForBcTb.txt,-0.224470473433364,0.00405485283632025,-0.87044300513312,0.0145620876586829
Opitutaceae_bacterium_tsb47.ASM165017v1ForBcTb.txt,-0.200058399387193,0.00352891551259583,-0.915692919468889,0.0140424251036442
Opitutae_bacterium_scgc_ag_212_l18.ASM164425v1ForBcTb.txt,-0.0703694901256261,0.00564919333062441,-0.435886460424215,0.0464049400458701
Opitutus_terrae_pb90_1.ASM1996v1ForBcTb.txt,-0.302137749372624,0.00463534138769759,-0.907671682728532,0.0158299119012316
Oscillochloris_trichoides_dg_6.ASM15214v1ForBcTb.txt,-0.227819932207894,0.00387459993243777,-0.896548800823314,0.0141483682235013
Paenibacillus_sp_fsl_r5_808.ASM51788v1ForBcTb.txt,-0.285172044170622,0.00409350961056058,-0.895417177851683,0.0141128860490958
Parabacteroides_johnsonii_cl02t12c29.Para_john_CL02T12C29_V1ForBcTb.txt,-0.231778235418198,0.00329007434663037,-0.912958066242552,0.0147127749656278
Pedobacter_sp_bma.ASM102774v1ForBcTb.txt,-0.287306563585219,0.00365528385496916,-0.884208478239999,0.017443234014072
Pedosphaera_parvula_ellin514.ASM17255v1ForBcTb.txt,-0.333289146390437,0.00401499045426351,-0.923517517132439,0.0131624376957917
Pelodictyon_phaeoclathratiforme_bu_1.ASM2064v1ForBcTb.txt,-0.213147059036376,0.00333518108632883,-0.875307526176004,0.017481950147062
Persephonella_marina_ex_h1.ASM2156v1ForBcTb.txt,-0.22660829923464,0.00443764470651279,-0.797006671102408,0.0222731148579592
Petrotoga_mobilis_sj95.ASM1860v1ForBcTb.txt,-0.261999078547674,0.00488488203122282,-0.870691179329921,0.0231701089314155
Pirellula_sp_sh_sr6a.ASM161087v1ForBcTb.txt,-0.31310914169979,0.00375632501725147,-0.957615059540143,0.0126329300045065
Pirellula_staleyi_dsm_6068.ASM2518v1ForBcTb.txt,-0.251133104815417,0.00359758535387993,-0.913585370840898,0.0127118589343626
Planctomyces_sp_sh_pl14.ASM161083v1ForBcTb.txt,-0.313153346441614,0.00470754856467085,-0.8789674080308,0.0134197741520672
Planctopirus_limnophila_dsm_3776.ASM9210v1ForBcTb.txt,-0.261056106725505,0.00332837129343296,-0.926878241428345,0.0129972017296852
Planctopirus_sp_jc280.ASM170783v1ForBcTb.txt,-0.26816099321829,0.00345116817807775,-0.915643454237807,0.0120734107026351
Pleurocapsa_sp_pcc_7327.ASM31702v1ForBcTb.txt,-0.311606648531168,0.00402684863434825,-0.842408090579284,0.0134257381124651
Polaromonas_sp_cf318.Polaromonas.strCF318_v1.0ForBcTb.txt,-0.292973728239455,0.00506855246898727,-0.872301846584939,0.0142739598461619
Porphyromonas_gingivalis_f0185.ASM46795v1ForBcTb.txt,-0.202381617089605,0.00340049870083199,-0.921748313833799,0.0205930836289515
Porphyromonas_sp_cot_052_oh4946.ASM76596v1ForBcTb.txt,-0.183932915451127,0.00344463524908936,-0.869305184614757,0.0176386127586761
Prevotella_melaninogenica_atcc_25845.ASM14440v1ForBcTb.txt,-0.205871586441583,0.00351256728638007,-0.812586391409842,0.0183797296791937
Prevotella_oris_f0302.ASM16291v1ForBcTb.txt,-0.21970785580768,0.0032185027581649,-0.883650719219588,0.0153588440819766
Prochlorococcus_marinus_str_mit_9123.ASM75993v1ForBcTb.txt,-0.321371041524234,0.00534518518938572,-0.787306152201597,0.01870571985558
Prochlorococcus_marinus_str_mit_9202.ASM15859v1ForBcTb.txt,-0.296122162972329,0.0052808700165956,-0.817600822052303,0.021217083559641
Prochlorococcus_marinus_str_mit_9303.ASM1570v1ForBcTb.txt,-0.217340344394218,0.00338191086170059,-0.900299842567842,0.0162609437605896
Prochlorococcus_marinus_str_sb.ASM76011v1ForBcTb.txt,-0.309969431187263,0.00529087327679527,-0.812613569729594,0.0198152619067263
Prochlorococcus_sp_mit_0703.ASM76033v1ForBcTb.txt,-0.234565960561461,0.00364920565551042,-0.875890703188239,0.0189252637141156
Prosthecochloris_aestuarii_dsm_271.ASM2062v1ForBcTb.txt,-0.208678860274959,0.00349201511217117,-0.846921036230927,0.0178268794041821
Prosthecochloris_sp_cib_2401.ASM168706v1ForBcTb.txt,-0.214901164725863,0.00351276519608107,-0.863316129998022,0.0152791996823855
Pseudomonas_aeruginosa_x13273.Pseu_aeru_X13273_V1ForBcTb.txt,-0.275155992478232,0.00497543933262794,-0.901724143934121,0.0133223438885657
Pseudothermotoga_hypogea_dsm_11164_nbrc_106472.ASM81614v1ForBcTb.txt,-0.287031068992092,0.00435812283224054,-0.943052451046533,0.0181546832015925
Pseudothermotoga_lettingae_tmo.ASM1786v1ForBcTb.txt,-0.297002602712997,0.00491223139456668,-0.810465763798359,0.0196588918580623
Pseudothermotoga_thermarum_dsm_5069.ASM21781v1ForBcTb.txt,-0.275809765755856,0.00455388059766438,-0.82284926438293,0.0205643299248229
Pyramidobacter_piscolens_w5455.ASM17733v1ForBcTb.txt,-0.183731626968336,0.00343209003168504,-0.819848429980832,0.0163927909137789
Pyrinomonas_methylaliphatogenes.K22ForBcTb.txt,-0.234462285628945,0.00388700041539736,-0.813121057469126,0.0146703736938228
Rhodanobacter_sp_soil772.Soil772ForBcTb.txt,-0.225954781665563,0.0043160730569755,-0.9405123005342,0.0148297530302745
Rhodopirellula_baltica_sh_1.ASM19611v1ForBcTb.txt,-0.375624262643106,0.00473915317976066,-0.901915626869046,0.0123604427832477
Rhodopirellula_baltica_sh28.ASM30463v1ForBcTb.txt,-0.310560958455144,0.00387704122340541,-0.903277462703738,0.0140962646502479
Rhodopirellula_baltica_swk14.ASM33074v1ForBcTb.txt,-0.322769823667904,0.00392710657431487,-0.89682148029627,0.0128007371944742
Rhodopirellula_baltica_wh47.ASM19518v2ForBcTb.txt,-0.339355515722877,0.00410772609310334,-0.913669752521913,0.0135281750010715
Rhodopirellula_europaea_6c.FirstForBcTb.txt,-0.333327807375846,0.00424612764978642,-0.963901748790098,0.0121340877030205
Rhodopirellula_europaea_sh398.ASM34631v1ForBcTb.txt,-0.337856116698342,0.00414955592689806,-0.91147374068904,0.0145536719073626
Rhodopirellula_islandica.K833ForBcTb.txt,-0.311141109913726,0.00402134100169661,-0.921353471712005,0.0137562609592006
Rhodopirellula_maiorica_sm1.ASM34629v1ForBcTb.txt,-0.401904205657711,0.00448823068310217,-0.931421365425834,0.0116691275085155
Rhodopirellula_sallentina_sm41.ASM34650v1ForBcTb.txt,-0.348090895281418,0.00418996623533177,-0.902497036904894,0.0113404473315691
Rhodopirellula_sp_swk7.ASM34642v1ForBcTb.txt,-0.342766679653039,0.00432326793918273,-0.952420477502964,0.012488006959522
Rhodothermus_marinus_dsm_4252.ASM2484v1ForBcTb.txt,-0.170059350032687,0.00390539265516032,-0.81740100984713,0.0167985593850298
Rivularia_sp_pcc_7116.ASM31666v1ForBcTb.txt,-0.409492398533581,0.00453878012419873,-0.875578969470795,0.0124887810157812
Roseiflexus_castenholzii_dsm_13941.ASM1780v1ForBcTb.txt,-0.253671423222335,0.0042167668611929,-0.905317491346914,0.0133294339194734
Roseiflexus_sp_rs_1.ASM1666v1ForBcTb.txt,-0.244937536262214,0.00416417102849579,-0.894524135537556,0.0134926593202219
Rubinisphaera_brasiliensis_dsm_5305.ASM16571v3ForBcTb.txt,-0.297660908802774,0.00396617166549764,-0.890555170328764,0.0128166345603767
Salmonella_enterica_subsp_enterica_serovar_enteritidis_str_22510_1.ASM28037v1ForBcTb.txt,-0.263301573895216,0.00418307924213129,-0.896988990184664,0.013689909334319
Salmonella_enterica_subsp_enterica_serovar_paratyphi_a_gca_000984975.PA086ForBcTb.txt,-0.245628335404887,0.00397504918512819,-0.84854785520978,0.0160252234310528
Salmonella_enterica_subsp_enterica_serovar_typhi_gca_001117365.10561_2_38ForBcTb.txt,-0.267852936428646,0.00404125704568286,-0.891175976784393,0.0126290609544957
Salmonella_enterica_subsp_enterica_serovar_typhi_gca_001359415.10060_5_89ForBcTb.txt,-0.281348049047924,0.0041595156206374,-0.871152793717175,0.0141061079762682
Salmonella_enterica_subsp_enterica_serovar_typhimurium_str_dt104_gca_001219965.5299_3_5ForBcTb.txt,-0.271736209456738,0.00411060564926048,-0.936893405622673,0.0128175308592948
Saprospira_grandis_dsm_2844.ASM27582v1ForBcTb.txt,-0.190640228208571,0.00319068904337028,-0.84658546023095,0.0161818022942148
Shigella_sonnei_gca_001254455.8290_4_92ForBcTb.txt,-0.277066535916803,0.00401443023329054,-0.88902190974962,0.0127645407578215
Singulisphaera_acidiphila_dsm_18658.ASM24245v3ForBcTb.txt,-0.327396579963903,0.00455796779780013,-0.936593914923455,0.0115676657456019
Sneathia_amnii.ASM97308v1ForBcTb.txt,-0.278283718268216,0.00578076354279873,-0.737562384980695,0.0270444285595052
Sphaerochaeta_coccoides_dsm_17374.ASM20838v1ForBcTb.txt,-0.231446544528747,0.00407974857065513,-0.838120296158362,0.0197944620886957
Spiroplasma_diminutum_cuas_1.ASM43945v1ForBcTb.txt,-0.27251840134746,0.00728987729912105,-0.554377712287203,0.024809251651891
Spiroplasma_eriocheiris.ASM102926v1ForBcTb.txt,-0.252467229947676,0.00504921173584746,-0.721335798149908,0.0267438147707072
Spiroplasma_melliferum_ipmb4a.SMIPMB4A_v3ForBcTb.txt,-0.248187583109842,0.00583638213166146,-0.720791694615171,0.0242309165919677
Staphylococcus_aureus_dar3581.Stap_aure_DAR3581_V1ForBcTb.txt,-0.2910416781416,0.00430279939140604,-0.831852025352443,0.0208604889523227
Staphylococcus_aureus_gca_001194505.7738_4_48ForBcTb.txt,-0.293553931402506,0.00424437127080442,-0.803461442976646,0.0169558751621282
Staphylococcus_aureus_gca_001353835.7907_4_63ForBcTb.txt,-0.293131957245874,0.00427278975543325,-0.829843364744468,0.0174795251355588
Staphylococcus_aureus_m0234.Stap_aure_M0234_V1ForBcTb.txt,-0.292547861392719,0.00425990039122465,-0.808161360273085,0.019786272564351
Staphylococcus_aureus_m0989.Stap_aure_M0989_V1ForBcTb.txt,-0.292519594569016,0.00430763652317066,-0.725677994754643,0.0192244947755311
Staphylococcus_aureus_m28112.Stap_aure_M28112_V1ForBcTb.txt,-0.290858001993897,0.00423639405400261,-0.814543917040614,0.0177859739704087
Staphylococcus_aureus_subsp_aureus_sk1585.SK1585_newbler2.6_V1ForBcTb.txt,-0.262807425003772,0.004080558851495,-0.846191839540173,0.0162592564911692
Staphylococcus_aureus_w15995.Stap_aure_W15995_V1ForBcTb.txt,-0.291623177962309,0.00423269292214032,-0.828714783039531,0.0152850808395167
Streptococcus_agalactiae_gb00914.ASM28845v1ForBcTb.txt,-0.240304742728088,0.00421525300836856,-0.803226399562521,0.0184036755849707
Streptococcus_iniae_gca_000831485.ASM83148v1ForBcTb.txt,-0.235304963254065,0.00435317084129764,-0.735245214548022,0.0203019424606061
Streptococcus_pneumoniae_gca_001089745.7444_8_23ForBcTb.txt,-0.20594817900621,0.00355306606538068,-0.824643541176583,0.0189658245991809
Streptococcus_pneumoniae_gca_001108465.6680_6_14ForBcTb.txt,-0.208048667380657,0.00365369956921833,-0.928372967626843,0.020366972753771
Streptococcus_pneumoniae_gca_001127925.6680_6_13ForBcTb.txt,-0.202417996995097,0.00365173400185904,-0.853595967121161,0.0185857715462201
Streptococcus_pneumoniae_gca_001146105.5392_7_8ForBcTb.txt,-0.201806592387158,0.00354778527450384,-0.86100261670485,0.0189778645776643
Streptococcus_pneumoniae_gca_001164085.6805_5_23ForBcTb.txt,-0.20500446403917,0.00366014596943487,-0.836115032752521,0.0200696166594952
Streptococcus_pneumoniae_gca_001202995.6807_1_7ForBcTb.txt,-0.196077357157953,0.0036776093355982,-0.842062719116712,0.0201474621302103
Streptococcus_pneumoniae_gca_001337015.6680_5_19ForBcTb.txt,-0.207348703610463,0.00362540995026665,-0.880160967238006,0.0196207438205326
Streptococcus_pneumoniae_pni0199.ASM33479v1ForBcTb.txt,-0.204524827138392,0.00354489482132195,-0.86283500096005,0.0205011811936065
Sulfurihydrogenibium_azorense_az_fu1.ASM2154v1ForBcTb.txt,-0.29670807022747,0.00531147648390139,-0.822448090904636,0.0222129210263554
Sulfurihydrogenibium_sp_yo3aop1.ASM2032v1ForBcTb.txt,-0.301550735923447,0.00515521872010647,-0.818358932001266,0.021537425087693
Sulfurihydrogenibium_yellowstonense_ss_5.ASM17361v1ForBcTb.txt,-0.235348201568918,0.00513568750634906,-0.755449969705726,0.0221064126502615
Synechococcus_sp_cc9311.ASM1458v1ForBcTb.txt,-0.226000507054814,0.00342686774374063,-0.859602479431135,0.0152504292531206
Synechococcus_sp_ja_2_3b_a_2_13_.ASM1322v1ForBcTb.txt,-0.254830961194518,0.00395923418706884,-0.860794101889121,0.0178038732059701
Synechococcus_sp_rs9916.ASM15382v1ForBcTb.txt,-0.181786310836506,0.00324845979692692,-0.824565657952107,0.0157880017340474
Synechococcus_sp_utex_2973.ASM81732v1ForBcTb.txt,-0.230738595818646,0.00367774211766077,-0.870437384551499,0.016729977262623
Synergistes_jonesii.sjonesii4.0ForBcTb.txt,-0.199192379185196,0.003522869311146,-0.838990895845593,0.01800964938382
Synergistes_sp_3_1_syn1.Synerg_sp_3_1_syn1_V1ForBcTb.txt,-0.192384680553692,0.00328541621404294,-0.886247714431647,0.0156030758316687
Tamlana_sp_s12.ASM167230v1ForBcTb.txt,-0.271405883895347,0.00377842148167845,-0.845772669937048,0.0178288664273295
Terriglobus_roseus_dsm_18391.ASM26542v1ForBcTb.txt,-0.239255593745912,0.00356750379544295,-0.874341568526385,0.0161025164215425
Terriglobus_saanensis_sp1pr4.ASM17991v2ForBcTb.txt,-0.264021690268254,0.00345840671219784,-0.892287744397389,0.0134808371640727
Terrimicrobium_sacchariphilum.ASM161354v1ForBcTb.txt,-0.284161579884248,0.00376988961715639,-0.9006529170492,0.0128115883833972
Thermanaerovibrio_acidaminovorans_dsm_6589.ASM2490v1ForBcTb.txt,-0.188138593821933,0.00472163474136728,-0.85893984618061,0.0145954431026831
Thermanaerovibrio_velox_dsm_12556.ASM23782v1ForBcTb.txt,-0.214030704885258,0.00430141563157463,-0.78276178445787,0.0193983076844644
Thermoanaerobaculum_aquaticum.TheAqu1.0ForBcTb.txt,-0.252221061939307,0.0046334976573995,-0.842991729438465,0.0169565996874016
Thermocrinis_albus_dsm_14484.ASM2560v1ForBcTb.txt,-0.250774993353903,0.00454162544679034,-0.888997299632713,0.022641935206519
Thermocrinis_ruber.ASM51273v1ForBcTb.txt,-0.256025378488257,0.00462105403440684,-0.788249463230361,0.0230042478311551
Thermodesulfatator_autotrophicus.ASM164232v1ForBcTb.txt,-0.232954126575548,0.00370088812719143,-0.866587887861192,0.0193955521736984
Thermodesulfatator_indicus_dsm_15286.ASM21779v1ForBcTb.txt,-0.233713528229197,0.00369786262573749,-0.795462358073063,0.0192448444582809
Thermodesulfobacterium_commune_dsm_2178.ASM73401v1ForBcTb.txt,-0.240132296360758,0.00491219004307977,-0.864219091206737,0.0222769682208529
Thermodesulfobacterium_geofontis_opf15.ASM21597v1ForBcTb.txt,-0.296319710212554,0.00544901198445759,-0.821343478573861,0.0232813708597793
Thermodesulfovibrio_aggregans.ASM151453v1ForBcTb.txt,-0.296420195723633,0.00493219663176461,-0.809806688776774,0.0222544828284364
Thermodesulfovibrio_sp_n1.ASM170791v1ForBcTb.txt,-0.292812206676085,0.00474453149664303,-0.811547589953328,0.0213514852112673
Thermodesulfovibrio_yellowstonii_dsm_11347.ASM2098v1ForBcTb.txt,-0.285203571011632,0.00498112075334569,-0.862314150950164,0.0191552169457853
Thermosipho_africanus_h17ap60334.ASM30071v1ForBcTb.txt,-0.285699102916334,0.00466183884556952,-0.801822057214214,0.0229452364180942
Thermosipho_africanus_tcf52b.ASM2128v1ForBcTb.txt,-0.30496319618322,0.00520082844765398,-0.828389574283217,0.0190972977153956
Thermosipho_melanesiensis_bi429.ASM1690v1ForBcTb.txt,-0.287247397737685,0.00499798497481495,-0.719602266583662,0.0220692064843525
Thermosulfidibacter_takaii_abi70s6.ASM154773v1ForBcTb.txt,-0.254405500061988,0.00429356783137553,-0.79546945054608,0.0195184296243364
Thermosulfurimonas_dismutans.ASM165258v1ForBcTb.txt,-0.195504749457085,0.00352586546573426,-0.846380150982395,0.0196333382178737
Thermosynechococcus_elongatus_bp_1.ASM1134v1ForBcTb.txt,-0.252773518759275,0.00395700834613436,-0.891854004369238,0.016053138293452
Thermotoga_maritima.ASM97857v1ForBcTb.txt,-0.265339600149749,0.00437968646946338,-0.795894596221341,0.0211123417766818
Thermotoga_maritima_gca_000978535.ASM97853v1ForBcTb.txt,-0.266712195009124,0.00438853756512398,-0.778420050106078,0.0218925881564524
Thermotoga_maritima_msb8.ASM854v1ForBcTb.txt,-0.26611021412488,0.00435857598683839,-0.831699544010701,0.0215435788218062
Thermotoga_maritima_msb8_gca_000230655.ASM23065v3ForBcTb.txt,-0.265183990157035,0.00437340936953638,-0.801832642596085,0.0209718882050981
Thermotoga_maritima_msb8_gca_000390265.ASM39026v1ForBcTb.txt,-0.270529188926698,0.00439582867070188,-0.827738320593796,0.0224615233949952
Thermotoga_maritima_msb8_gca_000978555.ASM97855v1ForBcTb.txt,-0.265446801069736,0.00438125204519721,-0.791356589882924,0.0202432555953491
Thermotoga_naphthophila_rku_10.ASM2510v1ForBcTb.txt,-0.274042537698618,0.00441504323886968,-0.803567626279278,0.0234103429496261
Thermotoga_neapolitana_dsm_4359.ASM1894v1ForBcTb.txt,-0.270986269306719,0.0043504757911393,-0.811558978842028,0.019935650487388
Thermotoga_neapolitana_la10.TnapLA10N1ForBcTb.txt,-0.262364560766617,0.00442201602808994,-0.822134474924217,0.0223692479166864
Thermotoga_petrophila_rku_1.ASM1678v1ForBcTb.txt,-0.269381377268,0.00445490489401093,-0.848895421941473,0.0240081834152867
Thermotoga_sp_2812b.ASM78933v1ForBcTb.txt,-0.273921501525773,0.00440197319053734,-0.780148179469747,0.0210316168733184
Thermotoga_sp_cell2.ASM78937v1ForBcTb.txt,-0.254002996481839,0.00443692170077999,-0.724914180350033,0.0200909049537025
Thermotoga_sp_emp.ASM29455v1ForBcTb.txt,-0.274234620865944,0.00440451844977275,-0.818837101017889,0.0224232463426263
Thermotoga_sp_mc24.ASM78483v1ForBcTb.txt,-0.270103662715874,0.00448685042615823,-0.835449634529274,0.019922910683572
Thermotoga_sp_rq2.ASM1962v1ForBcTb.txt,-0.282205808894257,0.00448970561288179,-0.814936311156123,0.0210238017491822
Thermotoga_sp_rq7.ASM83214v1ForBcTb.txt,-0.266243216724486,0.00445183875106718,-0.816901335367081,0.0193386141935255
Thermotoga_sp_tbgt1765.ASM78479v1ForBcTb.txt,-0.262561672689709,0.00440247414310103,-0.700020576698606,0.0221318797165873
Thermotoga_sp_tbgt1766.ASM78482v1ForBcTb.txt,-0.265656763324755,0.00443454449861521,-0.764653380523886,0.0243247266528389
Thermotoga_sp_xyl54.ASM78478v1ForBcTb.txt,-0.265380587185599,0.00443093639087691,-0.773361773434564,0.023022456249166
Thermovibrio_ammonificans_hb_1.ASM18580v1ForBcTb.txt,-0.199134634123597,0.00391545796466618,-0.79890891826357,0.0216955457206133
Thermovirga_lienii_dsm_17291.ASM23377v1ForBcTb.txt,-0.25727784902758,0.0042122881775046,-0.82567611033077,0.0202883370684451
Thermus_aquaticus.ASM128025v1ForBcTb.txt,-0.246543843446367,0.0052964089284217,-0.903294680378864,0.0197235919897832
Thermus_aquaticus_y51mc23.ASM17305v1ForBcTb.txt,-0.239109605818131,0.00501185935251234,-0.877436210444229,0.0168656941793293
Thermus_filiformis.THFILIv2ForBcTb.txt,-0.29089042883765,0.00615966630712298,-0.746818243533867,0.0219616965776734
Thermus_oshimai_jl_2.ASM30988v1ForBcTb.txt,-0.241276326264816,0.00538773800241558,-0.792805125757926,0.0187082799228342
Thermus_parvatiensis.ASM25283v2ForBcTb.txt,-0.263094635347271,0.00574194163679167,-0.8570988534784,0.0170638192172897
Thermus_parvatiensis_gca_001535545.ASM153554v1ForBcTb.txt,-0.27238145074607,0.00604333754557729,-0.738014268048181,0.0213586130841296
Thermus_scotoductus.ASM129466v1ForBcTb.txt,-0.266015841231381,0.00528771575708114,-0.829150351054271,0.0157930478685624
Thermus_scotoductus_sa_01.ASM18700v1ForBcTb.txt,-0.273760457102653,0.00500094122277322,-0.818011781102804,0.0175102945184343
Thermus_sp_2_9.ASM79438v1ForBcTb.txt,-0.265269152275129,0.00533060629567187,-0.772336401309393,0.0192920581213916
Thermus_sp_ccb_us3_uf1.ASM23658v1ForBcTb.txt,-0.253329155721277,0.00594804043645074,-0.794215261094982,0.0195506890314004
Thermus_sp_nmx2_a1.TNMX1.0ForBcTb.txt,-0.281352593698209,0.00491963313991012,-0.81189052823307,0.0195367215613118
Thermus_thermophilus_hb27.ASM812v1ForBcTb.txt,-0.2500166924097,0.00579471328970395,-0.878080642849444,0.0195505848070522
Thermus_thermophilus_hb8.ASM9154v1ForBcTb.txt,-0.235054726956052,0.00556722978890361,-0.849831088501508,0.0208540668433605
Thermus_thermophilus_jl_18.ASM25824v1ForBcTb.txt,-0.27851434971463,0.00574503085229304,-0.894466730060477,0.018204497435107
Thermus_thermophilus_sg0_5jp17_16.ASM21484v1ForBcTb.txt,-0.254425179483352,0.00542606943255327,-0.775821265325804,0.02109375583207
Treponema_denticola_atcc_33520.Trep_dent_ATCC_33520_V1ForBcTb.txt,-0.241534238843919,0.00366060823357569,-0.909096314666756,0.0173561675585538
Treponema_denticola_atcc_35405.ASM818v1ForBcTb.txt,-0.238626365852366,0.00370829410759002,-0.802994128656569,0.0184503284201509
Treponema_denticola_sp32.Trep_dent_SP32__F0464_V1ForBcTb.txt,-0.252764456659284,0.00368621157261891,-0.858411206046873,0.0160328414241816
Treponema_sp_jc4.ASM26079v1ForBcTb.txt,-0.20432429734179,0.00331628351808935,-0.895660705240577,0.0180139522300887
Truepera_radiovictrix_dsm_17093.ASM9242v1ForBcTb.txt,-0.21929351400454,0.00479519304654834,-0.878809050432899,0.0150071867263339
Ureaplasma_parvum_serovar_1_str_atcc_27813.ASM17137v1ForBcTb.txt,-0.25117957121112,0.00738372554758165,-0.610152692564384,0.0283863475890455
Ureaplasma_parvum_serovar_6_str_atcc_27818.ASM16989v1ForBcTb.txt,-0.244997297815309,0.00719145814971379,-0.692701042899806,0.0359211343503846
Ureaplasma_urealyticum_serovar_8_str_atcc_27618.ASM16953v1ForBcTb.txt,-0.238570282997883,0.00675391599303973,-0.602816458780906,0.0283925969105514
Verrucomicrobia_bacterium_imcc26134.ASM97276v1ForBcTb.txt,-0.193965650784077,0.00362769657748379,-0.877451089661744,0.0156794690493583
Verrucomicrobiaceae_bacterium_scgc_ag_212_n21.ASM164449v1ForBcTb.txt,-0.186198300742907,0.00426899284251876,-0.827321805481442,0.0217756966350562
Verrucomicrobiae_bacterium_dg1235.ASM15569v1ForBcTb.txt,-0.200013412300542,0.00317857511066201,-0.957798801567734,0.0139925686059944
Vibrio_alginolyticus_e0666.VibrioE0666ForBcTb.txt,-0.285594136267126,0.00390001924373442,-0.879634000246273,0.0146797004458782
Vibrio_sp_s234_5.ASM96059v1ForBcTb.txt,-0.246343049000632,0.00355976564797673,-0.853093626226047,0.012845830140608
Waddlia_chondrophila_wsu_86_1044.ASM9278v1ForBcTb.txt,-0.238638941567549,0.0040307344101444,-0.86056025964555,0.0171921708958801
