species,slope,error,slopeRan,errorRan
absidia_glauca,-0.641804200071571,0.0127506814796121,-0.976536945457213,0.0102014836758169
acidomyces_richmondensis_bfw,-0.777315458608269,0.00947335814696191,-0.929960077406443,0.00944473352727001
acremonium_chrysogenum_atcc_11550,-0.695360826051696,0.011646749662632,-0.897495471484031,0.0125936394279532
agaricus_bisporus_var_burnettii_jb137_s8,-0.717924744797297,0.00953724598735145,-0.948103929119863,0.0105217616634736
allomyces_macrogynus_atcc_38327,-0.649931124829772,0.00832630029106897,-0.920543387814637,0.0110223251157867
alternaria_alternata,-0.703693097783508,0.00867342036177522,-0.954102724100199,0.00965278712611896
amanita_muscaria_koide_bx008,-0.837459288642524,0.00788029104973995,-0.986326379258965,0.00873943260721995
anncaliia_algerae_pra339,-0.699056709633319,0.0142277621766917,-0.906080584717029,0.0145450100273447
anthracocystis_flocculosa_pf_1,-0.549517222956112,0.0148321761621273,-0.848016197591421,0.0158671483567888
arthrobotrys_oligospora_atcc_24927,-0.747508286832238,0.00967625653270315,-0.945460400955528,0.0107308237553292
arthroderma_benhamiae_cbs_112371,-0.692330158892662,0.0125485208397584,-0.876725284472475,0.0134769589381356
arthroderma_otae_cbs_113480,-0.712085588589293,0.0111259418009952,-0.960576010122702,0.01195765039642
aschersonia_aleyrodis_rcef_2490,-0.743605372708193,0.0122537250325006,-0.914492162896004,0.0108730723356149
ascochyta_rabiei,-0.639540504310815,0.0100077997425557,-0.902571673440569,0.0133197734786721
ascoidea_rubescens_dsm_1968,-0.380681726658356,0.00834809580420759,-0.915284037183708,0.0145610032730242
ascosphaera_apis_arsef_7405,-0.630050421434085,0.0130383292835023,-0.924850614311186,0.0150714007469021
ashbya_gossypii,-0.523138068092826,0.0229417506714315,-0.832738572870977,0.0157052402603049
aspergillus_calidoustus,-0.805048999266907,0.00928334795115971,-0.977372906047876,0.00925502089245557
aspergillus_clavatus,-0.69844880504591,0.0124069924514832,-0.9372371202076,0.0114869269217934
aspergillus_cristatus,-0.638189465556408,0.00948532218225685,-0.908437000547193,0.0115296046378784
aspergillus_flavus,-0.717185003991749,0.00821714551216401,-0.977678328907784,0.00999484993060116
aspergillus_fumigatus,-0.739295754500835,0.0101161249407834,-0.94276291490533,0.011206975413666
aspergillus_lentulus,-0.760998394077346,0.0116004538826053,-0.946061077395233,0.0111649122836317
aspergillus_luchuensis,-0.672498537192716,0.0084705418080152,-0.973267831241467,0.0085026571555334
aspergillus_nidulans,-0.755824932440751,0.0113214173364347,-0.947666068349086,0.0103933248226089
aspergillus_niger,-0.647016703647982,0.00830149918265877,-0.959042757613523,0.00900879336516607
aspergillus_nomius_nrrl_13137,-0.755030195739386,0.0113192928720955,-0.956120419429293,0.00881954902124767
aspergillus_ochraceoroseus,-0.724221763581758,0.0126678805470038,-0.921519457916193,0.0116864422182175
aspergillus_oryzae,-0.746888105555657,0.00888614514833166,-0.980159237954277,0.00903198807819883
aspergillus_parasiticus_su_1,-0.708293394266788,0.0112067530558187,-0.97512458508466,0.0122498587001011
aspergillus_rambellii,-0.742070947794465,0.0129445250070781,-0.940726124852782,0.0114852693633032
aspergillus_ruber_cbs_135680,-0.621448899274751,0.00953602972212668,-0.958423602167628,0.0118052148073023
aspergillus_terreus,-0.716982374470716,0.010677130010981,-0.953686753962118,0.01083293250149
aspergillus_udagawae,-0.76281237856768,0.012234205770618,-0.975880265313831,0.011295957652343
aspergillus_ustus,-0.566501431550757,0.0273763039832671,-0.655144916720858,0.0311779974051358
aureobasidium_melanogenum_cbs_110374,-0.664639567693365,0.010802448130274,-0.982616946233579,0.0122955593431951
aureobasidium_namibiae_cbs_147_97,-0.649970793965299,0.00935635675431843,-0.913097208672598,0.0124118816938119
aureobasidium_subglaciale_exf_2481,-0.636821069780142,0.00911751809170034,-0.905120618746331,0.0116886691462226
babjeviella_inositovora_nrrl_y_12698,-0.477646509547678,0.010851897207433,-0.95567874808727,0.0135714194145859
batrachochytrium_dendrobatidis_jam81,-0.668813532285654,0.0106772993700085,-0.939993523181789,0.0104760751104509
baudoinia_panamericana_uamh_10762,-0.781895808652913,0.00936615947899406,-0.958888112734381,0.0101321887655918
beauveria_bassiana_arsef_2860,-0.703431625325217,0.0114333027272689,-0.911874289869218,0.0116758918325583
bipolaris_maydis_c5,-0.642711149322056,0.00844306169113864,-0.930891579399971,0.0105450557289675
bipolaris_oryzae_atcc_44560,-0.600537970202188,0.00939168428354447,-0.953815049503294,0.0115806418595936
bipolaris_sorokiniana_nd90pr,-0.652158544124895,0.00932769219630014,-1.00077543085107,0.0101008128901715
bipolaris_victoriae_fi3,-0.609022798893942,0.00845684580818212,-0.952568943200445,0.0107102515485054
bipolaris_zeicola_26_r_13,-0.604021724972123,0.00907565133254589,-0.933660094540976,0.0117176320791535
blastomyces_dermatitidis_er_3,-0.735920972535055,0.011621332531074,-0.960053130103688,0.00896265258524408
blastomyces_gilchristii_slh14081,-0.74005368659839,0.0112848619379551,-0.966669993867188,0.0109942266180041
blumeria_graminis,-0.713557614586421,0.0126371188296367,-0.905839706757701,0.012774601584643
botryobasidium_botryosum_fd_172_ss1,-0.757205858357575,0.0077716117232951,-0.975345882943632,0.00968120870227985
botrytis_cinerea,-0.660382703313436,0.0111154200140694,-0.94202169075704,0.00935982875808995
brettanomyces_bruxellensis_awri1499,-0.546201585173296,0.0104988780021739,-0.879537657059999,0.0148394716411623
byssochlamys_spectabilis_no_5,-0.662605704375101,0.0134279715760086,-0.911945469602573,0.0124626415686554
calocera_cornea_hhb12733,-0.593674600021281,0.0080200655830608,-0.95437128257923,0.00935225770214859
calocera_viscosa_tufc12733,-0.651521778962604,0.00813164312970319,-0.925620520430265,0.00979315001903902
candida_albicans_wo_1,-0.406475188713441,0.00993194850124075,-0.825252698025621,0.0150393906306044
candida_arabinofermentans_nrrl_yb_2248,-0.462938845440975,0.0101779531492549,-0.837691092305421,0.0159588836956208
_candida_auris,-0.563179892890609,0.0141305258916831,-0.934767108712078,0.0133820731374675
candida_dubliniensis_cd36,-0.410281974835373,0.0110302888024207,-0.912177654066335,0.015968644590899
_candida_glabrata,-0.320094123625785,0.0139835773486602,-0.878429122280987,0.014063207190677
candida_maltosa_xu316,-0.45059827146921,0.0108030168945706,-0.898108531174971,0.0139441589195571
candida_orthopsilosis_co_90_125,-0.619487911962719,0.0136852653696784,-0.872616176050144,0.0158775481834275
candida_parapsilosis_cdc317,-0.676882599872587,0.01443941435217,-0.813365076460423,0.0152454078342603
candida_tanzawaensis_nrrl_y_17324,-0.512166374442628,0.0165798879886411,-0.900252642617807,0.0127727087823194
_candida_tenuis_atcc_10573,-0.665259418492151,0.0142533015681674,-0.928756876587516,0.012388486095655
candida_tropicalis_mya_3404,-0.386755692564199,0.011655542823578,-0.890424195447975,0.0143905765374956
capronia_coronata_cbs_617_96,-0.843310290111628,0.010852085799355,-0.976265605039124,0.0116681457246358
capronia_epimyces_cbs_606_96,-0.778136260342197,0.0108186398110491,-0.941462122076876,0.0105681542125556
capronia_semi_immersa,-0.795350688261233,0.00998305284607585,-0.930767438728507,0.010542909089274
ceraceosorus_bombacis,-0.722502383825869,0.0113839902071363,-0.960972193891185,0.0115876574419172
ceratocystis_platani,-0.745719031129121,0.0141358756113628,-0.918496057044951,0.0160684075036822
cercospora_fijiensis_cirad86,-0.680530026694831,0.0088119815547401,-0.990230018067915,0.0100088159783741
chaetomium_globosum_cbs_148_51,-0.711269850041315,0.00834140601962997,-0.845749781689704,0.0118351653535756
chaetomium_thermophilum_var_thermophilum_dsm_1495,-0.649368078349756,0.0109808630979458,-0.893438027767992,0.0127322981947886
choanephora_cucurbitarum,-0.564071993410085,0.011525822589855,-0.927923098386018,0.011580869407057
cladophialophora_bantiana_cbs_173_52,-0.82678949193407,0.0105758317554304,-0.977685987297225,0.0101741329343781
cladophialophora_carrionii_cbs_160_54,-0.83237522788886,0.0104383339642568,-0.908834549452477,0.0111834503654049
cladophialophora_immunda,-0.778372903840385,0.011263830162397,-0.933332913814607,0.0107634261398881
cladophialophora_psammophila_cbs_110553,-0.819351539932442,0.0106210873617982,-0.968823329480831,0.00930305953427785
cladophialophora_yegresii_cbs_114405,-0.796812755683782,0.0104606473846422,-0.925032118695042,0.0107687788562283
claviceps_purpurea_20_1,-0.746766265009522,0.0101336333032638,-0.939233312578941,0.0117440498044243
clavispora_lusitaniae_atcc_42720,-0.603284299633157,0.0122019323037836,-0.885425118819471,0.012172812352359
coccidioides_immitis_rs,-0.755387740104761,0.0092099493983728,-0.953604895433999,0.00977116477302407
coccidioides_posadasii_str_silveira,-0.761821126459005,0.00939446506979257,-0.933068278295324,0.00951646517086988
colletotrichum_fioriniae_pj7,-0.668151124138848,0.00913083110657872,-0.945491386100973,0.0106313571843943
colletotrichum_gloeosporioides,-0.700899909530715,0.0102673919194015,-0.924961480832191,0.0103982345190908
colletotrichum_graminicola,-0.609720540891367,0.00893625559934109,-0.901752603943007,0.0108623037966636
colletotrichum_higginsianum,-0.537465912552436,0.00692129435207975,-0.947012438413894,0.00830845063987414
colletotrichum_incanum,-0.600278078515096,0.00846509224907086,-0.950630449131431,0.0100035057147467
colletotrichum_nymphaeae_sa_01,-0.644382469865152,0.00949552324407606,-0.885453872659716,0.0119362828094941
colletotrichum_orbiculare,-0.493361106320847,0.00929170629530047,-0.902315763114663,0.0104042351789483
colletotrichum_salicis,-0.640440771971308,0.0099399028923471,-0.895618378675856,0.0109084222790247
colletotrichum_simmondsii,-0.646932038293188,0.0092633785971926,-0.922303089935525,0.0094291349229308
colletotrichum_sublineola,-0.644831613917154,0.00950578065176485,-0.943876398505673,0.0103259458416331
colletotrichum_tofieldiae,-0.6367709561958,0.00840227781440423,-0.877924003454578,0.0131878017349007
conidiobolus_coronatus_nrrl_28638,-0.564536298540198,0.0105449564516833,-0.92768145762194,0.0121323900570693
coniophora_puteana_rwd_64_598_ss2,-0.476013340747203,0.0193040428037557,-0.725290206938217,0.0236605507391282
coniosporium_apollinis_cbs_100218,-0.80359865550663,0.010965658404056,-0.926506013137033,0.0101923089033736
coprinopsis_cinerea_okayama7_130,-0.741477314128631,0.00853777371364967,-0.896977855688874,0.0103993224947976
cordyceps_brongniartii_rcef_3172,-0.717930594218013,0.012803273530651,-0.9299594519765,0.0104933134927211
cordyceps_confragosa_rcef_1005,-0.694430072698621,0.0120627143210259,-0.929971449466734,0.0118056350694829
cordyceps_militaris_cm01,-0.630701994023929,0.0116066065860247,-0.877765172467528,0.0127728328961803
cryptococcus_amylolentus_cbs_6039,-0.717150217097066,0.0119863073577342,-0.944228021764168,0.0114111357929312
cryptococcus_depauperatus_cbs_7855,-0.704381545672648,0.0128929420194542,-0.926547644449189,0.0132326574846987
cryptococcus_gattii_ca1873,-0.604394507675454,0.0143496394973678,-0.945209773325117,0.0128920571284406
cryptococcus_gattii_vgii_mmrl2647,-0.619837004886275,0.0130652329538548,-0.956639576032429,0.0128957403856114
cryptococcus_gattii_vgiv_ind107,-0.628705278318201,0.0145240015410852,-0.913316963265072,0.0118874319975636
cryptococcus_gattii_wm276,-0.616590073454457,0.0147800294873902,-0.949711322179851,0.0136127013324913
cryptococcus_neoformans,-0.624831160902891,0.014197368434499,-0.920668215456043,0.0129041950677703
cutaneotrichosporon_oleaginosus,-0.584005882996729,0.00988860668757662,-0.886596639258734,0.0139618439446055
cyberlindnera_jadinii,-0.612872191735056,0.0154024768371999,-0.885444256685952,0.014474439723542
cylindrobasidium_torrendii_fp15055_ss_10,-0.7767441214783,0.00774221897472578,-0.937363598202861,0.00963175111652365
cyphellophora_europaea_cbs_101466,-0.822894776514872,0.0104000799700193,-0.93667457001017,0.0101385038409659
dactylellina_haptotyla_cbs_200_50,-0.746642775955169,0.010556311991265,-0.942839053744799,0.0109564271637103
daedalea_quercina_l_15889,-0.67991558673484,0.007955850588457,-0.935766022891065,0.0104955540308803
debaryomyces_fabryi,-0.461245674336506,0.0132378303663051,-0.756251983199151,0.0174635266926501
debaryomyces_hansenii_cbs767,-0.446881972266765,0.011791505142833,-0.89961078769059,0.0137507626192461
diaporthe_ampelina,-0.767104739148297,0.0119429913478202,-0.885093215860841,0.0126779055157904
diaporthe_helianthi,-0.724906134527581,0.00905039649258863,-0.905548853252696,0.0109910811431074
dichomitus_squalens_lyad_421_ss1,-0.670952745234542,0.0103339614634393,-0.875657792401773,0.013366415701808
diplodia_seriata,-0.627550657080327,0.0125544826170218,-0.918024862596492,0.0113522393574789
dothistroma_septosporum,-0.753355019703107,0.00819008323461548,-0.963540531964863,0.00900234238122305
drechmeria_coniospora,-0.545968575564952,0.00964040111708377,-0.932096289743364,0.0141836201026496
drechslerella_stenobrocha_248,-0.759281866330475,0.0151277031594001,-0.956695824834028,0.0131385802219575
edhazardia_aedis_usnm_41457,-0.600280922767584,0.0125185025105265,-0.860919048348185,0.0148440946024338
emmonsia_crescens_uamh_3008,-0.764160221470887,0.0115056780215338,-0.961330249870347,0.0113563639490624
emmonsia_parva_uamh_139,-0.708679153820757,0.0127080001592539,-0.91843366336434,0.0109766948860393
emmonsia_sp_cac_2015a,-0.816314008279623,0.0112969409451826,-0.914051933902118,0.0120142723379366
encephalitozoon_cuniculi_gb_m1,-0.562261660375762,0.016998382455403,-0.874804848947325,0.0167832761959826
encephalitozoon_hellem_atcc_50504,-0.689681564781665,0.0164674924594704,-0.835436097002751,0.0198133740783831
encephalitozoon_intestinalis_atcc_50506,-0.681382709152944,0.0166673693004338,-0.816827829355663,0.019856056657773
encephalitozoon_romaleae_sj_2008,-0.711027285168418,0.0189164142610473,-0.79253774650372,0.0200861064860154
endocarpon_pusillum_z07020,-0.788958381435876,0.0112991833493432,-0.954503580208512,0.0115793867474097
enterocytozoon_bieneusi_h348,-0.341147366199329,0.00903879529686794,-0.856124923943363,0.0162685334408184
eremothecium_cymbalariae_dbvpg_7215,-0.489925924395017,0.0128112126054288,-0.878522157249012,0.0157067051171364
eremothecium_sinecaudum,-0.525501366812849,0.0138221219180714,-0.910040451930744,0.0167868081403799
erysiphe_necator,-0.736543086771492,0.0122805303838289,-0.880196922484694,0.015375361584626
escovopsis_weberi,-0.669931363379805,0.0110705659364668,-0.874367349763347,0.0110408502531317
eutypa_lata_ucrel1,-0.735463487340853,0.0112253972820729,-0.871995808160155,0.011659170185757
exidia_glandulosa_hhb12029,-0.695379355047627,0.00743264712586563,-0.946595536348243,0.00789695002629044
exophiala_aquamarina_cbs_119918,-0.820041004815806,0.0104535897775552,-0.982026994601926,0.0113499759141578
exophiala_dermatitidis_nih_ut8656,-0.770220132878773,0.0121030555012021,-0.944657705849293,0.0109499841182641
exophiala_mesophila,-0.823124262942408,0.0113538082656636,-0.974807624719637,0.0102239553151078
exophiala_oligosperma,-0.754471846056936,0.0114940103720564,-0.948378660846974,0.0107965408183034
exophiala_sideris,-0.827777400760729,0.010840083229729,-0.973814704121141,0.0100020173992298
exophiala_spinifera,-0.784613831893989,0.0124264749895723,-0.940396113555421,0.0111004588253551
exophiala_xenobiotica,-0.821798241664151,0.00937212681556271,-0.957052312499174,0.0100759605817461
fibroporia_radiculosa,-0.743595257379412,0.0123449227639323,-0.955074868296877,0.010793490965618
fibulorhizoctonia_sp_cbs_109695,-0.715305057087981,0.00650301322089769,-0.988572883421889,0.00787806547677388
fistulina_hepatica_atcc_64428,-0.784286270819667,0.00974724678834634,-0.954490805149896,0.00947910732289126
fomitiporia_mediterranea_mf3_22,-0.493862199664958,0.0261684010990893,-0.672179808994828,0.0294424757737755
fomitopsis_pinicola_fp_58527_ss1,-0.689684513910407,0.00927264283749848,-0.910142785532196,0.0105791671757849
fonsecaea_erecta,-0.785165247493065,0.01330414828275,-0.892641289939673,0.0111227823234692
fonsecaea_monophora,-0.792967785792456,0.0123413375371217,-0.938714107890684,0.0114672558229132
fonsecaea_multimorphosa_cbs_102226,-0.822090463475267,0.0118472993674219,-0.957030802613384,0.00989736700028458
fonsecaea_nubica,-0.80814417930907,0.0129610438189933,-0.941686163927801,0.0105528134628255
fonsecaea_pedrosoi_cbs_271_37,-0.806728799933431,0.0122619229236219,-0.939231375214649,0.0107716536879286
fusarium_culmorum,-0.658246093486958,0.0111352641385147,-0.965937960326148,0.0109618528211421
fusarium_fujikuroi,-0.746131292983998,0.0109133978671324,-0.939851946078288,0.00938184199253978
fusarium_graminearum,-0.663312152737597,0.0109943436907637,-0.956316387886969,0.0094750949092964
fusarium_langsethiae,-0.701469177096734,0.0116493050410049,-0.933220469346547,0.0102362086090923
fusarium_oxysporum,-0.717472020991793,0.00875279123526241,-0.942324834890028,0.00945632675320777
fusarium_poae,-0.721542142677934,0.0108472874364931,-0.962183332369274,0.00886074806905548
fusarium_pseudograminearum,-0.669137845955214,0.0115957725358583,-0.975153411981182,0.00962113646558762
fusarium_solani,-0.688436918271881,0.0110970853691636,-0.968524100783255,0.00908050652282021
fusarium_verticillioides,-0.711999614955371,0.00988797792417961,-0.965665756967503,0.00990016552137466
gaeumannomyces_graminis,-0.447093351393122,0.00819364442646365,-0.924434176619826,0.0119735424038874
galerina_marginata_cbs_339_88,-0.759527915212246,0.00775869545871211,-0.987070129477447,0.00823047655035215
gelatoporia_subvermispora_b,-0.720332159424144,0.00863225951370262,-0.930364021211442,0.0105987599387409
geotrichum_candidum,-0.582513697050093,0.0163767939661932,-0.895408939653247,0.0127452623824266
glarea_lozoyensis_74030,-0.705847673945089,0.0100313507832602,-0.940542052535321,0.0114691091834064
gloeophyllum_trabeum_atcc_11539,-0.731578934500709,0.00876751964883711,-0.912939672073488,0.0101612570746823
gonapodya_prolifera_jel478,-0.735255760885611,0.00834007060307141,-0.913477496232765,0.0114675233530917
grifola_frondosa,-0.708937389532053,0.00872971126070828,-0.969665923182292,0.00978725174431585
grosmannia_clavigera_kw1407,-0.605816499583876,0.00978688724185608,-0.868871458287195,0.0149970330367594
gymnopus_luxurians_fd_317_m1,-0.799568525094037,0.00793335209163287,-0.979111095448641,0.00727726195626769
hanseniaspora_opuntiae,-0.441682981816408,0.015112649037376,-0.879914526647572,0.0158801042883513
hanseniaspora_osmophila,-0.600025998532014,0.0147235036486401,-0.894521776821946,0.0164012624702064
hanseniaspora_uvarum_dsm_2768,-0.462004077738781,0.0180911766779954,-0.852788246495561,0.0205494459066551
hanseniaspora_valbyensis_nrrl_y_1626,-0.365814513321171,0.0119132402263005,-0.861607351267491,0.0162870422695162
hebeloma_cylindrosporum_h7,-0.827487753482662,0.00770334750531647,-0.987133496956186,0.00802827183836863
heterobasidion_irregulare_tc_32_1,-0.61749801147918,0.00871476933179328,-0.969276711937028,0.00929867237574522
hirsutella_minnesotensis_3608,-0.711453633687527,0.0123105072800117,-0.922843373680677,0.00930827201578104
histoplasma_capsulatum_nam1,-0.732870503077779,0.00998787663583174,-0.976794333991746,0.0109393970805612
hydnomerulius_pinastri_md_312,-0.791011574696697,0.00871197321268725,-0.938896492913506,0.0114749698068109
hypholoma_sublateritium_fd_334_ss_4,-0.683856751281381,0.00858064135909105,-0.936355167519408,0.00999979202883304
hyphopichia_burtonii_nrrl_y_1933,-0.409968298811952,0.00975351291686135,-0.855849991584309,0.0151455065366867
hypsizygus_marmoreus,-0.810672997829978,0.00827298995433411,-0.973785313582974,0.010012842055232
isaria_fumosorosea_arsef_2679,-0.628032916711618,0.0126064245722635,-0.896921111573851,0.0107472412513567
jaapia_argillacea_mucl_33604,-0.758633762853521,0.00738186218242674,-1.00025148542176,0.00903406080788739
kalmanozyma_brasiliensis_ghg001,-0.58093324419217,0.0149854247851904,-0.902781478710538,0.0139165653254249
kazachstania_africana_cbs_2517,-0.443748310765452,0.0125629817726692,-0.877496104568216,0.0137390201582022
kazachstania_naganishii_cbs_8797,-0.534591391913846,0.0168218376177282,-0.904160794753545,0.0145871528266943
kluyveromyces_lactis,-0.530962586553141,0.0152724767958061,-0.910818693366445,0.0161089894835862
kluyveromyces_marxianus_dmku3_1042,-0.449752135925368,0.0131804117195305,-0.885306367770868,0.0162453316713526
komagataella_pastoris,-0.5930120818024,0.0146490404207285,-0.907633819177026,0.0161844948744155
komagataella_phaffii_cbs_7435,-0.609003146387308,0.0137571651754617,-0.927699274332141,0.0130245756106508
kuraishia_capsulata_cbs_1993,-0.689303408721124,0.0127837863011374,-0.914319430215277,0.0136953045470284
kwoniella_bestiolae_cbs_10118,-0.714353203385808,0.0136144255060128,-0.910930356500541,0.0115137579423987
kwoniella_dejecticola_cbs_10117,-0.706943956248312,0.0121962249933611,-0.961800564212888,0.0103229217344791
kwoniella_heveanensis_cbs_569,-0.72608717822804,0.0146651876968646,-0.940711281035701,0.01242433003418
kwoniella_mangroviensis_cbs_8886,-0.627296621859352,0.013588028996567,-0.884236708786431,0.0119360687804028
kwoniella_pini_cbs_10737,-0.431148933329213,0.0122501197096336,-0.89905015614348,0.0119580074309312
laccaria_amethystina_laam_08_1,-0.766944305914499,0.00825526450967222,-0.980223701647417,0.00826760265921613
laccaria_bicolor_s238n_h82,-0.772400079127165,0.00746529427216368,-1.00617826136133,0.00833019291449726
lachancea_lanzarotensis,-0.667128957505826,0.0163828847343851,-0.9122776533317,0.0141049690507268
lachancea_thermotolerans_cbs_6340,-0.56403156382766,0.019353134039809,-0.900952732420751,0.0171922667769827
laetiporus_sulphureus_93_53,-0.71873490560221,0.00828973123169952,-0.955079947076437,0.0103595934691468
leptosphaeria_maculans,-0.704058439087991,0.00907545812482908,-0.923994545777006,0.0101283823283761
leucoagaricus_sp_symc_cos,-0.51084290031319,0.0209560420636093,-0.778675758150532,0.0287596046642853
lichtheimia_corymbifera_jmrc_fsu_9682,-0.675016128493947,0.0117596477000295,-0.94605535610501,0.0108611212024054
lichtheimia_ramosa,-0.654155442681633,0.0114934971985298,-0.953904504650014,0.0120909495584294
lipomyces_starkeyi_nrrl_y_11557,-0.730350034151629,0.00977632066566487,-0.973258141464301,0.0113250168904434
lodderomyces_elongisporus_nrrl_yb_4239,-0.521786431508161,0.0116496799036596,-0.951388417116763,0.0145048406573935
macrophomina_phaseolina_ms6,-0.582637796484202,0.00782052259746413,-0.937597757885137,0.00928651679318223
madurella_mycetomatis,-0.769843474161085,0.0112788586227923,-0.95239886129303,0.0115159713226055
magnaporthe_oryzae,-0.55833468736513,0.00920429135245876,-0.948582709425725,0.00977467038367203
magnaporthe_poae,-0.526501736881619,0.00853429660295562,-0.882600065914307,0.00974014092590973
malassezia_pachydermatis,-0.536607560037979,0.0118884359399497,-0.88452340676442,0.0138573916534916
malassezia_sympodialis_atcc_42132,-0.510409737554619,0.0128638717935881,-0.941061177642672,0.0164185325839138
marssonina_brunnea_f_sp_multigermtubi_mb_m1,-0.653739523285213,0.00927172367704121,-0.915194640034566,0.0127343728124518
melampsora_laricipopulina,-0.637264209790465,0.00729532737169202,-0.96274405615255,0.00851623429322968
metarhizium_acridum_cqma_102,-0.71440460763905,0.0126236542392075,-0.909766680665458,0.0111114304568576
metarhizium_album_arsef_1941,-0.67943877309579,0.0157372211755533,-0.924756522303861,0.0117347191249829
metarhizium_anisopliae_arsef_23,-0.710496364592618,0.0125411356784319,-0.928330853432715,0.0112393442831334
metarhizium_anisopliae,-0.732979102206561,0.0131656785947513,-0.951252324792102,0.0106809428537292
metarhizium_brunneum_arsef_3297,-0.709461478280708,0.0142634576559639,-0.940958823492453,0.00991229456200279
metarhizium_guizhouense_arsef_977,-0.732273710280916,0.0130278593302965,-0.953845804464042,0.0102228141144623
metarhizium_majus_arsef_297,-0.730411494206594,0.0130280927788809,-0.938605193013423,0.0105811881560328
metarhizium_rileyi_rcef_4871,-0.753408979724505,0.0141142471988615,-0.926932750485332,0.0131083454545381
metschnikowia_bicuspidata_var_bicuspidata_nrrl_yb_4993,-0.468655506167891,0.00993243454455581,-0.939423143877949,0.0131262368010105
meyerozyma_guilliermondii_atcc_6260,-0.717784154654271,0.0111186791021786,-0.895669824716303,0.0134770097542714
microbotryum_violaceum,-0.693297206882395,0.0111113065748112,-0.899167415395096,0.0126538983389971
microdochium_bolleyi,-0.616413590099048,0.00919629213828814,-0.908952940749187,0.0117382576285627
microsporum_gypseum_cbs_118893,-0.681458774514121,0.0118274270715278,-0.941753647236148,0.0117927090883267
millerozyma_farinosa_cbs_7064,-0.5153835806723,0.0158667080191142,-0.968887825059899,0.0108444828356235
mitosporidium_daphniae,-0.780876769007986,0.0132418941360425,-0.855763766726202,0.0154139180037181
mixia_osmundae_iam_14324,-0.819977468492168,0.0127600045077664,-0.937859856866695,0.0136722291931185
moesziomyces_antarcticus,-0.49041397884672,0.0126953742837369,-0.891545820994115,0.0140890171139038
moesziomyces_aphidis_dsm_70725,-0.554693733824294,0.0121553157393584,-0.846354507563131,0.0151117955695656
moniliophthora_perniciosa_fa553,-0.833000784913777,0.00820728865950264,-0.996873649167402,0.0100091269527689
moniliophthora_roreri_mca_2997,-0.845552254698892,0.00769750924944731,-0.944063425466389,0.00909353141266562
mortierella_elongata_ag_77,-0.521953693051914,0.00994363399150642,-0.964787088674911,0.00903904436921585
mortierella_verticillata_nrrl_6337,-0.397933270246953,0.014925568555306,-0.764443346760916,0.0227825184005728
mucor_ambiguus,-0.712582678635399,0.014282991277101,-0.935087279353354,0.0105191875707484
mucor_circinelloides_f_circinelloides_1006phl,-0.711527115379441,0.0127675761245306,-0.902539987067865,0.0113791263146957
myceliophthora_thermophila_atcc_42464,-0.591439628775811,0.00891461117308824,-0.897105736901606,0.0113740805263672
mycosphaerella_eumusae,-0.71282907375109,0.00800031323341458,-0.92684077350246,0.00987827119672503
nadsonia_fulvescens_var_elongata_dsm_6958,-0.469326878383039,0.0123710494404264,-0.910193246666428,0.0146646819221644
naumovozyma_castellii_cbs_4309,-0.409058727653548,0.0117081396272665,-0.842326470995162,0.0139376901915813
naumovozyma_dairenensis_cbs_421,-0.425313212944145,0.0135175487703482,-0.850994764889861,0.01407878437566
nematocida_parisii_ertm3,-0.552779950310336,0.0130003245652304,-0.899790445710263,0.0187039505163894
nematocida_sp_1_ertm2,-0.582976888911853,0.0125177252648009,-0.870646347647253,0.0175940317430991
neofusicoccum_parvum_ucrnp2,-0.683190979367104,0.0109353669839468,-0.837889289285759,0.0153108963151441
neolentinus_lepideus_hhb14362_ss_1,-0.651604210118662,0.00906968246091949,-0.985196690078861,0.0100953510011252
neonectria_ditissima,-0.705320683802141,0.0118627944513881,-0.910379216580318,0.0108272135630665
neosartorya_fischeri,-0.727279377190078,0.0104648335347862,-0.925730728282102,0.0118287356539866
neurospora_crassa,-0.627704051271509,0.0113577576570338,-0.961978899678338,0.0111250247416384
neurospora_tetrasperma_fgsc_2509,-0.525951121670016,0.0108165819695234,-0.937871555229803,0.0104226438473539
nosema_apis_brl_01,-0.497747655869245,0.014485393474755,-0.948712619515073,0.0165548435424819
nosema_bombycis_cq1,-0.476260924402129,0.0118175637779748,-0.850322198755816,0.0141387170330943
nosema_ceranae_brl01,-0.536662638010039,0.0185368429221681,-0.80271698462943,0.0209193473268769
ogataea_parapolymorpha_dl_1,-0.618716456367491,0.0129931221178223,-0.902408361724625,0.0150540586267648
ogataea_polymorpha,-0.64320959064731,0.0122194984080819,-0.879400650540595,0.0154035006347252
oidiodendron_maius_zn,-0.777275617515114,0.00796695389662687,-0.977991433815065,0.00730216298807563
ophiocordyceps_sinensis_co18,-0.617830171503721,0.0128239079431656,-0.926562952586363,0.0119219374665068
ophiocordyceps_unilateralis,-0.630632408822807,0.00996505330797301,-0.865727363427301,0.0121930733270518
ophiostoma_piceae_uamh_11346,-0.581211595529259,0.0125011371454919,-0.900782561812826,0.0124842979840735
ordospora_colligata_oc4,-0.518555105743126,0.0173503367607382,-0.785466300401654,0.0182629763601259
pachysolen_tannophilus_nrrl_y_2460,-0.502376252598342,0.0137200934333599,-0.871803647392667,0.0162853190862566
paracoccidioides_brasiliensis_pb18,-0.785471059409215,0.0111782644765395,-0.991345506159011,0.0132713171335007
paracoccidioides_sp_lutzii_pb01,-0.775279472649763,0.00967307486439901,-0.952082220302286,0.0108427170140979
paraphaeosphaeria_sporulosa,-0.695163009038728,0.00792813496170492,-0.911958859914898,0.0108158342351084
parasitella_parasitica,-0.767215649764351,0.0128312624857305,-0.984532447703141,0.00953938052299508
paxillus_involutus_atcc_200175,-0.772407738842677,0.00987433611336687,-0.978566798801553,0.00905367940790996
paxillus_rubicundulus_ve08_2h10,-0.764206972954069,0.0084029335899706,-0.987084865158509,0.00777262908828679
penicillium_brasilianum,-0.672191012246263,0.0108394101101283,-0.910314764270059,0.012925747128508
penicillium_camemberti_fm_013,-0.677929265734202,0.00921117664766124,-0.958715351299366,0.0107843104919985
penicillium_chrysogenum,-0.709751630580659,0.0101117991928742,-0.935924745085369,0.0100564265237275
penicillium_digitatum_phi26,-0.66307287561202,0.010625290315762,-0.932694293607496,0.0107836147628344
penicillium_expansum,-0.673445737334867,0.0107803702941773,-0.894929176716933,0.0120036507243039
penicillium_freii,-0.635957302339984,0.010101700498844,-0.989312823355245,0.00928437287467959
penicillium_griseofulvum,-0.683632374948149,0.0117754996797746,-0.962186194830555,0.0099432769869498
penicillium_italicum,-0.683215571103314,0.0116457114534525,-0.948333245938899,0.00952208496767581
penicillium_nordicum,-0.636694907149614,0.00990773434125765,-0.949874630470175,0.0110763575672162
penicillium_oxalicum_114_2,-0.683125091761815,0.00984441703320288,-0.989488946075096,0.0111532204393205
penicillium_roqueforti_fm164,-0.675010206983,0.00961448262044627,-0.952051724047476,0.0108724593379803
penicillium_rubens_wisconsin_54_1255,-0.687136004980331,0.00939067501658258,-0.982770431366258,0.0083269000122807
peniophora_sp_cont,-0.723529303372823,0.00682936684064548,-0.965129636473212,0.00887205916785868
pestalotiopsis_fici_w106_1,-0.750400254366192,0.013266422300953,-0.991181718156443,0.0115301508088707
phaeoacremonium_minimum_ucrpa7,-0.74760598208687,0.0131398494154302,-0.890122803442981,0.0130301856098782
phaeomoniella_chlamydospora,-0.720231519915216,0.0114902567046135,-0.892316416251058,0.0141819755776521
phaeosphaeria_nodorum,-0.657709508921217,0.0104334745679515,-0.96805300782012,0.00982433687555945
phanerochaete_carnosa_hhb_10118_sp,-0.719399718543477,0.00955044270833061,-0.944255513698123,0.0109695733683425
phialocephala_scopiformis,-0.763694300733331,0.00700872024202106,-0.970426991341192,0.00934526104855102
phialophora_attae,-0.824577899308839,0.00810154411085198,-0.934914370909512,0.0132347865713827
phlebiopsis_gigantea_11061_1_cr5_6,-0.69435590163495,0.0069593366955362,-0.919238577216826,0.0112816125633084
phycomyces_blakesleeanus_nrrl_1555_,-0.625592980533422,0.0102570990489462,-0.962899427442147,0.00872727547761886
pichia_kudriavzevii,-0.514503578625705,0.0118410336090273,-0.885629101513146,0.0133796647711704
pichia_membranifaciens_nrrl_y_2026,-0.336857795456802,0.0211805371583599,-0.936232693368145,0.0148303325627601
piloderma_croceum_f_1598,-0.812025161318861,0.00711686169414862,-0.972435409794551,0.0084147738107945
pisolithus_microcarpus_441,-0.856456152090121,0.00811601371100248,-1.01107355919048,0.00711287676471848
pisolithus_tinctorius_marx_270,-0.783309126100784,0.00777034513119076,-0.996682796041981,0.00764987628116027
pleurotus_ostreatus_pc15,-0.772718886469463,0.0095335684758502,-0.906140268827226,0.00949398197748639
plicaturopsis_crispa_fd_325_ss_3,-0.582189053711535,0.0128778870131002,-0.880761189243202,0.0163332880777826
pneumocystis_carinii_b80,-0.660545821630882,0.0192109486713326,-0.893568327580835,0.0184821937861558
pneumocystis_jirovecii_ru7,-0.415852923854537,0.0119301939035371,-0.86234177559629,0.0166381010852689
pneumocystis_murina_b123,-0.738560495229323,0.0173575891049454,-0.822200722195113,0.0168854590685981
pochonia_chlamydosporia_170,-0.74225677245317,0.00930568783129551,-0.955641720202707,0.00895417821053391
podospora_anserina_s_mat_,-0.59829204919746,0.00975455771520689,-0.896965401475766,0.0124618723876032
postia_placenta_mad_698_r,-0.760140040753713,0.00990966429145841,-0.925343416602762,0.0124327524955634
pseudocercospora_musae,-0.736631750048386,0.00859671749259755,-0.907918234968032,0.00990767485532747
pseudogymnoascus_destructans_20631_21,-0.651935169505006,0.00905170236155806,-0.95638068808157,0.0118511378824204
pseudogymnoascus_sp_03vt05,-0.694521512875949,0.00958564480552986,-0.926243768948123,0.0101014937963991
pseudogymnoascus_sp_05ny08,-0.683658626560862,0.00990507121776662,-0.920775572036966,0.0120122050701823
pseudogymnoascus_sp_23342_1_i1,-0.66773132304636,0.0111725460637284,-0.944745446989702,0.00996974875118595
pseudogymnoascus_sp_24mn13,-0.687942427031018,0.0113820873418609,-0.972639728797823,0.0113784102151138
pseudogymnoascus_sp_vkm_f_103,-0.617671399956779,0.0113120907087629,-0.963773265892669,0.0128783688430569
pseudogymnoascus_sp_vkm_f_3557,-0.634843417931511,0.00984977389483547,-0.969428285380638,0.0117652664418496
pseudogymnoascus_sp_vkm_f_3775,-0.679439453876286,0.0134343276704053,-0.948607655311667,0.0118630554983792
pseudogymnoascus_sp_vkm_f_3808,-0.633503557884337,0.00964565811156437,-0.966115369302906,0.0117439417152133
pseudogymnoascus_sp_vkm_f_4246,-0.656176443521438,0.0115078535490222,-0.857781255773474,0.0135252658022005
pseudogymnoascus_sp_vkm_f_4281_fw_2241_,-0.650324027958274,0.0112061434343716,-0.972261747034861,0.0114388136328332
pseudogymnoascus_sp_vkm_f_4513_fw_928_,-0.647631039548389,0.011694612594522,-0.904008087647836,0.0108143186343342
pseudogymnoascus_sp_vkm_f_4514_fw_929_,-0.652150543122204,0.0109759410434937,-0.938305460198567,0.0112881058505088
pseudogymnoascus_sp_vkm_f_4515_fw_2607_,-0.6294397724282,0.0102482813360483,-0.925010328249444,0.0121070686722894
pseudogymnoascus_sp_vkm_f_4516_fw_969_,-0.646410023637105,0.0103019469804524,-0.922018630784692,0.0110485723021974
pseudogymnoascus_sp_vkm_f_4517_fw_2822_,-0.660599216715861,0.00891668533156921,-0.938413334587826,0.0114525055791472
pseudogymnoascus_sp_vkm_f_4518_fw_2643_,-0.681011708104593,0.00983484657098602,-0.942282126438337,0.0117479176203478
pseudogymnoascus_sp_vkm_f_4519_fw_2642_,-0.655586893226999,0.00947268443493506,-0.945118843325101,0.0115459706024473
pseudogymnoascus_sp_vkm_f_4520_fw_2644_,-0.66365040465803,0.00981827436653751,-0.968049341861122,0.0102071071289196
pseudogymnoascus_sp_wsf_3629,-0.707270082001058,0.00979046229813574,-0.950702660448714,0.011859654875752
pseudogymnoascus_verrucosus,-0.685556356444489,0.0103724453963529,-0.911493253223634,0.0138224515189536
pseudoloma_neurophilia,-0.479618677495207,0.0142329642831253,-0.899894711142105,0.0155894668701999
pseudozyma_hubeiensis_sy62,-0.630190916732051,0.0117999586947781,-0.94172305512609,0.0117849284686805
puccinia_graminis,-0.744325634814133,0.00763815054361118,-0.98206944325584,0.00958389886392096
puccinia_sorghi,-0.741032001237713,0.00914949710541423,-0.956288704211955,0.00723222108295676
puccinia_striiformis,-0.689459518735902,0.00786049637480106,-0.950341471793876,0.00803217620761839
puccinia_triticina,-0.659578000366575,0.00886068987855185,-0.933815771326326,0.0108415733557187
punctularia_strigosozonata_hhb_11173_ss5,-0.578906794037842,0.0142812459387308,-0.810653309483724,0.0183201188602552
purpureocillium_lilacinum,-0.544980281769259,0.00949512103838832,-0.922943275581665,0.0106681028376057
pyrenochaeta_sp_ds3say3a,-0.704943906258881,0.00891657947390722,-0.984628960465709,0.00932825995608761
pyrenophora_teres,-0.723729985387386,0.00870076909580586,-0.893394124273055,0.0113146466094649
pyrenophora_triticirepentis,-0.712610012209462,0.00944780308983756,-0.955759365106371,0.0119512587165747
pyronema_omphalodes_cbs_100304,-0.578311170444039,0.0088920156846937,-0.991968594810933,0.00931831948959292
rasamsonia_emersonii_cbs_393_64,-0.627672628897548,0.00874390791786066,-0.935637953541747,0.0101017024647889
rhinocladiella_mackenziei_cbs_650_93,-0.834314135672958,0.00941827090377329,-0.95752745998808,0.00977030199599938
rhizoctonia_solani_ag_1_ia,-0.808227415379128,0.00939491063468105,-0.942413112722763,0.00919657089021085
rhizophagus_irregularis_daom_181602,-0.597160258089912,0.00666162025323082,-0.958759318916494,0.00810825189562786
rhizopogon_vinicolor_am_or11_026,-0.821721764381218,0.00852798901988443,-1.00582582103371,0.00979741280640973
rhizopus_delemar_ra_99_880,-0.594158846903623,0.0104330858136704,-0.948294966542368,0.0081407826312517
rhodotorula_graminis_wp1,-0.365179485457319,0.0141841028245386,-0.829988932385596,0.0171151398723172
rhodotorula_sp_jg_1b,-0.658438145061796,0.011360913542255,-0.878332148132355,0.0133137592337931
rhodotorula_toruloides_np11,-0.657152072067205,0.0105760031190861,-0.94022965206973,0.0116278370949506
rosellinia_necatrix,-0.661234906384247,0.0206611992368551,-0.948197502987376,0.0126302630810793
rozella_allomycis_csf55,-0.630273275158086,0.0126413487138898,-0.887263898473752,0.0143747975877408
saccharomyces_arboricola_h_6,-0.46575069793267,0.0143335493253999,-0.875544868832385,0.0149942110269095
saccharomyces_cerevisiae,-0.542999938197601,0.0125295574746543,-0.951025775763674,0.0123188639135265
saccharomyces_cerevisiae_x_saccharomyces_kudriavzevii_vin7,-0.562633861347994,0.0118783699579912,-0.894017412357822,0.0109673252771038
saccharomyces_eubayanus,-0.420364841949319,0.0131822092720775,-0.847443107936608,0.017571630835192
saccharomyces_kudriavzevii_ifo_1802,-0.521820650449977,0.0145442658892616,-0.887229845514837,0.0151188023108
saccharomyces_sp_boulardii_,-0.496204829412513,0.0152544143366174,-0.877071528327238,0.015503909607567
saccharomycetaceae_sp_ashbya_aceri_,-0.562236026016996,0.0238270460477374,-0.855306896530358,0.0175148823595197
saitoella_complicata_nrrl_y_17804,-0.587839276019764,0.0128101688242382,-0.935184854850579,0.0123450709807566
scedosporium_apiospermum,-0.745969748490777,0.0120514937913687,-0.938530016841812,0.0120168909945418
scheffersomyces_stipitis_cbs_6054,-0.612294326776898,0.014377216779739,-0.937379344908147,0.0129613334881727
schizophyllum_commune_h4_8,-0.691440764649873,0.00813031718423051,-0.910230485066094,0.0107000780768874
schizopora_paradoxa,-0.761481729303331,0.00764332204522848,-0.983583020773196,0.00729533826199808
schizosaccharomyces_cryophilus,-0.508710258401685,0.0143375528526671,-0.853038963961123,0.0136905809972185
schizosaccharomyces_japonicus,-0.53443217345167,0.0155925136814247,-0.916079692824214,0.0146794357753651
schizosaccharomyces_octosporus,-0.476141822844394,0.0140451516886208,-0.94080766945547,0.0158124003839662
schizosaccharomyces_pombe,-0.54266232409041,0.0136865541842659,-0.889079964702783,0.0149544405147407
scleroderma_citrinum_foug_a,-0.790527678328745,0.00751102732347595,-0.981518534272842,0.0080253434339642
sclerotinia_borealis_f_4157,-0.664408951479373,0.00916568233076307,-0.934856150764345,0.0111328899384437
sclerotinia_sclerotiorum,-0.614732104502775,0.0100893251038381,-0.944763119867156,0.0107267947131259
serendipita_indica_dsm_11827,-0.843674146927818,0.00972246878786829,-0.965816811415286,0.00921288447805277
serendipita_vermifera_maff_305830,-0.818465316312731,0.00843691887653056,-0.994064962236861,0.00912884484536244
serpula_lacrymans_var_lacrymans_s7_3,-0.787946855825483,0.00957895893937297,-0.96258706244116,0.00924117273465098
setosphaeria_turcica_et28a,-0.624576737224783,0.00918763063592026,-0.940555921317577,0.00990157040026943
sistotremastrum_niveocremeum_hhb9708,-0.801829696880879,0.00736488439242566,-0.960637400513633,0.00881455746035068
sistotremastrum_suecicum_hhb10207_ss_3,-0.765140759245855,0.00735891140803258,-0.95392785893113,0.00934796206443579
sordaria_macrospora,-0.565837397418094,0.0107189923640823,-0.901248849513559,0.0119232275033114
spathaspora_passalidarum_nrrl_y_27907,-0.500609462777912,0.0133257224754834,-0.917439834698305,0.0147685249299585
sphaerobolus_stellatus_ss14,-0.679071037512651,0.0071317993357397,-1.00798239912438,0.00855405247994099
sphaerulina_musiva_so2202,-0.636519360374878,0.00940591366495881,-0.934623016650272,0.011042075261844
spizellomyces_punctatus_daom_br117,-0.718531587369102,0.0103692631002914,-0.956665143287085,0.0115333875703184
sporidiobolus_salmonicolor,-0.641173763553933,0.014316817359289,-0.842808069867574,0.0169214712993797
sporisorium_reilianum,-0.487567001209037,0.012180004116031,-0.883072927715771,0.0137038230186913
sporisorium_scitamineum,-0.618718553017775,0.0113411519602259,-0.905968665303873,0.0113897237489609
sporothrix_brasiliensis_5110,-0.496774972639899,0.0108864728468418,-0.868822438300084,0.0140129795420739
sporothrix_insectorum_rcef_264,-0.61644337796063,0.0112531520760101,-0.891800189598419,0.0120623103610752
sporothrix_schenckii_atcc_58251,-0.698090771957186,0.0113197794154019,-0.888735048243571,0.0127735279158982
spraguea_lophii_42_110,-0.542896205144738,0.0156355328368533,-0.813441546270543,0.0187146517753265
stachybotrys_chartarum_ibt_40293,-0.672798506686537,0.0106402266967291,-0.953824267630203,0.0117366946335039
stachybotrys_chlorohalonata_ibt_40285,-0.684671453099248,0.0115039600829119,-0.894307734021821,0.0113758614361943
stagonospora_sp_src1lsm3a,-0.739086629977939,0.00860401540316026,-0.917555562390822,0.00946260313900054
stemphylium_lycopersici,-0.665453054444801,0.0111405259398491,-0.885739509633241,0.0128308789136795
stereum_hirsutum_fp_91666_ss1,-0.599003408626078,0.0172062862925793,-0.808382259489586,0.0215586772921237
sugiyamaella_lignohabitans,-0.496380643902853,0.0122072519791427,-0.860695913377763,0.0152132395077809
suillus_luteus_uh_slu_lm8_n1,-0.864228458771295,0.00791475968282333,-0.982850108914078,0.00858786297693851
talaromyces_cellulolyticus,-0.620534146660473,0.0192085774586053,-0.812201649851407,0.0247680241678501
talaromyces_islandicus,-0.741613295148497,0.0127171360170769,-0.957123095422853,0.0112306496306453
talaromyces_marneffei_atcc_18224,-0.680260320797522,0.0110048007149126,-0.94866104945806,0.0105008845121952
talaromyces_stipitatus_atcc_10500,-0.769152053151834,0.00960306020900053,-0.970832630294012,0.0100775104544958
termitomyces_sp_j132,-0.746360231393572,0.0094043732263064,-0.989578957685323,0.00971047540824839
tetrapisispora_blattae_cbs_6284,-0.328551883371658,0.0115360517691567,-0.813793348869382,0.0164967336404054
tetrapisispora_phaffii_cbs_4417,-0.352384708611833,0.0104807922969807,-0.866475600339467,0.0147586917614036
thielavia_terrestris_nrrl_8126,-0.534496328685116,0.0100398166248305,-0.91939832576546,0.0107608968606065
thielaviopsis_punctulata,-0.61379132087312,0.0136963150896214,-0.870845909542498,0.0146101750555921
tilletia_caries,-0.675679385498379,0.0103096670299749,-0.927806494811062,0.0100278680397439
tilletia_controversa,-0.725473375656597,0.0107266952630349,-0.933973834496741,0.011865819412393
tilletia_indica,-0.672218517051072,0.0121015333232645,-0.84202524711273,0.0137268915989489
tilletiaria_anomala_ubc_951,-0.682504613804547,0.00898742666935152,-0.930079978906979,0.0135800539252451
tilletia_walkeri,-0.662248785549877,0.0127107686837914,-0.906108399925719,0.0139914989026651
tolypocladium_ophioglossoides_cbs_100239,-0.560494139236553,0.00970596438615965,-0.931674491088035,0.0114141392744657
torrubiella_hemipterigena,-0.629015333470399,0.0112470203213231,-0.953154361072045,0.0106054050542683
tortispora_caseinolytica_nrrl_y_17796,-0.690056709005559,0.0136471402823255,-0.907238816411906,0.0132717161566877
torulaspora_delbrueckii,-0.60777536910354,0.0142693399371462,-0.909152892157372,0.0144411455605713
trachipleistophora_hominis,-0.579933496521501,0.0128550167579138,-0.861630843199523,0.0148803550359344
trametes_cinnabarina,-0.769473941127733,0.0115566878103406,-0.866714684589083,0.0119631705001072
trametes_versicolor_fp_101664_ss1,-0.481419300927216,0.0211818384496507,-0.778740015450921,0.027009116318042
tremella_mesenterica_dsm_1558,-0.530438472995712,0.0156166452166583,-0.786644287953876,0.0209652636064888
trichoderma_atroviride_imi_206040,-0.622348761047575,0.0102109746703608,-0.984070917270693,0.0111119605169005
trichoderma_gamsii,-0.693185492536176,0.0132277650773787,-0.949995580121555,0.0106576184338631
trichoderma_harzianum,-0.666257609814301,0.0118400452330381,-0.941911772826139,0.00939330527852063
trichoderma_reesei,-0.574792199386861,0.0108687638064619,-0.876523501140679,0.0128022186051049
trichoderma_virens,-0.655841582083457,0.0107369859113527,-0.95827480552462,0.00996140215368854
trichophyton_equinum_cbs_127_97,-0.690620546354976,0.0120889957276189,-0.93691087549005,0.0120052700241462
trichophyton_interdigitale_mr816,-0.667149358754219,0.0121777656155634,-0.94988769186594,0.0111956959917323
trichophyton_rubrum_cbs_118892,-0.699588544615513,0.0107147978336437,-0.965495757186673,0.00987123431291365
trichophyton_soudanense_cbs_452_61,-0.693144945853732,0.00999464120746891,-0.980725580300691,0.0105710941430135
trichophyton_tonsurans_cbs_112818,-0.708803632570515,0.0116822074780421,-0.952426076685045,0.0118285492062826
trichophyton_verrucosum_hki_0517,-0.684106647463576,0.0125339897409318,-0.91429324631716,0.0115371557976644
trichophyton_violaceum,-0.673984578548594,0.0139121768733306,-0.929335165997344,0.0126311688116084
trichosporon_asahii_var_asahii_cbs_8904,-0.439326459214042,0.0110114910744927,-0.903752072823333,0.0141062460915657
tsuchiyaea_wingfieldii_cbs_7118,-0.70076903110911,0.0116021461914801,-0.894984411781304,0.0115577558832426
tuber_melanosporum,-0.707574798985626,0.0109758006190646,-0.976741328105637,0.0114491262235472
tulasnella_calospora_mut_4182,-0.782043637884296,0.00738055730474627,-0.982893224448447,0.00720181861358665
uncinocarpus_reesii_1704,-0.766079367806119,0.0147338256922839,-0.956340036826945,0.0127940198250778
ustilaginoidea_virens,-0.585930137758716,0.0100350599792652,-0.917620138275186,0.0117214489856494
ustilago_hordei,-0.584703960727474,0.010731505260554,-0.920303566215159,0.0135308805805936
ustilago_maydis,-0.637345903898399,0.012815254802438,-0.96386595112207,0.0127184517950329
valsa_mali_var_pyri,-0.736929415442934,0.0126160066421632,-0.909250425307577,0.0117711513401838
vanderwaltozyma_polyspora_dsm_70294,-0.39338498541759,0.0125868870323067,-0.836888121633859,0.0165650489436944
vavraia_culicis_subsp_floridensis,-0.592491771411204,0.0136936787913592,-0.862334117557434,0.0161027746331071
verruconis_gallopava,-0.71930711248549,0.0114434908358774,-0.963173838067358,0.00940302517861429
verticillium_alfalfae_vams_102,-0.586974756612994,0.010383402006475,-0.886998935329928,0.0127284258843428
verticillium_dahliae,-0.645141841956742,0.00896741248540755,-0.9062800272813,0.0110300269649764
verticillium_longisporum,-0.576814839607625,0.00986402399922576,-0.935395093188635,0.00884643678607227
vittaforma_corneae_atcc_50505,-0.639684895370308,0.0145778973752632,-0.891814101307327,0.0181134760549019
wallemia_ichthyophaga_exf_994,-0.652057694138288,0.0124415033041462,-0.906086873028531,0.0135602216506418
wallemia_mellicola_cbs_633_66,-0.575257020649256,0.0129337742315763,-0.921831579815155,0.0143336761870811
wickerhamomyces_anomalus_nrrl_y_366_8,-0.480549642455153,0.0105515896592024,-0.889559461408507,0.0143292386026689
wickerhamomyces_ciferrii,-0.357735603231972,0.012168305649496,-0.847703128554427,0.0157131832428981
xanthophyllomyces_dendrorhous,-0.617444316534492,0.0156923397757836,-0.895887885541809,0.0127704541544112
xylona_heveae_tc161,-0.621997610168566,0.0129246722942601,-0.913844689507317,0.0123443429895953
yarrowia_lipolytica,-0.564640397712922,0.0134670185352478,-0.866831738644578,0.0153133998936769
zygosaccharomyces_bailii_isa1307,-0.604249593293383,0.0146294990658395,-0.953428085024309,0.0129003234107308
zygosaccharomyces_rouxii,-0.481669231326855,0.0142443006776513,-0.859759858705766,0.0144865137599387
zymoseptoria_brevis,-0.7202140639777,0.00885661790022332,-0.92758988043306,0.0111239278180091
zymoseptoria_tritici,-0.701482565759441,0.00915939629408781,-0.94341513088996,0.011059416546977
