species,slope,error,slopeRan,errorRan
absidia_glauca,-0.801449376306236,0.0206696259858664,-0.992571847199827,0.0113814322478565
acidomyces_richmondensis_bfw,-0.802500472234076,0.0139825448623334,-1.00265498318325,0.0157970410749724
acremonium_chrysogenum_atcc_11550,-0.792843746710974,0.0300480758380188,-1.00267852553488,0.0148231298638259
agaricus_bisporus_var_burnettii_jb137_s8,-0.78883546608727,0.0184016768667147,-1.00647700404916,0.0135831840114385
allomyces_macrogynus_atcc_38327,-0.737015431129169,0.0153911916199351,-1.02636394069323,0.00999811134892035
alternaria_alternata,-0.668402161478445,0.0168447103884145,-1.00692973513817,0.0124080032255176
amanita_muscaria_koide_bx008,-0.864616241438506,0.0120230626802697,-1.02874085981789,0.010820476978342
anncaliia_algerae_pra339,-0.93913494198778,0.0268514627680977,-1.05433846801623,0.0266103001253826
anthracocystis_flocculosa_pf_1,-0.844376140456953,0.0306579990783467,-1.00331541091905,0.0214608736187664
arthrobotrys_oligospora_atcc_24927,-0.804295239073742,0.0169163274835669,-1.01488542383369,0.0151104302802542
arthroderma_benhamiae_cbs_112371,-0.688805623437993,0.0225659870863298,-1.04664755855119,0.017009285239472
arthroderma_otae_cbs_113480,-0.732575972529057,0.0169597095027908,-0.993680320273288,0.0168039835132584
aschersonia_aleyrodis_rcef_2490,-0.706666028272824,0.0250740549323887,-1.00229343511768,0.0158147743610355
ascochyta_rabiei,-0.627239724722775,0.0242060712786996,-0.993983893413411,0.0160852112613692
ascoidea_rubescens_dsm_1968,-0.601360393128307,0.0281814807438864,-1.02975707887404,0.0222507065388444
ascosphaera_apis_arsef_7405,-0.758664183565325,0.0254322697852361,-1.03384304591279,0.0217163094383352
ashbya_gossypii,-0.590492772080127,0.0661210528410747,-1.05230895154595,0.0234007976123616
aspergillus_calidoustus,-0.766523923862496,0.015611189397879,-1.03552640457023,0.0108691508602639
aspergillus_clavatus,-0.674741000340637,0.0233675811749227,-0.994687442631617,0.0168492831382719
aspergillus_cristatus,-0.640343777832601,0.022070834928675,-1.03553236133121,0.0162328491329348
aspergillus_flavus,-0.766292255516194,0.013628370849082,-1.01474496411777,0.0136591906753722
aspergillus_fumigatus,-0.785371740497149,0.0191381926799193,-0.98419306323132,0.0160377679145072
aspergillus_lentulus,-0.771390341419573,0.0215610793625613,-1.08511141562343,0.0162409632026355
aspergillus_luchuensis,-0.689813439225666,0.0180274894897815,-1.01893692235345,0.0121360361335602
aspergillus_nidulans,-0.778511907183253,0.0159681175315646,-1.02705832234252,0.0153946265873301
aspergillus_niger,-0.694793258573152,0.0204956952033696,-0.987689072991225,0.0123271185771919
aspergillus_nomius_nrrl_13137,-0.732729846630009,0.0185622246380665,-1.02501878357277,0.0153778188049108
aspergillus_ochraceoroseus,-0.72090941822931,0.0205188339049733,-1.01510873269082,0.0162017386088204
aspergillus_oryzae,-0.775740247025874,0.0144238834403929,-0.987951764682245,0.0126070809308368
aspergillus_parasiticus_su_1,-0.742700014374155,0.0226145481042753,-1.0177783198442,0.0190550645284398
aspergillus_rambellii,-0.721329328788374,0.0208565199103699,-1.03075534811204,0.0168633542501584
aspergillus_ruber_cbs_135680,-0.668711433343127,0.017195732564486,-1.00982654319183,0.0160645331888962
aspergillus_terreus,-0.654522906823778,0.0194988978139698,-1.01572938846796,0.0154578007219443
aspergillus_udagawae,-0.750686369729816,0.0217026663354832,-0.988605064767883,0.0155943909125863
aspergillus_ustus,-0.834374640517816,0.0533970636757094,-0.953288070704151,0.0549176912204819
aureobasidium_melanogenum_cbs_110374,-0.579150039975358,0.0196022916875865,-1.01947724233065,0.0138829991055632
aureobasidium_namibiae_cbs_147_97,-0.62413992000755,0.0196001778402012,-1.02087951739234,0.0145881500763012
aureobasidium_subglaciale_exf_2481,-0.613635243059207,0.0188479373966938,-1.01983397202337,0.0142427942584545
babjeviella_inositovora_nrrl_y_12698,-0.660860004065908,0.0276280484220086,-1.00265018236896,0.0186921456740934
batrachochytrium_dendrobatidis_jam81,-0.861154293531968,0.0188018831794685,-1.01874248529882,0.0145686198178691
baudoinia_panamericana_uamh_10762,-0.825505471051656,0.0151870082384443,-1.04353887547288,0.0146730078809923
beauveria_bassiana_arsef_2860,-0.664667842175593,0.0284654897919934,-1.02479586634879,0.0147879865083478
bipolaris_maydis_c5,-0.697764224454238,0.0164486408294801,-1.02401659057952,0.0130856719308362
bipolaris_oryzae_atcc_44560,-0.65715000894422,0.019219283531785,-0.991020528713038,0.0123436686553478
bipolaris_sorokiniana_nd90pr,-0.654786335422428,0.0161582754402112,-1.02731150315648,0.0136143351479496
bipolaris_victoriae_fi3,-0.640161418353855,0.0156467533154449,-1.02381201522003,0.0155205005865702
bipolaris_zeicola_26_r_13,-0.631020316900074,0.0161824181307675,-0.997512009773627,0.0140013315436431
blastomyces_dermatitidis_er_3,-0.743731371209611,0.0209207108199669,-1.01097687800287,0.0129814497616731
blastomyces_gilchristii_slh14081,-0.788710718437187,0.0194421399932357,-0.990291594850995,0.0144753183483247
blumeria_graminis,-0.875515117471913,0.0230942839403469,-0.988148750592515,0.0201491720693721
botryobasidium_botryosum_fd_172_ss1,-0.795967801736184,0.0132612106337147,-1.00337392895802,0.0102524325300721
botrytis_cinerea,-0.772033314158737,0.0158424281827223,-1.01249152135194,0.0135327666304791
brettanomyces_bruxellensis_awri1499,-0.649353683154256,0.0265985637601574,-1.01986517436242,0.0221396849621184
byssochlamys_spectabilis_no_5,-0.738156498097179,0.0243833717783558,-1.01445696866429,0.0182589897274067
calocera_cornea_hhb12733,-0.551303794457819,0.0182961650610844,-1.00483881749503,0.0112927032597815
calocera_viscosa_tufc12733,-0.657404222597351,0.0168507516770368,-1.02281260381939,0.0131409489923725
candida_albicans_wo_1,-0.558307137487543,0.0373479318218147,-1.00749879102857,0.0232026425372224
candida_arabinofermentans_nrrl_yb_2248,-0.499254254292272,0.0394416198826537,-0.991678934646174,0.0204413591948021
_candida_auris,-0.637637621154427,0.0304031189769109,-1.00092283061539,0.019994233619146
candida_dubliniensis_cd36,-0.49789746869959,0.0389366844368968,-1.01135796202296,0.0221860462144054
_candida_glabrata,-0.512545657867621,0.0378693106722635,-0.998098747321983,0.0258141762157667
candida_maltosa_xu316,-0.754834857478991,0.0303440335615727,-1.01977562773488,0.0188466410459011
candida_orthopsilosis_co_90_125,-0.758414893457513,0.0303170604519835,-1.03905169697721,0.0246890670256984
candida_parapsilosis_cdc317,-0.817614754233717,0.0283782496941797,-0.992831297607332,0.0235013934710051
candida_tanzawaensis_nrrl_y_17324,-0.500021650645959,0.045878184061883,-0.976163504496717,0.022443360287862
_candida_tenuis_atcc_10573,-0.737146583228615,0.029301263114134,-1.02027509866437,0.0215553363196512
candida_tropicalis_mya_3404,-0.722311334697477,0.0471458521265757,-0.972630603572294,0.0236702484895344
capronia_coronata_cbs_617_96,-0.851179841197107,0.0180310040288393,-1.03257492617199,0.0177015626836121
capronia_epimyces_cbs_606_96,-0.793868690130588,0.0187877687606808,-1.0089418031777,0.0166381176863936
capronia_semi_immersa,-0.827683559781278,0.015549217146582,-1.00509749218868,0.0154629337880737
ceraceosorus_bombacis,-0.834966086305795,0.0199113231691894,-0.997865692239871,0.0184027647069155
ceratocystis_platani,-0.803073871634226,0.0291560488233668,-1.02499264957111,0.0206502994574978
cercospora_fijiensis_cirad86,-0.736882424669946,0.0150440270396638,-1.0188969716455,0.0135354834276052
chaetomium_globosum_cbs_148_51,-0.660997077577342,0.0195990035956101,-1.01926376930822,0.015065056504908
chaetomium_thermophilum_var_thermophilum_dsm_1495,-0.684659289999554,0.0217858974080064,-1.03160596454398,0.0196869239950141
choanephora_cucurbitarum,-0.757040558408485,0.0227241344902745,-0.974597241243369,0.0126367119884986
cladophialophora_bantiana_cbs_173_52,-0.876660575892129,0.0173751049095793,-0.998662613783467,0.0138956203067289
cladophialophora_carrionii_cbs_160_54,-0.877695494473084,0.0197853721383059,-0.994369741012824,0.0138649321016504
cladophialophora_immunda,-0.804744741761014,0.0197543284990687,-1.01369235850382,0.0142851075995288
cladophialophora_psammophila_cbs_110553,-0.844810614449935,0.0153127165191216,-0.98872370874145,0.0126069061931371
cladophialophora_yegresii_cbs_114405,-0.848116567903386,0.016997181955735,-0.990584445194309,0.0150502985905446
claviceps_purpurea_20_1,-0.806956829830051,0.0183214071751304,-1.00942644395841,0.0151712584112924
clavispora_lusitaniae_atcc_42720,-0.650939911903261,0.025213552127115,-1.00991891368402,0.0198425904397464
coccidioides_immitis_rs,-0.83652405866783,0.0164254383774828,-1.00066026675089,0.0141349699128188
coccidioides_posadasii_str_silveira,-0.827097866769753,0.0171744668305533,-1.00708611856429,0.0134810816908007
colletotrichum_fioriniae_pj7,-0.589274576335294,0.0235609849155723,-1.03304383375352,0.0121076970755263
colletotrichum_gloeosporioides,-0.581358084174594,0.0320092518891578,-1.01680070613866,0.0123341860730042
colletotrichum_graminicola,-0.638021204014603,0.0260235092430763,-0.999576256673014,0.0114324779492279
colletotrichum_higginsianum,-0.583799047903904,0.0257263857425309,-1.0467761241975,0.0113598229961478
colletotrichum_incanum,-0.574184637886734,0.0205665709722573,-1.01062552696562,0.0147786261010267
colletotrichum_nymphaeae_sa_01,-0.56845045171172,0.0218706488360542,-1.00728368703876,0.0130700543477281
colletotrichum_orbiculare,-0.636302392652566,0.0231454574553881,-1.00563833470044,0.0116306874473955
colletotrichum_salicis,-0.603847715946999,0.0191849868049998,-1.00688169809978,0.0123661280425115
colletotrichum_simmondsii,-0.580952576967176,0.022612160708269,-0.997934134045896,0.0125493214150557
colletotrichum_sublineola,-0.610183676104906,0.0239088472952898,-1.02291374543962,0.0124142455170409
colletotrichum_tofieldiae,-0.534607810390835,0.0265048715904981,-1.0365325533313,0.0136471135546512
conidiobolus_coronatus_nrrl_28638,-0.769435660150519,0.017285854847388,-0.982924025983427,0.0127862374648619
coniophora_puteana_rwd_64_598_ss2,-0.65968252957011,0.0449810172587602,-0.975968431530161,0.0456425976072898
coniosporium_apollinis_cbs_100218,-0.828608747505638,0.0208550383298249,-1.01429566765008,0.0151028575340007
coprinopsis_cinerea_okayama7_130,-0.79287487922644,0.0147934561467039,-1.00371606366873,0.0128948891511745
cordyceps_brongniartii_rcef_3172,-0.702155551877671,0.0326700083380717,-1.01083943276087,0.0141957030237344
cordyceps_confragosa_rcef_1005,-0.571592999446975,0.0331372305499347,-1.01616959123619,0.0159222337585967
cordyceps_militaris_cm01,-0.59985541949927,0.0349572519124098,-1.01542773797258,0.0156528829921196
cryptococcus_amylolentus_cbs_6039,-0.713761671145003,0.0198594772466058,-1.01589611813421,0.0146248694734069
cryptococcus_depauperatus_cbs_7855,-0.872931178496654,0.0258066143509634,-1.03194458070975,0.022305978715182
cryptococcus_gattii_ca1873,-0.789166621180972,0.0264386688593767,-1.01197110967986,0.0196493186958613
cryptococcus_gattii_vgii_mmrl2647,-0.768734297852839,0.0240198816625099,-1.01159963293427,0.0259663932714278
cryptococcus_gattii_vgiv_ind107,-0.860461383151975,0.0250454443751515,-1.01390837753382,0.0199553754700447
cryptococcus_gattii_wm276,-0.756227385255703,0.0245680128009885,-1.03979907428231,0.0219239843496638
cryptococcus_neoformans,-0.693632910849962,0.0238199915030997,-1.00362602458943,0.0225105191942559
cutaneotrichosporon_oleaginosus,-0.703155740559884,0.0254036297878706,-1.01559441520145,0.0158291905348594
cyberlindnera_jadinii,-0.657792316616342,0.0343222095575927,-1.01178297102625,0.0216395546406091
cylindrobasidium_torrendii_fp15055_ss_10,-0.786057434651415,0.0139653922392374,-1.02826973004297,0.0122315107167364
cyphellophora_europaea_cbs_101466,-0.820060957397844,0.0223018678929669,-1.00943995869056,0.0132932007605937
dactylellina_haptotyla_cbs_200_50,-0.689005508455768,0.0209684712604506,-1.04515142270028,0.0164350578844648
daedalea_quercina_l_15889,-0.685045214361744,0.0149713454562833,-0.988109890030104,0.0120079758594182
debaryomyces_fabryi,-0.717192699010697,0.0263205355779582,-1.08486015305545,0.0250078433491584
debaryomyces_hansenii_cbs767,-0.667919868260086,0.0259871174258426,-0.96754838304243,0.0205674070703784
diaporthe_ampelina,-0.780355656739762,0.0340710918560123,-1.05923246135825,0.0141973000553699
diaporthe_helianthi,-0.70318449560238,0.0236546083639138,-1.02119363223977,0.0115807504199218
dichomitus_squalens_lyad_421_ss1,-0.688902073064736,0.0178492041415074,-1.06003238726603,0.0158400431568922
diplodia_seriata,-0.744264568479467,0.0305801621127359,-0.982594808394049,0.0135558923033813
dothistroma_septosporum,-0.817099385844754,0.0147288829578972,-1.00629782479442,0.0127767318977947
drechmeria_coniospora,-0.71761847869431,0.0251547106296491,-1.0617882131666,0.0167244655403217
drechslerella_stenobrocha_248,-0.83329223234191,0.0325036067828224,-0.959597836958016,0.0191966861418548
edhazardia_aedis_usnm_41457,-0.82481719162442,0.0236012742153987,-0.97151237871394,0.0183584947284495
emmonsia_crescens_uamh_3008,-0.824516055399172,0.0182707238824883,-1.0300091027266,0.0149684204464444
emmonsia_parva_uamh_139,-0.727661159242078,0.0205224994319386,-1.01633038242847,0.0168919520164552
emmonsia_sp_cac_2015a,-0.821279207845311,0.0188884408930831,-1.00238943039202,0.0147296430388006
encephalitozoon_cuniculi_gb_m1,-0.773235265387027,0.0393397415951457,-1.06643562135824,0.0311316070996941
encephalitozoon_hellem_atcc_50504,-0.776270195998301,0.0343541820962791,-1.04202434171102,0.0353654886713191
encephalitozoon_intestinalis_atcc_50506,-0.919076371293854,0.0323018531685401,-1.01526280627528,0.0357427883039707
encephalitozoon_romaleae_sj_2008,-0.883507342445738,0.0373191532055377,-1.00347736038426,0.0347525150405198
endocarpon_pusillum_z07020,-0.876964891809373,0.0213843457216934,-1.01371724387261,0.0158751056637588
enterocytozoon_bieneusi_h348,-0.377974926846117,0.0354362993800295,-1.02076768194711,0.0204663233659071
eremothecium_cymbalariae_dbvpg_7215,-0.718260865093332,0.0288819155608628,-1.02905554519428,0.0283299218307692
eremothecium_sinecaudum,-0.72769026331221,0.0274759005169444,-1.04653879801812,0.0296379495770415
erysiphe_necator,-0.922207298869978,0.0240163667703501,-0.98999485809414,0.020284662170498
escovopsis_weberi,-0.875664913903087,0.0338481140539528,-1.06893332128038,0.0175268490700858
eutypa_lata_ucrel1,-0.631861967457557,0.0299320641090096,-1.0051414701165,0.0132243879267773
exidia_glandulosa_hhb12029,-0.72657689685498,0.0116501310605672,-1.01597470089007,0.00763831552336304
exophiala_aquamarina_cbs_119918,-0.864238070700024,0.0159996388864094,-1.01623668103727,0.0130076803585716
exophiala_dermatitidis_nih_ut8656,-0.835351739767018,0.0194739987175431,-1.02488125882381,0.0160606772116307
exophiala_mesophila,-0.871110234779551,0.0185997424146771,-1.03518361534835,0.0163960751205171
exophiala_oligosperma,-0.725247901484582,0.0176691032595618,-1.00667847975089,0.0144606095287552
exophiala_sideris,-0.840306981577095,0.0196292787397985,-1.02289917595136,0.0152398401265375
exophiala_spinifera,-0.758687093287707,0.020947091437808,-0.996970844411917,0.0140165409635165
exophiala_xenobiotica,-0.877640034218239,0.019026427883435,-1.0278049093476,0.0163250350989591
fibroporia_radiculosa,-0.77346992842076,0.0217491242943126,-1.01749029224473,0.0180278722697241
fibulorhizoctonia_sp_cbs_109695,-0.693867267131974,0.00981320137010896,-1.00244718134223,0.00654939807838923
fistulina_hepatica_atcc_64428,-0.811181390038599,0.0151346159632328,-1.01419175088909,0.0139512018251899
fomitiporia_mediterranea_mf3_22,-0.761400216970666,0.0580747686493921,-0.99750961967725,0.0554477200573743
fomitopsis_pinicola_fp_58527_ss1,-0.737823167995563,0.0137102482600308,-0.990042779573378,0.0103545144009552
fonsecaea_erecta,-0.755979862440598,0.0274587330916176,-1.02054233734855,0.0143341207503003
fonsecaea_monophora,-0.765285418784108,0.0226945758192171,-0.978511916538896,0.0165038714928914
fonsecaea_multimorphosa_cbs_102226,-0.798689226616249,0.0212924863346229,-0.993885108837964,0.0149383231306056
fonsecaea_nubica,-0.803069048407443,0.0244554659680393,-1.028106935508,0.0146062762109099
fonsecaea_pedrosoi_cbs_271_37,-0.778667865453158,0.0219374165887689,-1.01452733732098,0.0136692937974876
fusarium_culmorum,-0.630742112011334,0.0200027752676416,-1.04468574510732,0.0155479551160707
fusarium_fujikuroi,-0.695500231934495,0.0185954887523559,-1.02087194598447,0.0114005214683119
fusarium_graminearum,-0.627512438324026,0.0180553220279615,-1.01214675861588,0.0122908186171838
fusarium_langsethiae,-0.686081309932378,0.0229340550920012,-0.997237469998257,0.0148244131013845
fusarium_oxysporum,-0.758031545242386,0.0138520571809335,-1.01027076829797,0.0103855196169183
fusarium_poae,-0.669474611022226,0.0184561476025658,-0.982515763613916,0.0120241391577768
fusarium_pseudograminearum,-0.616193115519053,0.0217797128153069,-1.02400558117199,0.0166785384601593
fusarium_solani,-0.674303436283912,0.0208723337625748,-1.01533520382309,0.0135510169216659
fusarium_verticillioides,-0.724914464420206,0.0151383572874123,-1.00755910407861,0.0122662408308302
gaeumannomyces_graminis,-0.587897157074762,0.0302121931968168,-1.01612920875936,0.0111406125088785
galerina_marginata_cbs_339_88,-0.808161844090525,0.0112023098457046,-1.00677770923171,0.00919958731511357
gelatoporia_subvermispora_b,-0.693013010202317,0.0151334838648492,-0.989769873565158,0.0126865069175797
geotrichum_candidum,-0.662755473047996,0.0373397304293606,-1.01529210026588,0.0196423837642613
glarea_lozoyensis_74030,-0.767781566611718,0.0159488726913457,-1.03783532816606,0.0164005009841681
gloeophyllum_trabeum_atcc_11539,-0.642316715923528,0.0167826254953816,-1.00218124484717,0.0127290658233838
gonapodya_prolifera_jel478,-0.740499359445029,0.0145227024289655,-0.990497283435006,0.0111931190017705
grifola_frondosa,-0.773382418562343,0.0126423344217592,-1.01972748609881,0.0112705424641269
grosmannia_clavigera_kw1407,-0.717400176509066,0.022561393585255,-0.986569638860522,0.0152438015365539
gymnopus_luxurians_fd_317_m1,-0.817399464311554,0.0126887039817534,-0.99720550796997,0.0111262516443919
hanseniaspora_opuntiae,-0.491370682631886,0.0483061330206462,-0.980594979323102,0.0302488246533081
hanseniaspora_osmophila,-0.622119084797033,0.0424264316361479,-1.04087196283704,0.0310512754693217
hanseniaspora_uvarum_dsm_2768,-0.72939984176102,0.0475393534234046,-0.995410937442426,0.0356670381104486
hanseniaspora_valbyensis_nrrl_y_1626,-0.780795781195777,0.0297040671674773,-1.07557741469382,0.0273527897862795
hebeloma_cylindrosporum_h7,-0.859392390023632,0.0133879232257511,-0.992314638818651,0.0122471808889169
heterobasidion_irregulare_tc_32_1,-0.627945151072753,0.0146601956569708,-1.01621504706752,0.0126889442180339
hirsutella_minnesotensis_3608,-0.672158978664264,0.0274438940580536,-0.990211618692657,0.0150396943491106
histoplasma_capsulatum_nam1,-0.785140749979851,0.0193162728270567,-1.03605751825498,0.0146244175158358
hydnomerulius_pinastri_md_312,-0.834706410553237,0.0161129581217252,-1.00438060294276,0.0152179481857664
hypholoma_sublateritium_fd_334_ss_4,-0.650885682399404,0.0148495681885171,-0.989978760061785,0.00942431318111671
hyphopichia_burtonii_nrrl_y_1933,-0.668585911703806,0.0306608302637615,-1.0370547308049,0.0250397739398493
hypsizygus_marmoreus,-0.854155872282041,0.0132013709586079,-1.00743719961637,0.0106590770527729
isaria_fumosorosea_arsef_2679,-0.651800172825523,0.0439436131554998,-0.976436939646514,0.0121072678037695
jaapia_argillacea_mucl_33604,-0.820297482642184,0.0123746159363498,-1.00644431981128,0.0107500635535181
kalmanozyma_brasiliensis_ghg001,-0.728245846719502,0.0237929020229616,-1.02027378355618,0.0198389555277304
kazachstania_africana_cbs_2517,-0.662407964637673,0.0285846635823502,-0.992316276511882,0.0219242595368213
kazachstania_naganishii_cbs_8797,-0.503638301907011,0.0471965644210414,-0.983318423389966,0.0228094192960132
kluyveromyces_lactis,-0.736264199091967,0.0338120780608814,-1.08543460331722,0.0251138131702621
kluyveromyces_marxianus_dmku3_1042,-0.559667331200294,0.0297736391104676,-0.994412417886908,0.0273906589190135
komagataella_pastoris,-0.863964664009861,0.0282245976774127,-0.981022974206113,0.026798444852161
komagataella_phaffii_cbs_7435,-0.875101000881983,0.0257038670432158,-1.01652068947443,0.0217987535267964
kuraishia_capsulata_cbs_1993,-0.745874576574041,0.0224337632421331,-1.01448301517323,0.024375178069028
kwoniella_bestiolae_cbs_10118,-0.797566621363166,0.0191711125288009,-1.01326681992579,0.0149353626374323
kwoniella_dejecticola_cbs_10117,-0.812100697034602,0.0185278859594515,-0.983163643531756,0.0169892192837915
kwoniella_heveanensis_cbs_569,-0.807474773865404,0.0252358782156151,-1.02002156052919,0.0171271123210156
kwoniella_mangroviensis_cbs_8886,-0.763992013165344,0.0190097587341558,-1.01481607377901,0.0160749914264689
kwoniella_pini_cbs_10737,-0.486181131125185,0.0398823959425268,-1.01407695710881,0.0201002632679623
laccaria_amethystina_laam_08_1,-0.795947432514973,0.0134863327703695,-1.00859065278806,0.010176551818625
laccaria_bicolor_s238n_h82,-0.839352259983872,0.0140637464735159,-0.988729471065688,0.01021830046752
lachancea_lanzarotensis,-0.803096167811686,0.0278097233330531,-0.99878406903779,0.0263778578891193
lachancea_thermotolerans_cbs_6340,-0.585178187268069,0.0416072409177078,-1.00449392960192,0.0251200671756289
laetiporus_sulphureus_93_53,-0.758929080984864,0.0143905797156809,-0.990478170485089,0.0121664027425556
leptosphaeria_maculans,-0.740825292463794,0.0160461083467319,-1.00421623174516,0.0129670363621912
leucoagaricus_sp_symc_cos,-0.730699472276798,0.0524483309771301,-0.980973573717575,0.0537383369724546
lichtheimia_corymbifera_jmrc_fsu_9682,-0.822306585356606,0.0183642995828123,-1.01651361763955,0.0132023835585064
lichtheimia_ramosa,-0.795428459462443,0.020869181693619,-0.982920664425869,0.0140669232816207
lipomyces_starkeyi_nrrl_y_11557,-0.758828461241258,0.01928291526809,-0.99700344102349,0.0166590203263474
lodderomyces_elongisporus_nrrl_yb_4239,-0.780604751051402,0.0262881229466939,-1.03508849185674,0.0236595222993717
macrophomina_phaseolina_ms6,-0.564387430656715,0.0169742450585733,-1.01948242010927,0.0121682258372435
madurella_mycetomatis,-0.80019474937786,0.0208487067225446,-1.0511369260089,0.0144810928590268
magnaporthe_oryzae,-0.573017448645639,0.0250203983342492,-1.0142984708326,0.0123110566391202
magnaporthe_poae,-0.661447613553979,0.0222447101060795,-1.01516746475001,0.0111988366705376
malassezia_pachydermatis,-0.564302041989375,0.0286080579609068,-1.01329296757909,0.0221411238508546
malassezia_sympodialis_atcc_42132,-0.530816918074173,0.0308817764376815,-1.013156754821,0.0252169082430842
marssonina_brunnea_f_sp_multigermtubi_mb_m1,-0.6642342036522,0.0194619913440615,-1.00671507168534,0.0145140310202996
melampsora_laricipopulina,-0.591292209413362,0.0175721349561893,-1.03498224544326,0.0110648687872862
metarhizium_acridum_cqma_102,-0.726612708967554,0.0262743917599824,-0.992194358937631,0.0156077260765603
metarhizium_album_arsef_1941,-0.654192283118144,0.0363001293526468,-0.998582153709662,0.0150061371874531
metarhizium_anisopliae_arsef_23,-0.651726890705525,0.0257150735025786,-1.00840959167421,0.0134272962413244
metarhizium_anisopliae,-0.654780981054305,0.0278538451477722,-0.985763952536231,0.0142785586998936
metarhizium_brunneum_arsef_3297,-0.631364001567417,0.0302493069175644,-0.987666953461233,0.0153376683351931
metarhizium_guizhouense_arsef_977,-0.686362421452927,0.0272057902969531,-1.01694080357414,0.0137779561236359
metarhizium_majus_arsef_297,-0.678803470338316,0.0284775774058259,-0.996059483981156,0.0143406624931046
metarhizium_rileyi_rcef_4871,-0.723130133157613,0.027834231727757,-1.03902355598861,0.0187221982149225
metschnikowia_bicuspidata_var_bicuspidata_nrrl_yb_4993,-0.379951376945281,0.0268382456212715,-0.997208757722785,0.0203807854546867
meyerozyma_guilliermondii_atcc_6260,-0.716872075593993,0.0229978520511224,-1.03802669501103,0.0250400746108252
microbotryum_violaceum,-0.719903042512413,0.0218741163180494,-1.05131909689559,0.0200133507067261
microdochium_bolleyi,-0.609675885909436,0.031503925261249,-1.02184552125035,0.0119574540982188
microsporum_gypseum_cbs_118893,-0.706862913310287,0.0216860457588096,-1.04091176287733,0.0161083017341608
millerozyma_farinosa_cbs_7064,-0.693877571884064,0.0340926907851295,-0.969828201005095,0.0171768754462736
mitosporidium_daphniae,-0.938323208614627,0.0229526026946237,-1.0677979228634,0.0246115959332663
mixia_osmundae_iam_14324,-0.935123246657562,0.023919911815807,-1.01816512464387,0.0160289941357264
moesziomyces_antarcticus,-0.621859427848776,0.0284819392116448,-1.01268785902107,0.023877052801885
moesziomyces_aphidis_dsm_70725,-0.650546491015601,0.0240920072940706,-1.01252362304773,0.0194184751887422
moniliophthora_perniciosa_fa553,-0.836487950339631,0.0138755230197545,-1.01456675833792,0.0160381736820469
moniliophthora_roreri_mca_2997,-0.849512498082767,0.0121334948206819,-1.02483558950342,0.0102101867162284
mortierella_elongata_ag_77,-0.616378022985221,0.0184187970221459,-0.991385583582801,0.0107057947332535
mortierella_verticillata_nrrl_6337,-0.594406305119396,0.043674001701912,-1.09659780527405,0.0434671807747492
mucor_ambiguus,-0.800000478503014,0.0286811538158629,-1.00437207032594,0.0131928481146857
mucor_circinelloides_f_circinelloides_1006phl,-0.780745532959517,0.0272809184733878,-1.01305748219835,0.0142720229987938
myceliophthora_thermophila_atcc_42464,-0.652899891933666,0.0266982713750826,-1.02417331936817,0.0157514153173837
mycosphaerella_eumusae,-0.76967813456434,0.0142548047687216,-1.04451518646482,0.0133945412233474
nadsonia_fulvescens_var_elongata_dsm_6958,-0.665250723701839,0.0261202603041969,-1.00552551751131,0.0247380129693111
naumovozyma_castellii_cbs_4309,-0.693528830573157,0.0349683235703778,-1.01899826382427,0.0223331363556093
naumovozyma_dairenensis_cbs_421,-0.764659346956954,0.0297715952095914,-1.02903355690166,0.0247714588440133
nematocida_parisii_ertm3,-0.671172308060722,0.0370496162061018,-0.995160278011937,0.029521201751315
nematocida_sp_1_ertm2,-0.657324966922598,0.0297964613354512,-1.05975059101625,0.0312425624821887
neofusicoccum_parvum_ucrnp2,-0.78684376579433,0.0356565437238769,-0.995777051795214,0.0141654613057867
neolentinus_lepideus_hhb14362_ss_1,-0.704592219234841,0.0139051477073603,-0.998839487605851,0.0116082660147705
neonectria_ditissima,-0.610059338012265,0.0320799358805155,-0.992341082105962,0.0134843237442653
neosartorya_fischeri,-0.762173219414914,0.0195454354266666,-1.02210474140408,0.0135556258029377
neurospora_crassa,-0.656391773573603,0.0228652343475408,-1.02892221127336,0.0148727274194101
neurospora_tetrasperma_fgsc_2509,-0.580147689589121,0.0191170094879707,-1.01068503152362,0.0134782460205165
nosema_apis_brl_01,-0.822422559684562,0.0373216453893924,-1.07581996438394,0.0298496546296109
nosema_bombycis_cq1,-0.788255288202228,0.0259462631505629,-1.05496465158906,0.0189957615887396
nosema_ceranae_brl01,-0.939185742632061,0.0365051325308241,-1.07413888200206,0.0350500943305862
ogataea_parapolymorpha_dl_1,-0.671833709962591,0.0274156817492166,-1.05477294503311,0.0233736507243039
ogataea_polymorpha,-0.665800629040734,0.0272598060431045,-1.02378811585191,0.0249825593000742
oidiodendron_maius_zn,-0.790019456298261,0.0123399108687507,-1.00704216599059,0.0116967759823334
ophiocordyceps_sinensis_co18,-0.806791441496029,0.0268657398464877,-1.01027937818775,0.0147053194040674
ophiocordyceps_unilateralis,-0.774947569318682,0.0202448941420798,-1.04052826722737,0.0173682750437016
ophiostoma_piceae_uamh_11346,-0.697160546852955,0.0361086374802467,-0.966083010564788,0.0157704561319537
ordospora_colligata_oc4,-0.735983361679758,0.0399727997967657,-1.09077870069803,0.0330496618618302
pachysolen_tannophilus_nrrl_y_2460,-0.85548577322735,0.0343761743260216,-1.0312697925113,0.0227021068732229
paracoccidioides_brasiliensis_pb18,-0.863539943210144,0.0187125676314805,-1.02370263351136,0.0173562397255584
paracoccidioides_sp_lutzii_pb01,-0.823779536327496,0.0166616215606727,-1.03709173410788,0.0159051625732134
paraphaeosphaeria_sporulosa,-0.660791883368166,0.0142974319675765,-1.00254322808924,0.0124913126327313
parasitella_parasitica,-0.855195223602223,0.0289515619633648,-0.989708652907061,0.0122494025983342
paxillus_involutus_atcc_200175,-0.855533578852077,0.0153672391920679,-1.01130201186704,0.0113732468870173
paxillus_rubicundulus_ve08_2h10,-0.826568291638885,0.0137263144106627,-0.993417649708075,0.00925984135940805
penicillium_brasilianum,-0.658489430632699,0.0204524690195225,-1.02088639530562,0.0143127604777167
penicillium_camemberti_fm_013,-0.670505281700345,0.0153907060259366,-1.01329119600156,0.012114005130983
penicillium_chrysogenum,-0.695531993395424,0.0201637347411499,-1.03688979061037,0.0162402723936807
penicillium_digitatum_phi26,-0.710260286876963,0.0202732940521591,-1.01892685534306,0.0175967296735937
penicillium_expansum,-0.669724180012817,0.0195704915206296,-1.01253865188568,0.0151943471873831
penicillium_freii,-0.664931782838889,0.0175649785545783,-1.03116506632653,0.0132356921599504
penicillium_griseofulvum,-0.695229178961069,0.0216301752924038,-0.989467955232093,0.0154350156053902
penicillium_italicum,-0.632001105924424,0.02058594346678,-1.02286806597628,0.0155972501466224
penicillium_nordicum,-0.650856253232227,0.0176071416451687,-0.989525214138006,0.0135008421143852
penicillium_oxalicum_114_2,-0.70417040538298,0.0166446325212206,-0.975884781285375,0.015176373173039
penicillium_roqueforti_fm164,-0.704282918404789,0.017016538824278,-0.989538296499972,0.0132090775269154
penicillium_rubens_wisconsin_54_1255,-0.679749598563671,0.0177549245530223,-1.0171613454021,0.0137047044371609
peniophora_sp_cont,-0.726722574457252,0.0132375931138047,-0.992188868601755,0.00926727724659356
pestalotiopsis_fici_w106_1,-0.704105186532271,0.0256083255046304,-1.03668589533356,0.0134876781665769
phaeoacremonium_minimum_ucrpa7,-0.714598869598071,0.0280297819258298,-1.02213648568752,0.0150485549923501
phaeomoniella_chlamydospora,-0.788175014083565,0.0226562492982659,-0.996680659621834,0.0235577344455953
phaeosphaeria_nodorum,-0.689773899314384,0.0150613332358045,-1.01313841865643,0.0139208749178573
phanerochaete_carnosa_hhb_10118_sp,-0.746672444990583,0.0126189465457723,-1.01664829007052,0.0141977787608935
phialocephala_scopiformis,-0.778031359223071,0.0128628343698748,-1.00051830199314,0.00999942500465311
phialophora_attae,-0.847493694020737,0.0162187568215443,-0.985804356877891,0.0134561242732859
phlebiopsis_gigantea_11061_1_cr5_6,-0.636078757515296,0.0161219868333871,-1.01012008382198,0.0125501255702655
phycomyces_blakesleeanus_nrrl_1555_,-0.787265630535524,0.0189378604204355,-1.03365193035025,0.0101858645088352
pichia_kudriavzevii,-0.686096527755126,0.0273023373321148,-1.01525921485551,0.0210853863545268
pichia_membranifaciens_nrrl_y_2026,-0.334167291311554,0.050792712885925,-1.04787248421268,0.0228895885554822
piloderma_croceum_f_1598,-0.865289258166142,0.0115960449265462,-1.03080485463416,0.0102639587321605
pisolithus_microcarpus_441,-0.895966155458687,0.01168946771592,-1.01220858402967,0.00953894542820541
pisolithus_tinctorius_marx_270,-0.824575768975617,0.0139129878227506,-0.977348875436956,0.00974589082905869
pleurotus_ostreatus_pc15,-0.841397934956524,0.0153618106486616,-1.00727589148001,0.0122320368824962
plicaturopsis_crispa_fd_325_ss_3,-0.735806358419316,0.0255242282548723,-1.06773601691855,0.024574494659755
pneumocystis_carinii_b80,-1.00898635372597,0.0286740128594412,-1.03332678783131,0.026558418807427
pneumocystis_jirovecii_ru7,-0.759308910824235,0.0309046322017549,-1.04935564495603,0.0259787471604683
pneumocystis_murina_b123,-0.921656903601167,0.0240769989364747,-1.06835723577211,0.0220262130788298
pochonia_chlamydosporia_170,-0.75355431840423,0.0145479729113682,-1.00419923371846,0.0118555339765427
podospora_anserina_s_mat_,-0.623361836443072,0.0194810508895739,-1.01829886359125,0.0153213696717671
postia_placenta_mad_698_r,-0.779141359283161,0.0191297260663129,-1.02015314933382,0.0167988827392648
pseudocercospora_musae,-0.805386512054637,0.0174017999447869,-0.993325777333798,0.013760671359918
pseudogymnoascus_destructans_20631_21,-0.602955541970526,0.0192509478231365,-1.01560464467358,0.0153860004945748
pseudogymnoascus_sp_03vt05,-0.636370370916408,0.0213212377357453,-0.99684794107475,0.0149267854031025
pseudogymnoascus_sp_05ny08,-0.66563306813839,0.021703271255999,-1.00887423393331,0.0146911102444036
pseudogymnoascus_sp_23342_1_i1,-0.61702649484184,0.0215855920716824,-1.04071175558027,0.0138753891746534
pseudogymnoascus_sp_24mn13,-0.649250074404557,0.0214456894787157,-1.02460581694135,0.0163121985124564
pseudogymnoascus_sp_vkm_f_103,-0.664166812789722,0.0205792537147422,-1.04449947075846,0.0169563086507462
pseudogymnoascus_sp_vkm_f_3557,-0.605538793592519,0.0212707510935189,-0.982643147554858,0.0149644416371567
pseudogymnoascus_sp_vkm_f_3775,-0.673699584498093,0.0260531029332081,-1.01580528326282,0.0157638288998283
pseudogymnoascus_sp_vkm_f_3808,-0.599744014257863,0.019219432286509,-1.01418421631148,0.0142541680204881
pseudogymnoascus_sp_vkm_f_4246,-0.61782795409841,0.0241639811356939,-1.0898643247852,0.0186094977291404
pseudogymnoascus_sp_vkm_f_4281_fw_2241_,-0.630162859671522,0.0235599866633107,-0.9705321429849,0.0154367387042064
pseudogymnoascus_sp_vkm_f_4513_fw_928_,-0.621613069336064,0.0236382640215898,-0.957855811386711,0.0149694759822964
pseudogymnoascus_sp_vkm_f_4514_fw_929_,-0.607316402943354,0.0223944050622598,-1.03544635040416,0.0155924861885813
pseudogymnoascus_sp_vkm_f_4515_fw_2607_,-0.631863117131517,0.0178405070434676,-1.02151563653293,0.0162412404823738
pseudogymnoascus_sp_vkm_f_4516_fw_969_,-0.616421630751333,0.020133732680468,-1.06251752005605,0.0169822362489418
pseudogymnoascus_sp_vkm_f_4517_fw_2822_,-0.610421782613046,0.0166910122565196,-1.02707022825006,0.0157391196447388
pseudogymnoascus_sp_vkm_f_4518_fw_2643_,-0.625903174748789,0.0173161357632133,-0.986823362921859,0.0138234662036236
pseudogymnoascus_sp_vkm_f_4519_fw_2642_,-0.640992809102369,0.0181998988957078,-1.01403041382088,0.0153097117052809
pseudogymnoascus_sp_vkm_f_4520_fw_2644_,-0.657948207062624,0.0178959302440205,-1.02721476376612,0.0157857757400558
pseudogymnoascus_sp_wsf_3629,-0.670664401716849,0.0200869120652928,-0.987661383703116,0.0137016155255526
pseudogymnoascus_verrucosus,-0.691753523996285,0.0213888933998636,-1.01468605194096,0.0154205264664753
pseudoloma_neurophilia,-0.775296787498223,0.0288950841011751,-0.994732101437001,0.0229813717099657
pseudozyma_hubeiensis_sy62,-0.657876819144705,0.0261470135138702,-1.04714304354844,0.0170828873858471
puccinia_graminis,-0.795414438971812,0.0137525152201742,-1.01879899981527,0.0109849888895661
puccinia_sorghi,-0.804806865360598,0.0168623408063428,-1.00257862969863,0.00930195425353063
puccinia_striiformis,-0.733913868474295,0.0132703040074171,-0.987672042378273,0.0092014531382593
puccinia_triticina,-0.664218586069252,0.0181559231153632,-0.993598505755467,0.0128094507662226
punctularia_strigosozonata_hhb_11173_ss5,-0.68082355996748,0.0298160496433486,-1.06895738578167,0.029583500834588
purpureocillium_lilacinum,-0.536336477990148,0.0276200156658731,-1.0230215681215,0.0122844096903947
pyrenochaeta_sp_ds3say3a,-0.702154709781694,0.0162618317093447,-0.986473023421116,0.0126407158113474
pyrenophora_teres,-0.732526272132667,0.0163781825017954,-0.995052471717483,0.0139523088268147
pyrenophora_triticirepentis,-0.726273472546725,0.0165346831480086,-0.989675628204193,0.0124296968749545
pyronema_omphalodes_cbs_100304,-0.541968936333534,0.0204945520444883,-0.996164301917303,0.0128561051938122
rasamsonia_emersonii_cbs_393_64,-0.650775911408556,0.0187898984895973,-1.02296069063724,0.0164033573776594
rhinocladiella_mackenziei_cbs_650_93,-0.899614037997581,0.0167362551819918,-1.02792586189769,0.014887461761434
rhizoctonia_solani_ag_1_ia,-0.863707574760333,0.0183661851142522,-0.985544152157623,0.014553114961943
rhizophagus_irregularis_daom_181602,-0.745692693019034,0.0166856557710165,-1.01046975195673,0.00735887796548643
rhizopogon_vinicolor_am_or11_026,-0.897688262359777,0.0140528336598984,-0.993698792202555,0.0120537103211765
rhizopus_delemar_ra_99_880,-0.760122657483642,0.0203223247266383,-0.998498790425578,0.0101506232870023
rhodotorula_graminis_wp1,-0.892701188498736,0.0190525381424745,-0.984712657314391,0.0128477673243196
rhodotorula_sp_jg_1b,-0.739757475049357,0.025781462017523,-1.00349116596815,0.0175057637161851
rhodotorula_toruloides_np11,-0.774941051877036,0.0216858884002067,-1.02808901832315,0.0178370035811778
rosellinia_necatrix,-0.521343116475977,0.0453398061308814,-0.983031162771285,0.0171869263923565
rozella_allomycis_csf55,-0.860659585174454,0.0219889510674691,-1.0497624313396,0.0201931451333542
saccharomyces_arboricola_h_6,-0.755644456718534,0.0403227653740041,-1.00248934393785,0.0301052649459672
saccharomyces_cerevisiae,-0.711390793963733,0.0267337201066349,-1.0176786901481,0.0194726323732016
saccharomyces_cerevisiae_x_saccharomyces_kudriavzevii_vin7,-0.690511958747946,0.0242326081496727,-0.994977883308415,0.0165002333033774
saccharomyces_eubayanus,-0.58959932280133,0.0376576608448211,-1.02344218613816,0.0280827039228993
saccharomyces_kudriavzevii_ifo_1802,-0.675630738931311,0.0335548113818733,-1.01811921673856,0.0257804950871573
saccharomyces_sp_boulardii_,-0.709041922518745,0.0396053593730639,-1.07046153922671,0.0281559145154335
saccharomycetaceae_sp_ashbya_aceri_,-0.591529720333602,0.0656910438470883,-1.06022301541997,0.0273800847273652
saitoella_complicata_nrrl_y_17804,-0.664237977062203,0.027506521241677,-1.03912903550108,0.0185994569288546
scedosporium_apiospermum,-0.755475262174785,0.0218198186319769,-1.02768762791754,0.0174427320558231
scheffersomyces_stipitis_cbs_6054,-0.692131704361786,0.0318035022534211,-1.01963266876763,0.0222636508894185
schizophyllum_commune_h4_8,-0.705261864117459,0.0174224475503068,-0.991668128017062,0.0103906017539117
schizopora_paradoxa,-0.77132040339359,0.0129212576192461,-1.00537477308661,0.0100842998558357
schizosaccharomyces_cryophilus,-0.904367762167106,0.0293803327332987,-1.03319884026594,0.02124531397985
schizosaccharomyces_japonicus,-0.671694845761367,0.0297221812793337,-0.977003367498974,0.0195029342123423
schizosaccharomyces_octosporus,-0.863015492595135,0.0285494387987794,-1.05507921537196,0.0265716174123677
schizosaccharomyces_pombe,-0.892715561571036,0.0217388542437009,-1.00352631112009,0.0233907198723409
scleroderma_citrinum_foug_a,-0.829621107732468,0.0119421268408695,-1.01401482778074,0.00942366834941099
sclerotinia_borealis_f_4157,-0.759671404277633,0.0163521820447971,-1.02586050929227,0.0147532031748
sclerotinia_sclerotiorum,-0.765413450368232,0.0169245911195877,-0.993931884991414,0.0128638633884442
serendipita_indica_dsm_11827,-0.886558736999151,0.0156787046277699,-0.984335660534799,0.0122438891949531
serendipita_vermifera_maff_305830,-0.863357946521054,0.0144875945750272,-1.02055088428617,0.0105054730222363
serpula_lacrymans_var_lacrymans_s7_3,-0.848528282146814,0.0155546638898354,-1.00420674227994,0.0122057121847276
setosphaeria_turcica_et28a,-0.602365911735053,0.0178607182887226,-0.994591977826448,0.0129127519586616
sistotremastrum_niveocremeum_hhb9708,-0.848232508705892,0.0112998857220437,-1.0298123887143,0.0114366613183793
sistotremastrum_suecicum_hhb10207_ss_3,-0.868245699589503,0.0137725428386719,-0.985505043965124,0.0130990997600752
sordaria_macrospora,-0.612575059010921,0.023786401781654,-1.00203158666283,0.0151645243183741
spathaspora_passalidarum_nrrl_y_27907,-0.729722763386369,0.031629400653821,-1.0137259434831,0.02423199792468
sphaerobolus_stellatus_ss14,-0.774600296713568,0.0121705506182944,-1.01155385355539,0.00885842605747361
sphaerulina_musiva_so2202,-0.719420283622062,0.0159866486861888,-1.04749656465815,0.0144292832733146
spizellomyces_punctatus_daom_br117,-0.849362027837881,0.0186010337319067,-0.981191059547952,0.0136949111123817
sporidiobolus_salmonicolor,-0.825627993423658,0.0254186540360846,-0.99380748582176,0.0213926610438102
sporisorium_reilianum,-0.727554665550318,0.0312872999661507,-1.00972739886093,0.0175053886280054
sporisorium_scitamineum,-0.660250309852879,0.0215159041764561,-0.998613905116126,0.0187996700129076
sporothrix_brasiliensis_5110,-0.699974229393884,0.0315927052897256,-1.01618052448469,0.01488899466316
sporothrix_insectorum_rcef_264,-0.761708558337376,0.0302427458027367,-1.02488636660813,0.0152101070482523
sporothrix_schenckii_atcc_58251,-0.780034827225933,0.0352355285625628,-1.05920351676356,0.0181592202257162
spraguea_lophii_42_110,-0.859887126643579,0.0380317596725605,-1.03861709934292,0.0263679850093548
stachybotrys_chartarum_ibt_40293,-0.586253999659145,0.0253065620645925,-1.00173273885041,0.0147056236433247
stachybotrys_chlorohalonata_ibt_40285,-0.582969145225629,0.0266533702731011,-1.03268035188466,0.0167448647600143
stagonospora_sp_src1lsm3a,-0.669320491347408,0.0137710248841772,-0.991642919322353,0.0119835884613472
stemphylium_lycopersici,-0.608356195618952,0.0215989691377421,-1.00954312327395,0.018924982544997
stereum_hirsutum_fp_91666_ss1,-0.794652575821867,0.0375097901873994,-1.03953107973225,0.0422204373428391
sugiyamaella_lignohabitans,-0.681502709801742,0.027332307393248,-1.012777444808,0.0253976893087528
suillus_luteus_uh_slu_lm8_n1,-0.884837623500303,0.0140660303720819,-1.0048330051258,0.00993989524237023
talaromyces_cellulolyticus,-0.822070397374477,0.0447414929871554,-0.994490063450322,0.0475630182529801
talaromyces_islandicus,-0.761237780344146,0.0251116113585277,-1.04217646715453,0.0154670225779285
talaromyces_marneffei_atcc_18224,-0.816631641821584,0.0200403967920643,-1.01445279093588,0.0162299947430161
talaromyces_stipitatus_atcc_10500,-0.86845043664388,0.0146837687441326,-1.05563766538704,0.0167292536184914
termitomyces_sp_j132,-0.789637009439228,0.0150409801802379,-0.998192627155872,0.0118832401414144
tetrapisispora_blattae_cbs_6284,-0.731688332480908,0.0391590899176723,-0.987791203968014,0.0242139282268329
tetrapisispora_phaffii_cbs_4417,-0.703636409503621,0.037681409167996,-1.0542711140323,0.0247655644409541
thielavia_terrestris_nrrl_8126,-0.667591771602906,0.0265512585276221,-1.00956791327016,0.0149811421095565
thielaviopsis_punctulata,-0.601977305046447,0.0324258203907672,-1.04034042005249,0.0228045314730421
tilletia_caries,-0.728718711907404,0.0239708185372259,-1.03408550866513,0.0138928691200466
tilletia_controversa,-0.733655827141798,0.0269877402976639,-1.03973460889373,0.017182529697088
tilletia_indica,-0.706267163501972,0.0265312525840944,-0.992169134685667,0.0156591787863416
tilletiaria_anomala_ubc_951,-0.682790834968502,0.0180137264646263,-0.991853465496599,0.0180939267237935
tilletia_walkeri,-0.727179925029426,0.029902331471066,-1.07710868639944,0.0186165305933348
tolypocladium_ophioglossoides_cbs_100239,-0.584423868562215,0.0264563164439835,-0.987013601667793,0.013662712633469
torrubiella_hemipterigena,-0.58263119138744,0.0242961995539079,-1.01440148521954,0.0155294246968618
tortispora_caseinolytica_nrrl_y_17796,-0.790763185329768,0.0270534864095661,-1.03156779655197,0.0253971755039589
torulaspora_delbrueckii,-0.711595750090872,0.0263895932390366,-1.01977151997988,0.0254806121088309
trachipleistophora_hominis,-0.706307567968224,0.0314898244720599,-1.00324234082381,0.0250470918562568
trametes_cinnabarina,-0.776379377365166,0.0229135378150844,-0.979694829755504,0.0126947403137382
trametes_versicolor_fp_101664_ss1,-0.747608863622095,0.0494706640951589,-1.08307506585771,0.0476920077215515
tremella_mesenterica_dsm_1558,-0.725034394384974,0.0419315559920382,-1.03462849330775,0.0419174779517231
trichoderma_atroviride_imi_206040,-0.586930870892808,0.02097170000797,-0.988578985558053,0.0142290951284052
trichoderma_gamsii,-0.652954003078364,0.025711472379368,-1.0409576736872,0.0131961009062849
trichoderma_harzianum,-0.603605355060345,0.0225712530179424,-0.998315167207526,0.0157211101739631
trichoderma_reesei,-0.64130249231311,0.0290187413545339,-1.01086709822859,0.0157157396958489
trichoderma_virens,-0.59137749730221,0.0206488683124582,-1.01802727332595,0.0122883673958311
trichophyton_equinum_cbs_127_97,-0.673530293529736,0.0188447740687312,-1.02407225348243,0.0165830491738946
trichophyton_interdigitale_mr816,-0.689741603551263,0.0257675520252926,-1.01322237953425,0.0182307664509096
trichophyton_rubrum_cbs_118892,-0.692839703311127,0.018631854578604,-0.99524060800664,0.0144674422379019
trichophyton_soudanense_cbs_452_61,-0.697630967655934,0.0200644817451428,-0.997481866195978,0.0148483767950139
trichophyton_tonsurans_cbs_112818,-0.712488894392334,0.0211315862406002,-1.04407769793148,0.0170061385148456
trichophyton_verrucosum_hki_0517,-0.69832840262206,0.0234777118927652,-0.993769061648179,0.0165107635671174
trichophyton_violaceum,-0.694925347963762,0.0277274736802088,-1.00681412131281,0.0204893042171386
trichosporon_asahii_var_asahii_cbs_8904,-0.660598448381509,0.0243527308600768,-1.01754051855309,0.0151473552443067
tsuchiyaea_wingfieldii_cbs_7118,-0.753138612908172,0.0196647222507537,-1.03734387312229,0.0163253905300769
tuber_melanosporum,-0.785285984942861,0.0222703173636928,-1.05038770752836,0.0168071956038011
tulasnella_calospora_mut_4182,-0.788573712850614,0.0122526592638208,-1.00097908578554,0.00968839567653548
uncinocarpus_reesii_1704,-0.864206757033109,0.0235080730920999,-0.999723429686531,0.0200450894181604
ustilaginoidea_virens,-0.612379719307381,0.0253811096050385,-1.02704127540491,0.0169655269604774
ustilago_hordei,-0.632477541565959,0.0227623219601934,-1.00118860448921,0.0180584335340062
ustilago_maydis,-0.697484793037169,0.0237987100906993,-1.03581458292634,0.0215946040092833
valsa_mali_var_pyri,-0.630017170040662,0.029622936830323,-1.01153644178568,0.0155598201761051
vanderwaltozyma_polyspora_dsm_70294,-0.778913790375617,0.0377584485089189,-1.01752308896358,0.0228641751005351
vavraia_culicis_subsp_floridensis,-0.716868699638802,0.03364524631398,-1.10219381240242,0.0288607767818276
verruconis_gallopava,-0.721386173621539,0.0207089562483948,-0.964201928441473,0.0143620584648843
verticillium_alfalfae_vams_102,-0.610086655080853,0.0284766740310654,-1.02292475752187,0.0143070660853242
verticillium_dahliae,-0.588200209231179,0.0294047376115189,-0.981294688298989,0.0123363300734877
verticillium_longisporum,-0.587838892181968,0.0371148302905731,-0.985828206018195,0.00932162663686482
vittaforma_corneae_atcc_50505,-0.827744014796748,0.0301129565645124,-1.01531072666774,0.0298843795380171
wallemia_ichthyophaga_exf_994,-0.776966384802608,0.0280604198883508,-1.02538884684797,0.022180611366519
wallemia_mellicola_cbs_633_66,-0.729767421781674,0.0247935640764775,-1.02286276167886,0.0214357024390077
wickerhamomyces_anomalus_nrrl_y_366_8,-0.737532935182425,0.0293084555191213,-1.02072651066162,0.0193792164043941
wickerhamomyces_ciferrii,-0.928216015475276,0.0311260378953116,-0.9965275660659,0.0207128422728933
xanthophyllomyces_dendrorhous,-0.742050551020072,0.0247230831278855,-1.00361418660465,0.0188140377097628
xylona_heveae_tc161,-0.717642473807783,0.0194016989226472,-1.02622530131467,0.0226042605233411
yarrowia_lipolytica,-0.603534078546435,0.0337118344675858,-1.03208335215854,0.0219267838600193
zygosaccharomyces_bailii_isa1307,-0.712246800427963,0.0261524002911051,-1.04793215590423,0.0171439701797466
zygosaccharomyces_rouxii,-0.743380786099017,0.024594863704816,-1.03312268238957,0.0230841644794401
zymoseptoria_brevis,-0.80943378249428,0.0166540627622805,-1.01519002663197,0.0163735786181344
zymoseptoria_tritici,-0.759406302959127,0.016658155519575,-1.0156108069581,0.0152799559421089
