species,slope,error,slopeRan,errorRan
absidia_glauca,-0.767258107820736,0.00937584520975648,-1.04092784536724,0.00779094334071486
acidomyces_richmondensis_bfw,-0.807114118236283,0.00869869868887429,-1.02434122360057,0.00847575668750952
acremonium_chrysogenum_atcc_11550,-0.77325827268664,0.012604965389268,-1.03186627029205,0.00989266441112325
agaricus_bisporus_var_burnettii_jb137_s8,-0.785564274850467,0.00888286223974353,-1.02840605978761,0.00845336878956461
allomyces_macrogynus_atcc_38327,-0.733766207112233,0.00778046864729896,-1.02751937066527,0.00638840938855883
alternaria_alternata,-0.658096993511978,0.00816358370753574,-1.02037311240612,0.00692160487406448
amanita_muscaria_koide_bx008,-0.852146717780993,0.00678330715467682,-1.01694793024366,0.00732424448751508
anncaliia_algerae_pra339,-0.85713428588993,0.0138809321803884,-0.966713941859975,0.0126969656417654
anthracocystis_flocculosa_pf_1,-0.734526529004054,0.0142924378864234,-0.966129931020413,0.0122146748606483
arthrobotrys_oligospora_atcc_24927,-0.77384631362349,0.00816140121973522,-1.03032492125498,0.00841524557615033
arthroderma_benhamiae_cbs_112371,-0.694717785501387,0.0106408124276465,-1.00967880256187,0.00985221676145701
arthroderma_otae_cbs_113480,-0.712938505605437,0.00975570049825301,-1.02638032473554,0.00926596532668066
aschersonia_aleyrodis_rcef_2490,-0.709152767606838,0.0125113174969495,-1.02537288421481,0.00913164238578324
ascochyta_rabiei,-0.603327805664284,0.0100913848838553,-1.04000637230391,0.00895419731027347
ascoidea_rubescens_dsm_1968,-0.517772837663482,0.0121556784089084,-1.01512002857783,0.0115207364790964
ascosphaera_apis_arsef_7405,-0.719606352025777,0.0129496955322497,-1.02499625082202,0.0115975064533706
ashbya_gossypii,-0.524094330065448,0.0243067734654858,-0.988748854804763,0.0120279254149043
aspergillus_calidoustus,-0.742705699092779,0.00837452055024869,-1.01121569350977,0.0071039412920038
aspergillus_clavatus,-0.67363009722869,0.0114625045485233,-1.02433706162797,0.00895799239510667
aspergillus_cristatus,-0.635134013735688,0.0095156328083637,-1.03388286515738,0.00918364039446838
aspergillus_flavus,-0.766856116054071,0.00809347646885762,-1.03290675220392,0.00777063045634265
aspergillus_fumigatus,-0.74114534849094,0.00999255858039802,-1.01640621459227,0.009428033052264
aspergillus_lentulus,-0.728429412282799,0.0104219170424151,-1.00975765828293,0.00865909622385227
aspergillus_luchuensis,-0.636905907276083,0.00870162176110917,-1.01866943645441,0.00762850042773726
aspergillus_nidulans,-0.767260695862821,0.00925790511936548,-0.999582423341524,0.00808813863790464
aspergillus_niger,-0.660131548646525,0.00881881383177039,-1.00903232728613,0.00690882879176278
aspergillus_nomius_nrrl_13137,-0.759080055827729,0.00989497972402654,-0.993456746122655,0.00751196426020405
aspergillus_ochraceoroseus,-0.735389350073431,0.0114123638458738,-1.0381888137859,0.00934225695350642
aspergillus_oryzae,-0.74649219144922,0.00740265591639916,-1.02839543816608,0.00802761929719756
aspergillus_parasiticus_su_1,-0.738792532265892,0.00981068705692986,-1.04480663249373,0.00973898801615935
aspergillus_rambellii,-0.740601946031163,0.0109739120702681,-1.02822849264298,0.0101674106693371
aspergillus_ruber_cbs_135680,-0.652120677070032,0.00890389129638448,-1.0206569725359,0.00916557373207423
aspergillus_terreus,-0.651074963499183,0.0105042007288017,-1.02349909872476,0.00885447972494698
aspergillus_udagawae,-0.741838890739759,0.00939739979892844,-1.02968593387077,0.00846708447820013
aspergillus_ustus,-0.550401314370066,0.0214904523387725,-0.741828281732171,0.0239639162950434
aureobasidium_melanogenum_cbs_110374,-0.612804723080316,0.0097575026803853,-1.02557450055293,0.00946973945766666
aureobasidium_namibiae_cbs_147_97,-0.613768775649067,0.0097813256084665,-1.0441549305609,0.00924646583870734
aureobasidium_subglaciale_exf_2481,-0.618961523401692,0.0092302751789185,-1.03075529121437,0.00871967269173945
babjeviella_inositovora_nrrl_y_12698,-0.626226551648241,0.011739336937538,-1.03540337634698,0.0106527811792532
batrachochytrium_dendrobatidis_jam81,-0.816117152782592,0.0101773992800348,-1.0263462753338,0.00934868679594537
baudoinia_panamericana_uamh_10762,-0.842304670598256,0.00868480015337042,-1.00350729896714,0.00841188405055618
beauveria_bassiana_arsef_2860,-0.631254946462342,0.0124598672661999,-1.02937909101599,0.00873208000400464
bipolaris_maydis_c5,-0.648292241227657,0.00855319376960899,-1.04611382745241,0.00854885216281329
bipolaris_oryzae_atcc_44560,-0.659627439808882,0.00866763806916526,-1.03421111403578,0.00896010600291416
bipolaris_sorokiniana_nd90pr,-0.668684713769765,0.00788972710769045,-1.04192085595383,0.00852607441388277
bipolaris_victoriae_fi3,-0.643414162810352,0.00798227752200767,-1.0277115339678,0.00819179976353372
bipolaris_zeicola_26_r_13,-0.644964012668209,0.0087476117860087,-1.03420401568293,0.00880545513557634
blastomyces_dermatitidis_er_3,-0.761342903435152,0.0101136463947738,-0.996835678400092,0.00840897350471525
blastomyces_gilchristii_slh14081,-0.77438356577847,0.0101782304887437,-1.01100595927431,0.00934195318156232
blumeria_graminis,-0.839081749171955,0.0119803691796193,-1.0068570109788,0.0103249086041526
botryobasidium_botryosum_fd_172_ss1,-0.76466089398532,0.00641052269587129,-1.02233467788654,0.00687099818289722
botrytis_cinerea,-0.729589797150043,0.00824589773168591,-1.02244414809942,0.00883305218156947
brettanomyces_bruxellensis_awri1499,-0.577785819483523,0.0118455813399792,-1.00639224549962,0.0125197344849125
byssochlamys_spectabilis_no_5,-0.701796175501947,0.0114524480909854,-1.01615283578243,0.00961056100079304
calocera_cornea_hhb12733,-0.536877102740626,0.00933177788732072,-1.0391411027217,0.00743479200239284
calocera_viscosa_tufc12733,-0.637715117312671,0.0083961812076574,-1.02143302904181,0.00794740880869688
candida_albicans_wo_1,-0.542526836856461,0.0152720882588513,-0.990567281715079,0.0114037834325536
candida_arabinofermentans_nrrl_yb_2248,-0.504039041834736,0.0159632819840359,-1.00870156096479,0.0123576405391076
_candida_auris,-0.611690576982397,0.0131077443773937,-1.01213119716157,0.0114555816073583
candida_dubliniensis_cd36,-0.528386611448908,0.0162929325260246,-1.00147461655686,0.0123832208503594
_candida_glabrata,-0.451006994464896,0.0143385579502054,-0.973567783739356,0.0117463586346451
candida_maltosa_xu316,-0.65317061605031,0.0127481532768198,-1.01018068984764,0.011547515708087
candida_orthopsilosis_co_90_125,-0.758916368440057,0.0136869730231036,-1.01373073797063,0.0124250868214388
candida_parapsilosis_cdc317,-0.805061072487132,0.0134751529315235,-1.00851539988395,0.0114120687320456
candida_tanzawaensis_nrrl_y_17324,-0.443950756192009,0.0172225517190355,-0.994035818496012,0.0114741128465546
_candida_tenuis_atcc_10573,-0.686388872263045,0.0128907939774336,-0.99409461378005,0.0111948703960045
candida_tropicalis_mya_3404,-0.63932334715238,0.0179547854520789,-1.02098091393456,0.0117961678061996
capronia_coronata_cbs_617_96,-0.837346629524249,0.00971427324142004,-1.01084658142729,0.00948718835728132
capronia_epimyces_cbs_606_96,-0.833365304692912,0.0102072609194181,-1.03129594408702,0.00872433134194438
capronia_semi_immersa,-0.827758332706853,0.00963546905516851,-1.01325200053616,0.00846187478689856
ceraceosorus_bombacis,-0.787261098909222,0.0112614033491894,-1.02574133965123,0.0110418988734923
ceratocystis_platani,-0.702569409341538,0.0126230023090321,-1.01982386626276,0.0118406024977158
cercospora_fijiensis_cirad86,-0.72807544925536,0.00776624366802712,-1.02693965062371,0.00805837142826778
chaetomium_globosum_cbs_148_51,-0.677585686647039,0.00969448810941567,-0.997433274550339,0.00844903883314837
chaetomium_thermophilum_var_thermophilum_dsm_1495,-0.691535710816434,0.0103458134686554,-1.01563677828485,0.0098147338119218
choanephora_cucurbitarum,-0.69065141794201,0.0101041751511593,-1.03775473672923,0.00834832511660632
cladophialophora_bantiana_cbs_173_52,-0.828989460512476,0.00915980551512436,-1.03203191616194,0.00817670925562538
cladophialophora_carrionii_cbs_160_54,-0.812174615909864,0.00924276732210025,-1.03895615175469,0.00891293890752455
cladophialophora_immunda,-0.746000642633358,0.010376319575998,-1.00789051078296,0.00835883399613638
cladophialophora_psammophila_cbs_110553,-0.838423410658598,0.00893350892074228,-1.03444947154512,0.00785754729598898
cladophialophora_yegresii_cbs_114405,-0.828474217495965,0.00937860223673551,-1.01316790298477,0.00883059184035365
claviceps_purpurea_20_1,-0.778153691605339,0.00970457380583132,-1.03991010287966,0.00970340766646077
clavispora_lusitaniae_atcc_42720,-0.600918857109755,0.0111589138469639,-0.991378695292618,0.0104761061893564
coccidioides_immitis_rs,-0.788553763286762,0.00941258384541316,-1.0216209884423,0.00916308172075604
coccidioides_posadasii_str_silveira,-0.806623899003245,0.00911264933151041,-1.0276992230011,0.00867733514936125
colletotrichum_fioriniae_pj7,-0.593668616105162,0.00969928269661623,-1.0138840296395,0.00757269321317697
colletotrichum_gloeosporioides,-0.583295209379245,0.0115103095117386,-1.01310831680629,0.00775380396985063
colletotrichum_graminicola,-0.60722613488692,0.0111934625698332,-1.00094410866955,0.00800966739461639
colletotrichum_higginsianum,-0.569796599313299,0.0103550967695218,-1.01780397892669,0.00719473487077548
colletotrichum_incanum,-0.560015350269568,0.00934603345722182,-1.03391770288103,0.00865780671778611
colletotrichum_nymphaeae_sa_01,-0.590374899176796,0.00988910338304441,-1.02677721201685,0.00805986688178374
colletotrichum_orbiculare,-0.633832657821246,0.0110777505187799,-1.00342072587294,0.00693149946600586
colletotrichum_salicis,-0.597916033481797,0.00905053329116939,-1.02536354737491,0.00785686110361308
colletotrichum_simmondsii,-0.58650521701508,0.00975253312791561,-1.01852902062847,0.00762907868584221
colletotrichum_sublineola,-0.586285370296721,0.0103522448355664,-1.03111178076609,0.00779645300811498
colletotrichum_tofieldiae,-0.552427022170121,0.0103727399611505,-1.03962574487913,0.00797326326638927
conidiobolus_coronatus_nrrl_28638,-0.681582948794694,0.00930023989410307,-1.02515383495824,0.0086663106932499
coniophora_puteana_rwd_64_598_ss2,-0.506914828577758,0.0191336516619665,-0.766097123897528,0.0201517616778578
coniosporium_apollinis_cbs_100218,-0.822437339839142,0.00966625179955296,-1.01696690666519,0.0094397495390675
coprinopsis_cinerea_okayama7_130,-0.755173109985379,0.00745209130249476,-1.01811918605307,0.00830079466075905
cordyceps_brongniartii_rcef_3172,-0.646742462412506,0.013621380972361,-1.02308620574137,0.00918899040035136
cordyceps_confragosa_rcef_1005,-0.609075798494419,0.0139537985915213,-1.02357317923193,0.00807072014222029
cordyceps_militaris_cm01,-0.607349591197543,0.0147647379805435,-1.02247188774061,0.00940464482643056
cryptococcus_amylolentus_cbs_6039,-0.701548118227152,0.0107130797653982,-1.05544618464982,0.00950829130307493
cryptococcus_depauperatus_cbs_7855,-0.821259142034048,0.0124988393188093,-1.01659085322549,0.0107114617795978
cryptococcus_gattii_ca1873,-0.7146392870089,0.0122481444698091,-1.02945439501908,0.0100931841123769
cryptococcus_gattii_vgii_mmrl2647,-0.688756386067434,0.0109030862972255,-1.01543927432784,0.0102803115463916
cryptococcus_gattii_vgiv_ind107,-0.714864822962986,0.011017767557052,-0.994840588294792,0.00991461816783006
cryptococcus_gattii_wm276,-0.713244901537051,0.012184973789361,-1.0214522329254,0.0103446428513099
cryptococcus_neoformans,-0.678538659982873,0.0118955198969052,-1.03115816243427,0.010852555886492
cutaneotrichosporon_oleaginosus,-0.686257600714498,0.0126110175875398,-1.01824891951201,0.0109427450703395
cyberlindnera_jadinii,-0.633389503545082,0.0154890641610571,-0.978558864643792,0.0115612542566053
cylindrobasidium_torrendii_fp15055_ss_10,-0.788476773618927,0.00767810692536422,-1.01778465506521,0.00771091707971243
cyphellophora_europaea_cbs_101466,-0.793882435453843,0.00943098236444261,-1.01480007312374,0.00801292927629757
dactylellina_haptotyla_cbs_200_50,-0.69639219632258,0.00961710295845425,-1.01998281646136,0.00828443554883621
daedalea_quercina_l_15889,-0.686121808453703,0.00798626632200249,-1.01314714135804,0.00824761173808322
debaryomyces_fabryi,-0.679184890680634,0.0132261070822644,-0.977954948776721,0.0113504945959842
debaryomyces_hansenii_cbs767,-0.631996334326231,0.0127183498463184,-0.992670182732063,0.0120888385513239
diaporthe_ampelina,-0.763227221861568,0.0131435976570882,-1.04070213088198,0.0083133566738197
diaporthe_helianthi,-0.692586611746855,0.0105587962322414,-1.02902739182296,0.00800262620746557
dichomitus_squalens_lyad_421_ss1,-0.685037264664307,0.00926093032477519,-1.03322476273106,0.0103621247213911
diplodia_seriata,-0.741755936550509,0.0124926776128922,-1.02437986429067,0.00933853885596733
dothistroma_septosporum,-0.788731351220285,0.00838332382740619,-1.00926933353322,0.00800240478727723
drechmeria_coniospora,-0.60936150935611,0.0106076443980562,-1.04967793987414,0.010194134420283
drechslerella_stenobrocha_248,-0.763863653071299,0.0135987739179273,-1.00856959365374,0.0104976907769981
edhazardia_aedis_usnm_41457,-0.76217884993273,0.0134250874574247,-0.994456943927359,0.0119776697938947
emmonsia_crescens_uamh_3008,-0.798659240714301,0.00998114064294127,-1.02988595893409,0.0088793976787687
emmonsia_parva_uamh_139,-0.760432117947044,0.0112667020034757,-1.03250269763916,0.00930868478106824
emmonsia_sp_cac_2015a,-0.837915498438687,0.0102195236909513,-0.985632906454859,0.0101433882471582
encephalitozoon_cuniculi_gb_m1,-0.680352149350115,0.0154531052797832,-0.915983542014314,0.0151107972605835
encephalitozoon_hellem_atcc_50504,-0.731419831272649,0.0155479323432396,-0.892525204035524,0.0166190261224159
encephalitozoon_intestinalis_atcc_50506,-0.760161736935985,0.014535645321371,-0.854117425393588,0.016710424305326
encephalitozoon_romaleae_sj_2008,-0.79251758306396,0.0159921917470706,-0.881021660328695,0.0165795144804802
endocarpon_pusillum_z07020,-0.824069280754298,0.00962431976135246,-1.03270283037403,0.0102865177542164
enterocytozoon_bieneusi_h348,-0.346343579070085,0.0161659506567125,-0.988999906647162,0.0134941758942551
eremothecium_cymbalariae_dbvpg_7215,-0.67648867169501,0.0123302604106704,-0.988386752669214,0.0121350205635855
eremothecium_sinecaudum,-0.712172040087052,0.0124499076367111,-1.00135592878873,0.0133514727606584
erysiphe_necator,-0.914527507450479,0.0117491689994446,-1.00504947426515,0.010725352395118
escovopsis_weberi,-0.730719545337997,0.0135414524028521,-1.01346815592727,0.0100567820758995
eutypa_lata_ucrel1,-0.623517211473376,0.0125291884345335,-1.01854616247832,0.00803971611240773
exidia_glandulosa_hhb12029,-0.711257277618057,0.00630975282358821,-0.99210062446281,0.00514897293889022
exophiala_aquamarina_cbs_119918,-0.821861880941334,0.00951577966797636,-1.03167962861561,0.00818462665384428
exophiala_dermatitidis_nih_ut8656,-0.819611136963071,0.00950832874097226,-1.0419738418992,0.00874794022538946
exophiala_mesophila,-0.8563558971988,0.00919567454217069,-1.04290611339847,0.00944791030858643
exophiala_oligosperma,-0.751217780176406,0.00994978482544131,-1.02032599772279,0.00859402193143621
exophiala_sideris,-0.847863891836957,0.01064770185906,-1.01589244954159,0.00790264115112973
exophiala_spinifera,-0.755796041708094,0.0104901534962249,-1.02245502062253,0.00904083042817511
exophiala_xenobiotica,-0.83004012685659,0.0083506132296349,-1.02845696966743,0.00766448629544416
fibroporia_radiculosa,-0.745715091594885,0.010299291329831,-1.0282175809291,0.00880971426707367
fibulorhizoctonia_sp_cbs_109695,-0.650689400388019,0.00595800236790765,-1.01807456789806,0.00465439928769672
fistulina_hepatica_atcc_64428,-0.816049529925128,0.00797109241227819,-1.03086132559436,0.00861755859368473
fomitiporia_mediterranea_mf3_22,-0.448283245382978,0.0248105180521824,-0.60305212287122,0.025370812442428
fomitopsis_pinicola_fp_58527_ss1,-0.719082778399531,0.00728728625829717,-1.02447996194704,0.00835294873059229
fonsecaea_erecta,-0.736165820407295,0.0119442300581161,-1.01884121713974,0.00761080251978407
fonsecaea_monophora,-0.783060980455092,0.0111435834623114,-1.0159885976751,0.00850627694736681
fonsecaea_multimorphosa_cbs_102226,-0.806354683128478,0.00983939210610087,-1.0240214547396,0.00802807913525427
fonsecaea_nubica,-0.785205786644379,0.0112205153520507,-1.03199619681122,0.00825318255339656
fonsecaea_pedrosoi_cbs_271_37,-0.776144123086282,0.0110265734946376,-1.01787873608987,0.0081514853312564
fusarium_culmorum,-0.646591643462321,0.0103437943798244,-1.02904579605534,0.0092585296473278
fusarium_fujikuroi,-0.731435180379009,0.00983861149662056,-1.00688454694994,0.00651341117213789
fusarium_graminearum,-0.658239845429196,0.00957811297287901,-1.013288851421,0.00788334209845491
fusarium_langsethiae,-0.673376414217816,0.0107766707992429,-0.999007534324595,0.007680161209583
fusarium_oxysporum,-0.722274624581147,0.0075727492961491,-1.00726622434661,0.00636109274565399
fusarium_poae,-0.681401851910635,0.00973383045847275,-1.01671613329634,0.00733491833748776
fusarium_pseudograminearum,-0.669964345209204,0.0111982497793565,-1.01419294602252,0.00774199214377002
fusarium_solani,-0.68226614544145,0.00994848718558238,-1.01501615304223,0.00713445690968305
fusarium_verticillioides,-0.706222619800984,0.00881414907725401,-1.03229661271714,0.00801956400805202
gaeumannomyces_graminis,-0.608124472006435,0.0134260752012559,-1.04882819017239,0.00788627959961696
galerina_marginata_cbs_339_88,-0.761043579798267,0.00642122827017323,-1.0072084507142,0.0059008517380412
gelatoporia_subvermispora_b,-0.648015818365206,0.00814078485409135,-1.00181643257076,0.00752616494961884
geotrichum_candidum,-0.611245534470318,0.0157588959490144,-1.01378102046652,0.0104207386564934
glarea_lozoyensis_74030,-0.729712993024002,0.00963380398866766,-1.01746412642134,0.0104466065889494
gloeophyllum_trabeum_atcc_11539,-0.667715596322679,0.00868186371012711,-1.03479791698224,0.00882629103703998
gonapodya_prolifera_jel478,-0.680577185206365,0.0080249079044112,-1.02400149925461,0.00847455692873241
grifola_frondosa,-0.720876443116537,0.00724727479881242,-0.999867766100637,0.00724696783636468
grosmannia_clavigera_kw1407,-0.668322455221562,0.0103272366249023,-1.0183772893267,0.00978138519960674
gymnopus_luxurians_fd_317_m1,-0.809546231024045,0.00733388622668658,-1.02943878777409,0.00787053163901733
hanseniaspora_opuntiae,-0.515339812329037,0.0164405051459765,-0.934860800364906,0.0137059046222963
hanseniaspora_osmophila,-0.645489162111135,0.0158081365975374,-0.979718700370424,0.0130195049221757
hanseniaspora_uvarum_dsm_2768,-0.657060053126882,0.0167843589142278,-0.914678203268805,0.0155731963148665
hanseniaspora_valbyensis_nrrl_y_1626,-0.704719520514078,0.0146022404294766,-1.01229416143403,0.0126606798822197
hebeloma_cylindrosporum_h7,-0.81587045883695,0.00709660428903632,-1.00526507642167,0.008100990171261
heterobasidion_irregulare_tc_32_1,-0.589761859403044,0.00819516487183692,-1.01443439487299,0.00759830987203914
hirsutella_minnesotensis_3608,-0.655897413333239,0.0113242303401031,-1.01764205092811,0.00840422097913365
histoplasma_capsulatum_nam1,-0.778168780787059,0.0092762081979604,-1.05718787204509,0.00917488522816569
hydnomerulius_pinastri_md_312,-0.816854080388941,0.00824511710373403,-1.03126448398394,0.00926967195174911
hypholoma_sublateritium_fd_334_ss_4,-0.603918723736654,0.00764613535114623,-1.01843188006768,0.00677548907329246
hyphopichia_burtonii_nrrl_y_1933,-0.577523733805477,0.0128677598780022,-1.00377416274794,0.0112618247813984
hypsizygus_marmoreus,-0.821702083621501,0.00673256031325038,-1.02980927905067,0.00771371838257097
isaria_fumosorosea_arsef_2679,-0.616091710084233,0.0170240495409521,-1.02660729063438,0.00857763171590095
jaapia_argillacea_mucl_33604,-0.794785880663226,0.00636544714696858,-1.02582475713413,0.0070319985389413
kalmanozyma_brasiliensis_ghg001,-0.731592460148704,0.0120201572228731,-1.01027326538399,0.0110028050909809
kazachstania_africana_cbs_2517,-0.675360375480863,0.0139198001319432,-0.977130409848005,0.0112684780778096
kazachstania_naganishii_cbs_8797,-0.483140094315218,0.0170423439300819,-1.00734836726115,0.0115506754988519
kluyveromyces_lactis,-0.733070435961068,0.0143290460136044,-1.01501682477506,0.0119895911113171
kluyveromyces_marxianus_dmku3_1042,-0.487688512556265,0.0133396659148402,-0.991153054083782,0.0117118147368591
komagataella_pastoris,-0.773002027468091,0.0127069845962351,-0.980490735934473,0.0124680196733912
komagataella_phaffii_cbs_7435,-0.768859476049068,0.0123695763364763,-0.996306089551655,0.010451578887343
kuraishia_capsulata_cbs_1993,-0.754622566323994,0.0111292781519673,-1.02967051876796,0.0107057491442249
kwoniella_bestiolae_cbs_10118,-0.775081345024472,0.0105747170439976,-1.01800691061789,0.00896005952962306
kwoniella_dejecticola_cbs_10117,-0.77686488610027,0.0097885209008027,-1.01886286449493,0.00989569581049426
kwoniella_heveanensis_cbs_569,-0.729562084691726,0.012434494721004,-1.00235496140908,0.00976794798861811
kwoniella_mangroviensis_cbs_8886,-0.76626375423702,0.0103566464958931,-0.996461163529516,0.00933372134820937
kwoniella_pini_cbs_10737,-0.502345760171274,0.0149536665216691,-1.01125733499936,0.0100454187596274
laccaria_amethystina_laam_08_1,-0.767298975534095,0.0067414002353899,-1.01991850446332,0.00780489899615976
laccaria_bicolor_s238n_h82,-0.788105995731044,0.00635753307103446,-1.04852719717338,0.00707878401146807
lachancea_lanzarotensis,-0.815938590935626,0.0143771146028122,-0.98930628149785,0.0114969927351053
lachancea_thermotolerans_cbs_6340,-0.58573115544826,0.0171462640124129,-0.98063189640644,0.0125822519444831
laetiporus_sulphureus_93_53,-0.734420571653328,0.00742476358580701,-1.04194534938182,0.00786652831986076
leptosphaeria_maculans,-0.726668175921277,0.0084101003062037,-1.00101019057182,0.00884494763022371
leucoagaricus_sp_symc_cos,-0.513351777118197,0.0220020789285379,-0.667915141846911,0.0247711510391903
lichtheimia_corymbifera_jmrc_fsu_9682,-0.784966038219736,0.00934201009831081,-1.0344440391328,0.00871051908829936
lichtheimia_ramosa,-0.786247173664356,0.00934639327971567,-1.01876556766894,0.00855153495511748
lipomyces_starkeyi_nrrl_y_11557,-0.737288064353525,0.0090050011753866,-1.02587244620032,0.00977477657698828
lodderomyces_elongisporus_nrrl_yb_4239,-0.707241793322143,0.0127266218894626,-1.01866734387866,0.0121146073787725
macrophomina_phaseolina_ms6,-0.589396137941656,0.00973238154014672,-1.01586389901818,0.00769236230423968
madurella_mycetomatis,-0.783060202649745,0.0103527390377394,-1.03398179535067,0.00888940621584851
magnaporthe_oryzae,-0.558965510481287,0.0118926018795017,-1.03898733635216,0.00826120781137746
magnaporthe_poae,-0.641033361256455,0.0110995089953056,-1.02519695729159,0.00812865086651772
malassezia_pachydermatis,-0.575473173536952,0.0128702519897779,-0.963908625307351,0.0115043943375662
malassezia_sympodialis_atcc_42132,-0.537690946944075,0.0141084239989352,-0.964697414212254,0.0131275234021682
marssonina_brunnea_f_sp_multigermtubi_mb_m1,-0.649125625065505,0.00956503099109356,-1.04236787920439,0.00919443798150036
melampsora_laricipopulina,-0.553556480069899,0.00858199083373615,-1.01884640857287,0.00697721484261648
metarhizium_acridum_cqma_102,-0.668224743966019,0.0117686910337566,-1.02284286122368,0.0083680610537759
metarhizium_album_arsef_1941,-0.64074680119132,0.0158688110596505,-1.01681278399568,0.00886434865188111
metarhizium_anisopliae_arsef_23,-0.633843024717617,0.0115708756279729,-1.01834440797919,0.00772518621152192
metarhizium_anisopliae,-0.642941278715478,0.0118475472668336,-1.03662421914506,0.00885907976870987
metarhizium_brunneum_arsef_3297,-0.648259515940813,0.0132779619803729,-0.985412541669674,0.00837480548430939
metarhizium_guizhouense_arsef_977,-0.63524264660061,0.0115729826632954,-1.02384785313314,0.00872787541579273
metarhizium_majus_arsef_297,-0.644868328044022,0.0119830706044545,-1.02588865071989,0.00835954225717988
metarhizium_rileyi_rcef_4871,-0.702456930317879,0.0126296201098861,-1.03642929446149,0.00994484419327574
metschnikowia_bicuspidata_var_bicuspidata_nrrl_yb_4993,-0.360346645852521,0.0130965375483938,-1.0155635504326,0.010934963114492
meyerozyma_guilliermondii_atcc_6260,-0.729330118815837,0.010147711122669,-0.983017182666046,0.0112812088787402
microbotryum_violaceum,-0.707156476091649,0.010046665471804,-1.0226032983734,0.00987685852089697
microdochium_bolleyi,-0.64800304923696,0.0126803703698791,-1.01133065742736,0.00734709122444995
microsporum_gypseum_cbs_118893,-0.65912938843592,0.0100380724673602,-1.04618015224766,0.00994530777494859
millerozyma_farinosa_cbs_7064,-0.627361420508786,0.0152245176729582,-1.03465709970454,0.00919539763308572
mitosporidium_daphniae,-0.862179581340701,0.0121170259837519,-0.960064262275296,0.0124075228254239
mixia_osmundae_iam_14324,-0.928386620278391,0.010862901926001,-1.0171613584264,0.00986100649050874
moesziomyces_antarcticus,-0.640828822246399,0.0132888337410984,-0.949873113621112,0.0120105165974
moesziomyces_aphidis_dsm_70725,-0.658257199476803,0.0126155122016359,-0.993378332769195,0.0115107656334275
moniliophthora_perniciosa_fa553,-0.822100382936917,0.00894933574510503,-1.01260330179264,0.010248881797102
moniliophthora_roreri_mca_2997,-0.857585999074732,0.0065300945401391,-1.02496364651741,0.00674747612077261
mortierella_elongata_ag_77,-0.594729433827737,0.00929688566625454,-1.01790542032107,0.00724985680216693
mortierella_verticillata_nrrl_6337,-0.528214630728237,0.0164765731376459,-0.827581459188295,0.018571746426288
mucor_ambiguus,-0.771260532930806,0.0131284203163791,-1.0159103569993,0.00908618544048208
mucor_circinelloides_f_circinelloides_1006phl,-0.765498922981776,0.0110897829511386,-1.01578657428471,0.00766904171908145
myceliophthora_thermophila_atcc_42464,-0.661131700961837,0.0125835467542021,-1.03022833676114,0.00956824360376841
mycosphaerella_eumusae,-0.753865796165637,0.00799905979160658,-1.02043899678096,0.0085016732729035
nadsonia_fulvescens_var_elongata_dsm_6958,-0.654430008029699,0.0117751893275222,-0.997285285624308,0.011455933385102
naumovozyma_castellii_cbs_4309,-0.628584871344227,0.0144189250697688,-0.947331329138742,0.0119094666090771
naumovozyma_dairenensis_cbs_421,-0.726297548942656,0.0133834581203495,-0.989563344668015,0.0110087720486219
nematocida_parisii_ertm3,-0.638265191909742,0.014789975623175,-0.945678650683125,0.0147072903587306
nematocida_sp_1_ertm2,-0.628842886133794,0.0134456020417967,-0.968457070261449,0.0139690700592748
neofusicoccum_parvum_ucrnp2,-0.74690715502082,0.0125838501321232,-1.02438624029265,0.00824857049434323
neolentinus_lepideus_hhb14362_ss_1,-0.715430131359856,0.00775212539043331,-1.02034689798318,0.00753502221376664
neonectria_ditissima,-0.642704890330049,0.0127621892570153,-1.02764464623722,0.00796784971308983
neosartorya_fischeri,-0.726417631279407,0.00963494237800983,-1.02097142405596,0.00831621231773183
neurospora_crassa,-0.644502110266374,0.010620921279253,-1.02896751174391,0.00858515643245703
neurospora_tetrasperma_fgsc_2509,-0.597195527693515,0.0099407538507199,-1.00968162307849,0.00893870340774016
nosema_apis_brl_01,-0.723952005942136,0.0172534313860514,-0.980821467319994,0.0144041445314093
nosema_bombycis_cq1,-0.756119371279917,0.0138695998490746,-0.966952551132688,0.0138583696350083
nosema_ceranae_brl01,-0.790168929391211,0.0181248141056079,-0.937754600358147,0.0169657783039792
ogataea_parapolymorpha_dl_1,-0.620102664060135,0.0121293214588974,-1.00209753200163,0.0112815483967609
ogataea_polymorpha,-0.607728081661171,0.0115521112809383,-1.00616999949196,0.0116581621499116
oidiodendron_maius_zn,-0.762371251806494,0.00789289330808548,-1.02964085602071,0.00691553108329426
ophiocordyceps_sinensis_co18,-0.773152990386664,0.012241977831087,-0.999431772442796,0.010096934349654
ophiocordyceps_unilateralis,-0.710642158673688,0.00978657600532096,-0.995999674035088,0.00969672727708639
ophiostoma_piceae_uamh_11346,-0.674330068394077,0.013893696787184,-1.01654409311588,0.00985996957103866
ordospora_colligata_oc4,-0.607550133219615,0.01612870268205,-0.917401724925669,0.0158046265916241
pachysolen_tannophilus_nrrl_y_2460,-0.77863173734132,0.0152068293522236,-1.02061401261448,0.0124936014545935
paracoccidioides_brasiliensis_pb18,-0.837061777870702,0.0105594524450793,-1.05455402171817,0.0107862605396071
paracoccidioides_sp_lutzii_pb01,-0.807424837279998,0.00976662697192129,-1.01284974334587,0.0091671081739997
paraphaeosphaeria_sporulosa,-0.643805405071495,0.00753912627979706,-1.01325726945081,0.00719743305657923
parasitella_parasitica,-0.812130356833818,0.0122622328240188,-1.02060926009059,0.00779969906596643
paxillus_involutus_atcc_200175,-0.823373239042751,0.00827242313586548,-1.03278821156386,0.0084930906406293
paxillus_rubicundulus_ve08_2h10,-0.812442496241997,0.00667998519505219,-1.01544119879036,0.00652941496868656
penicillium_brasilianum,-0.645916510838937,0.00998261445260339,-1.03656373087377,0.00855128105083329
penicillium_camemberti_fm_013,-0.654865900841122,0.00900177844363391,-1.02257334425399,0.00775155835871137
penicillium_chrysogenum,-0.694063934293416,0.0100724962182076,-1.02935057643565,0.00859059664288297
penicillium_digitatum_phi26,-0.667325098379891,0.0100320522713892,-1.01275247218678,0.00911846766070228
penicillium_expansum,-0.6467552691529,0.00983242894507445,-1.01628425879172,0.00890131912101222
penicillium_freii,-0.64536583487307,0.00928436933341672,-1.01568229225274,0.00796625469658859
penicillium_griseofulvum,-0.668375202273302,0.0101426048652691,-1.03184634992731,0.00893999630454225
penicillium_italicum,-0.655643991641357,0.0104179593550738,-1.02816372335637,0.00887212432571653
penicillium_nordicum,-0.645718536663917,0.00851220957821991,-1.05052108899337,0.00948948484250862
penicillium_oxalicum_114_2,-0.696435078165192,0.0102038844554854,-1.05161295158862,0.009565556948893
penicillium_roqueforti_fm164,-0.65840809573155,0.00901301185005715,-1.01673587820239,0.00803877435852658
penicillium_rubens_wisconsin_54_1255,-0.669238318986098,0.00894529750413743,-1.0205588300489,0.00801994277898655
peniophora_sp_cont,-0.710931807090902,0.00661379508748094,-1.02832775793303,0.0065733880386504
pestalotiopsis_fici_w106_1,-0.685140574068603,0.0118760923130258,-1.02124510836094,0.00839991982086324
phaeoacremonium_minimum_ucrpa7,-0.707992887818647,0.012009864165202,-1.01171986864696,0.00940593116239155
phaeomoniella_chlamydospora,-0.76560546280934,0.0100192511897687,-1.00614248453515,0.0109469947210276
phaeosphaeria_nodorum,-0.664829902900476,0.00829636064339285,-1.0258703851902,0.00827937292773125
phanerochaete_carnosa_hhb_10118_sp,-0.751594362151921,0.00731252623868961,-1.03051097905304,0.00846291811188784
phialocephala_scopiformis,-0.75914262021327,0.00644025917246217,-1.02120913987997,0.00731755775412686
phialophora_attae,-0.849592708443409,0.00854909761993281,-1.02847695312863,0.00895746156302972
phlebiopsis_gigantea_11061_1_cr5_6,-0.619717605198062,0.00800320587438881,-1.01817190019096,0.00799111420745128
phycomyces_blakesleeanus_nrrl_1555_,-0.712765162940077,0.00776128791456261,-1.00917291999009,0.00669114624892901
pichia_kudriavzevii,-0.658323625909784,0.0134119715519756,-0.991844138996357,0.0111139694239871
pichia_membranifaciens_nrrl_y_2026,-0.290477500325695,0.0180561068634468,-0.995709645336644,0.0119164295259787
piloderma_croceum_f_1598,-0.844811619963219,0.0062019290463743,-1.00541795881319,0.00700773988487836
pisolithus_microcarpus_441,-0.854066426628221,0.00676799541297712,-1.03494544388086,0.00710870358314626
pisolithus_tinctorius_marx_270,-0.798580959566298,0.00657182325840819,-1.00800099157249,0.00627099322665331
pleurotus_ostreatus_pc15,-0.821411552467904,0.00784022697424568,-1.01534120305278,0.00785549719156876
plicaturopsis_crispa_fd_325_ss_3,-0.662149243639512,0.0133385288409881,-0.94888312451144,0.0143346420521345
pneumocystis_carinii_b80,-0.891132130778973,0.014685681944474,-0.988551451057842,0.0140798740368753
pneumocystis_jirovecii_ru7,-0.689390663271084,0.0141025887427529,-0.968164542518745,0.0138965764702272
pneumocystis_murina_b123,-0.901840013988399,0.0127717746501305,-0.974523079398487,0.0125235237674261
pochonia_chlamydosporia_170,-0.75277386101394,0.00884613654619561,-1.03010016766931,0.00741199397832157
podospora_anserina_s_mat_,-0.625432494837168,0.00940223618877871,-0.998663535450766,0.00866411306630638
postia_placenta_mad_698_r,-0.750725122151879,0.00956363918466437,-1.02356120566588,0.00911481722020599
pseudocercospora_musae,-0.753467966517953,0.00818074364311592,-1.01327018961413,0.00775253804668261
pseudogymnoascus_destructans_20631_21,-0.601922179571285,0.0100752282622993,-1.03680717302302,0.00983200492252979
pseudogymnoascus_sp_03vt05,-0.619916839602807,0.00929447709973937,-0.998696096983636,0.00808883847830091
pseudogymnoascus_sp_05ny08,-0.642616009387527,0.0102466086484961,-1.04279325822318,0.00920435834899885
pseudogymnoascus_sp_23342_1_i1,-0.628700138159258,0.0104766733736405,-1.00843197473912,0.00842764065871118
pseudogymnoascus_sp_24mn13,-0.643881772934526,0.0110048140912204,-1.0203309069013,0.00934016901416888
pseudogymnoascus_sp_vkm_f_103,-0.633392441427362,0.0108330373152216,-1.02772542355577,0.00974466898128449
pseudogymnoascus_sp_vkm_f_3557,-0.604019565351128,0.0101399120780062,-1.01746314945809,0.010012019505766
pseudogymnoascus_sp_vkm_f_3775,-0.656031551775309,0.0122151098803635,-1.02973570728616,0.0102016917659328
pseudogymnoascus_sp_vkm_f_3808,-0.598695113094894,0.0101928677791612,-1.03766740988188,0.00938084051711779
pseudogymnoascus_sp_vkm_f_4246,-0.61035027707446,0.0116687979774719,-1.02224142542877,0.0100686477357073
pseudogymnoascus_sp_vkm_f_4281_fw_2241_,-0.651470940101419,0.0113521719982045,-1.03113934363962,0.0098317236006715
pseudogymnoascus_sp_vkm_f_4513_fw_928_,-0.606147617567608,0.0114551995096187,-0.999179980974945,0.00942480526875949
pseudogymnoascus_sp_vkm_f_4514_fw_929_,-0.629303972562484,0.0112954037583293,-1.01843966277873,0.00915940484521668
pseudogymnoascus_sp_vkm_f_4515_fw_2607_,-0.607253209421035,0.0099280445107491,-1.02102565023729,0.00915496222497179
pseudogymnoascus_sp_vkm_f_4516_fw_969_,-0.627609340525978,0.0107684024968914,-1.03780511303722,0.00958587908491287
pseudogymnoascus_sp_vkm_f_4517_fw_2822_,-0.601972576410832,0.00940243728358499,-1.03569433021042,0.00857449663606323
pseudogymnoascus_sp_vkm_f_4518_fw_2643_,-0.622015562516503,0.00900781347273553,-1.02397356253723,0.00844649804925113
pseudogymnoascus_sp_vkm_f_4519_fw_2642_,-0.615346809221917,0.00983577297967318,-1.04657370871983,0.00909548273237495
pseudogymnoascus_sp_vkm_f_4520_fw_2644_,-0.633814236401251,0.0092047692156802,-1.03421983852231,0.00875012555436924
pseudogymnoascus_sp_wsf_3629,-0.615808079575585,0.00903093567045927,-1.04409986976717,0.00966275182432495
pseudogymnoascus_verrucosus,-0.616863173158493,0.00993391845930836,-1.03651471831116,0.00974968948109871
pseudoloma_neurophilia,-0.730027699291254,0.0146060310650459,-0.96050948791841,0.014702381344121
pseudozyma_hubeiensis_sy62,-0.656869629389701,0.0119614211754734,-1.03570719749519,0.0101879065278437
puccinia_graminis,-0.7364726082784,0.00723103960515701,-1.02628508391836,0.0072831063922029
puccinia_sorghi,-0.731517300532074,0.0073412678424774,-1.01697877265085,0.00661981214443441
puccinia_striiformis,-0.690909281549346,0.00672004569253858,-1.024778987475,0.00744485023960015
puccinia_triticina,-0.629743425686094,0.00861364415631233,-1.01224211840013,0.00839984574521107
punctularia_strigosozonata_hhb_11173_ss5,-0.632295678338125,0.0140285204574812,-0.898495281189321,0.0153016483796918
purpureocillium_lilacinum,-0.590168855253679,0.0116819693685365,-1.02539486366951,0.00887276729401154
pyrenochaeta_sp_ds3say3a,-0.685134695621074,0.00777290729738749,-1.00885123877312,0.00742953630359378
pyrenophora_teres,-0.692721328071392,0.00816966882210092,-1.01462259843546,0.00803273145841659
pyrenophora_triticirepentis,-0.673730182055815,0.00813483361192961,-1.0330427292731,0.00832036003293444
pyronema_omphalodes_cbs_100304,-0.535932649325499,0.00888647278342147,-1.01687563712103,0.008595003552846
rasamsonia_emersonii_cbs_393_64,-0.619543184705863,0.00963536583968677,-1.01460365832119,0.00862496279422192
rhinocladiella_mackenziei_cbs_650_93,-0.84223937386133,0.00844700329154745,-1.01460327478571,0.00848921425252006
rhizoctonia_solani_ag_1_ia,-0.84631741155624,0.00875824017071197,-1.0124091814227,0.00863189035253832
rhizophagus_irregularis_daom_181602,-0.699037413961603,0.00837889232766465,-1.00410429444049,0.00498472172002846
rhizopogon_vinicolor_am_or11_026,-0.86150092258341,0.00764488470157953,-1.05138851915221,0.00810312383869265
rhizopus_delemar_ra_99_880,-0.708988733255665,0.00826043335017883,-1.04190635415598,0.00738426739426936
rhodotorula_graminis_wp1,-0.797557480819506,0.0119820877742339,-1.01778808569213,0.0102624168661648
rhodotorula_sp_jg_1b,-0.714194058510415,0.0117524955257565,-1.01929185801469,0.00975365049567174
rhodotorula_toruloides_np11,-0.739009457700905,0.0102304699912849,-1.01825917403917,0.00932606840581146
rosellinia_necatrix,-0.551919510088796,0.0189683101444422,-1.02542399645847,0.00926235204468825
rozella_allomycis_csf55,-0.831116553470392,0.0123378990121686,-1.04590623137901,0.011241989277844
saccharomyces_arboricola_h_6,-0.610641541709735,0.0158448445888066,-0.966325873795854,0.0136181459478392
saccharomyces_cerevisiae,-0.68484739426084,0.0125857833196711,-1.01541601317796,0.0104077894062704
saccharomyces_cerevisiae_x_saccharomyces_kudriavzevii_vin7,-0.681659429573387,0.0106284613141874,-1.01980649046742,0.00863508853368292
saccharomyces_eubayanus,-0.536941743954843,0.0149684517647432,-1.00275811777339,0.0125028929506867
saccharomyces_kudriavzevii_ifo_1802,-0.651048620416857,0.0131436065488763,-0.971643193771553,0.0123614039444749
saccharomyces_sp_boulardii_,-0.675654276082334,0.0149464154542817,-0.974707588115363,0.0126238337571412
saccharomycetaceae_sp_ashbya_aceri_,-0.5418308707683,0.0233914603200361,-0.999810513111397,0.0134591708718286
saitoella_complicata_nrrl_y_17804,-0.637385464052149,0.011654467884342,-1.00758759913671,0.00987762542610381
scedosporium_apiospermum,-0.755078977060789,0.0107153782768493,-1.00432845511996,0.00952428746444816
scheffersomyces_stipitis_cbs_6054,-0.62997791374802,0.0127619336654578,-1.00964687330321,0.0113565032289767
schizophyllum_commune_h4_8,-0.679170589602872,0.00794561200852023,-1.03806116619362,0.00786882197196244
schizopora_paradoxa,-0.771629128264484,0.00677767160601046,-1.01883368814453,0.00729190998113059
schizosaccharomyces_cryophilus,-0.830397334768125,0.0130744345900623,-0.988897463451963,0.011376668084656
schizosaccharomyces_japonicus,-0.667239601452862,0.0141814275958404,-1.02483165621234,0.0116921520094351
schizosaccharomyces_octosporus,-0.804243675961082,0.0131666366289174,-1.03089768300238,0.0118265555233132
schizosaccharomyces_pombe,-0.83921533984743,0.0121675945027213,-0.970722770793474,0.0116422861441873
scleroderma_citrinum_foug_a,-0.807440889766868,0.00629392802573663,-1.02029494787624,0.00661928045690125
sclerotinia_borealis_f_4157,-0.725781740357826,0.00828985442863009,-1.01668554607597,0.00968514514865554
sclerotinia_sclerotiorum,-0.725798078457365,0.00884563563417484,-1.03121110900195,0.00982625744067658
serendipita_indica_dsm_11827,-0.868705866094579,0.00837616803124331,-1.0133343205316,0.00825532413707393
serendipita_vermifera_maff_305830,-0.844274759732081,0.00778196327395258,-1.03043148614335,0.0075785302819806
serpula_lacrymans_var_lacrymans_s7_3,-0.805508452709161,0.00785638210918909,-1.01502919986743,0.00768334771239102
setosphaeria_turcica_et28a,-0.613035530984658,0.00890529963769421,-1.02501346759044,0.00838070474741624
sistotremastrum_niveocremeum_hhb9708,-0.823078695436341,0.00723625720312476,-1.03152434022674,0.00722713878176741
sistotremastrum_suecicum_hhb10207_ss_3,-0.808221444476425,0.00658020744531729,-1.01875260203699,0.00813479268627727
sordaria_macrospora,-0.631275213799246,0.0114759927966783,-1.01229178735383,0.00954346418031113
spathaspora_passalidarum_nrrl_y_27907,-0.658081685398625,0.0130918302135798,-0.992363077982905,0.0115377342501566
sphaerobolus_stellatus_ss14,-0.711126258126963,0.00608870960316429,-1.02728024392372,0.00560812821805318
sphaerulina_musiva_so2202,-0.683212761985403,0.00917514227959351,-1.02285260928781,0.00917292019866513
spizellomyces_punctatus_daom_br117,-0.816230717650728,0.00926801017581284,-1.02293219063722,0.0098101469443271
sporidiobolus_salmonicolor,-0.793856740338178,0.0119325627500155,-0.998263351504167,0.0118356492923104
sporisorium_reilianum,-0.703637587468481,0.0135873784160124,-1.03096262574613,0.010944310727118
sporisorium_scitamineum,-0.657123650135067,0.0111208554051826,-0.986199753810555,0.010118009303295
sporothrix_brasiliensis_5110,-0.656386281036168,0.012864680146627,-1.04610408911274,0.009168200284071
sporothrix_insectorum_rcef_264,-0.679669912124825,0.0128720124154267,-1.02988265469561,0.00937913182369159
sporothrix_schenckii_atcc_58251,-0.724429097248274,0.0135795574149854,-1.05541794170707,0.00924121268312785
spraguea_lophii_42_110,-0.790409140573988,0.0150587507248388,-0.936582489084421,0.0155958456923347
stachybotrys_chartarum_ibt_40293,-0.606465704635647,0.011285473309599,-1.04369999497639,0.00931183817997476
stachybotrys_chlorohalonata_ibt_40285,-0.614451745462771,0.0111371559577524,-1.01599236507973,0.00981666696982709
stagonospora_sp_src1lsm3a,-0.711294000816395,0.00804797647968172,-1.00785965657206,0.00738203343173345
stemphylium_lycopersici,-0.679265177544202,0.0106322324378482,-1.04565118015314,0.00952581078095859
stereum_hirsutum_fp_91666_ss1,-0.691336227179585,0.0165443225281897,-0.862198365611689,0.0175049697824978
sugiyamaella_lignohabitans,-0.581632836695206,0.0125229003052387,-0.977145555140865,0.0122254293383843
suillus_luteus_uh_slu_lm8_n1,-0.863213506849983,0.00706109093159034,-1.0259297845152,0.00757120402428725
talaromyces_cellulolyticus,-0.707791275072998,0.0158440887526581,-0.837955062379513,0.018505679710064
talaromyces_islandicus,-0.741224153323368,0.0105976081712619,-1.03291158403626,0.00918202348037618
talaromyces_marneffei_atcc_18224,-0.7553539256748,0.00981891013147244,-1.01448735965411,0.00822566083975116
talaromyces_stipitatus_atcc_10500,-0.785469404640157,0.0078618990286027,-1.02727167565121,0.00791533212922221
termitomyces_sp_j132,-0.751857458311686,0.00781439645700554,-1.02283186371029,0.00803810069733452
tetrapisispora_blattae_cbs_6284,-0.64152847030965,0.01528629836473,-1.01213569406652,0.0128512742228782
tetrapisispora_phaffii_cbs_4417,-0.569271495329755,0.0152088832081668,-0.976573672543694,0.0125669789082751
thielavia_terrestris_nrrl_8126,-0.69785325537569,0.0120009865844617,-1.02693672943151,0.00915075606104212
thielaviopsis_punctulata,-0.649848977233437,0.014277707372921,-1.03010763891113,0.0106387228958218
tilletia_caries,-0.694074151093274,0.0101969580567176,-0.997540763174468,0.00836168370104706
tilletia_controversa,-0.703002463866554,0.0111438978057751,-1.03171500286905,0.00914570161962701
tilletia_indica,-0.67423447762491,0.0118359927491737,-1.02362737050737,0.00954575447738696
tilletiaria_anomala_ubc_951,-0.669599757748433,0.0104313353277199,-1.00588179020334,0.0111656951321169
tilletia_walkeri,-0.677521250710482,0.0130702105563194,-1.0405178223004,0.0109023066043989
tolypocladium_ophioglossoides_cbs_100239,-0.588903070257622,0.0125047057924528,-1.01582240706536,0.00843559716197755
torrubiella_hemipterigena,-0.572219377225827,0.0121222675619974,-1.0256554601979,0.00891826550606717
tortispora_caseinolytica_nrrl_y_17796,-0.729651985162264,0.0126083124090049,-0.98545986606798,0.0117950371538457
torulaspora_delbrueckii,-0.749464720514347,0.0121657813504808,-0.990895127686364,0.0120539365374971
trachipleistophora_hominis,-0.577341104081408,0.0150199117214741,-0.943187792207923,0.0131908811987688
trametes_cinnabarina,-0.748707383503564,0.0100575254895137,-1.02467951549187,0.0086007046766369
trametes_versicolor_fp_101664_ss1,-0.582836017560929,0.0209527430908635,-0.764961140427173,0.0218507038946702
tremella_mesenterica_dsm_1558,-0.567040088653854,0.0165587237236583,-0.833044906076665,0.0180319770117376
trichoderma_atroviride_imi_206040,-0.57435818856977,0.0104013550033159,-1.02181831588302,0.00863173732682001
trichoderma_gamsii,-0.615888492146152,0.0115170943074175,-1.01567762924624,0.00859305416031944
trichoderma_harzianum,-0.594618052859037,0.0103751506355763,-1.01957790840307,0.00824850324582386
trichoderma_reesei,-0.583520517515282,0.0113148673872297,-1.03961419837674,0.0091444741677021
trichoderma_virens,-0.568158201456284,0.00904800535317154,-1.02806057060883,0.00773360829060187
trichophyton_equinum_cbs_127_97,-0.673792347256727,0.0107758148479924,-1.02550524831533,0.00913117265406864
trichophyton_interdigitale_mr816,-0.645815222182173,0.011006742880069,-1.02484209242511,0.00997388579078562
trichophyton_rubrum_cbs_118892,-0.665941480638838,0.0106060524519524,-1.01687050886583,0.00879587315087656
trichophyton_soudanense_cbs_452_61,-0.648293426507586,0.0102578687778671,-1.0288969728138,0.00837111630182989
trichophyton_tonsurans_cbs_112818,-0.670306879777892,0.0108538840079116,-1.03726339876721,0.0108019790464008
trichophyton_verrucosum_hki_0517,-0.670085495539897,0.0105319433433769,-1.02185833894067,0.00974434011312714
trichophyton_violaceum,-0.688590285464532,0.0121498781527611,-1.00815693691008,0.0105349106591717
trichosporon_asahii_var_asahii_cbs_8904,-0.649526648657103,0.0119513734078085,-1.03118333466436,0.00995212400351765
tsuchiyaea_wingfieldii_cbs_7118,-0.715252957346935,0.0101811928954886,-1.02332593200985,0.0100860283114964
tuber_melanosporum,-0.736982816927203,0.0103413649406149,-1.01652734273206,0.00953657437554783
tulasnella_calospora_mut_4182,-0.769639094561614,0.00648450507349118,-1.01735706118007,0.00663299909717114
uncinocarpus_reesii_1704,-0.806754764585989,0.0118902077868143,-1.03901866055703,0.0103897831444426
ustilaginoidea_virens,-0.572551606914681,0.0126324315941705,-1.00497049113129,0.010019900311758
ustilago_hordei,-0.596593496778519,0.0110724179615167,-1.02061267595933,0.0115909104799234
ustilago_maydis,-0.693092426850604,0.0117420816808633,-1.03492366101869,0.0106908160366076
valsa_mali_var_pyri,-0.665498409022273,0.0126179403740774,-1.01665394336321,0.00904452633818577
vanderwaltozyma_polyspora_dsm_70294,-0.70205980624215,0.0156392661507128,-0.970357526966395,0.0127850365877782
vavraia_culicis_subsp_floridensis,-0.630743501495141,0.0135057958744098,-0.923148725028765,0.0137796722236571
verruconis_gallopava,-0.672730194213104,0.0105072282774385,-1.01446517148597,0.00805983977891917
verticillium_alfalfae_vams_102,-0.64949518125758,0.0119503861864651,-1.02788334329018,0.00863286097005873
verticillium_dahliae,-0.592937075870791,0.0121347313699205,-1.03176512154455,0.00866880682139972
verticillium_longisporum,-0.588311061931057,0.0131319720718936,-1.0073954756874,0.00641365473711189
vittaforma_corneae_atcc_50505,-0.729628438737784,0.01446600894735,-0.946603477457696,0.0159997935359076
wallemia_ichthyophaga_exf_994,-0.689925787240462,0.0117698843481981,-1.00034506670758,0.011678903316626
wallemia_mellicola_cbs_633_66,-0.650522433164669,0.0121850308540395,-1.01465115432592,0.0116267135303798
wickerhamomyces_anomalus_nrrl_y_366_8,-0.680635961972129,0.0131548338109775,-0.985156859650478,0.0109507578002825
wickerhamomyces_ciferrii,-0.701791148841982,0.0138423177033236,-1.01036478629357,0.0116962836965099
xanthophyllomyces_dendrorhous,-0.66949135591504,0.0122715260755728,-1.03446139458106,0.0107650782663672
xylona_heveae_tc161,-0.688507586132615,0.0110397088462646,-1.02119926574435,0.0105640817666655
yarrowia_lipolytica,-0.633412204685864,0.0142279559729944,-1.03088225551946,0.011591073490281
zygosaccharomyces_bailii_isa1307,-0.715963068249288,0.0117137603406688,-1.04828563664924,0.00995000324457572
zygosaccharomyces_rouxii,-0.722114344391521,0.0120968117478115,-0.989376409919686,0.0112849077727531
zymoseptoria_brevis,-0.745117257350723,0.0086395038844895,-1.02798279845229,0.00847184513768232
zymoseptoria_tritici,-0.731474721271666,0.00829074961701342,-1.03478715426947,0.00858733588274394
