E,H,Q,F,Y,C,N,K,D
Acidobacteria_bacterium_mor1.ASM166450v1,0.71652830479419072,0.21525684816824056,0.88213200540175563,0.07840385722510075,0.12209947818363495,0.17402981066201154,0.09568204121687929,0.88250402900886382,0.25575434767373173
Acidobacteria_bacterium_scgc_ag_212_p17.ASM164424v1,0.42180214240705732,0.50395444479595064,0.66837958204864678,0.53056399864910508,0.52977971172151206,0.25276344878408252,0.44679186228482004,0.53818800247371679,0.48891072431218419
Acidobacterium_capsulatum_atcc_51196.ASM2256v1,0.62160778289810548,0.44065816376204847,0.81139777275789637,0.47789605230858495,0.44421499970072426,0.14778645833333334,0.39810699158081891,0.74361836719505847,0.43538355217691777
Acinetobacter_baumannii_gca_000809745.ASM80974v3,0.25285115912578277,0.73354321694333147,0.30410678285751447,0.73074534161490678,0.75160960654062337,0.69227419214354147,0.66744545421097168,0.22682930312941882,0.70971643376644600
Aggregatibacter_actinomycetemcomitans_rhaa1.ASM25991v1,0.18258727512503423,0.56098428276793966,0.30698639177849713,0.58197794624396970,0.67058991030326043,0.48029818956336529,0.57201592377471777,0.14191691691691691,0.65437330928764648
Akkermansia_glycaniphila.ASM168379v1,0.33868243243243246,0.41763560500695412,0.70459368795782840,0.22936452397614049,0.34356234890431259,0.17267552182163187,0.35383105455529984,0.51728932731661248,0.41576588452412339
Akkermansia_muciniphila.ASM168876v1,0.27223052126739522,0.54295740561471439,0.77848621161744569,0.41587450980392154,0.44383096198768318,0.20594461104251191,0.42777144042310483,0.47977542760151454,0.40980813393584709
Akkermansia_muciniphila_atcc_baa_835.ASM2022v1,0.27769427631311694,0.54223944013996506,0.78952049809978164,0.40656186811036460,0.44272703389088364,0.20349746893695353,0.42662103874808399,0.48841767155728555,0.41127046579515170
Akkermansia_sp_kle1798.ASM158019v1,0.30855602197877208,0.48556711546307629,0.79058339144005052,0.37335410985586287,0.39532622785539390,0.21073163550713969,0.37307794469202843,0.56108179419525062,0.31879614566387188
Aminobacterium_colombiense_dsm_12261.ASM2588v1,0.33187926546119750,0.66470282446716344,0.61691825690686419,0.68138457345325698,0.65597567272935908,0.50696150696150699,0.56663978223611255,0.35853751353883084,0.64756779571594392
Aminomonas_paucivorans_dsm_12260.ASM16579v1,0.77811502705702784,0.16919415164909896,0.92518041909399185,0.13382424116711608,0.12362785675724312,0.16806969459671103,0.06971485994221831,0.87762353330028098,0.17628221165874405
Anabaena_sp_mdt14b.ASM167219v1,0.17667874532895481,0.69717258320890130,0.23342071219445767,0.79250448833034115,0.74699038655850347,0.74235304548275560,0.74989344155964488,0.21766770412555461,0.79058290226470962
Anaerobaculum_hydrogeniformans_atcc_baa_1850.ASM16045v2,0.42060559731600627,0.58222300140252459,0.50055852054114436,0.62338094885648732,0.54165198570493789,0.44494919306634789,0.49905377336718210,0.46951631589109866,0.58315009836824439
Anaerobaculum_mobile_dsm_13181.ASM26692v1,0.47885203064794718,0.58531885073580936,0.53892965813495619,0.62814976153817270,0.50592334494773517,0.40143655227454111,0.44971714432652299,0.57013518541485797,0.54890452719450700
Aquifex_aeolicus_vf5.ASM862v1,0.34795693455408611,0.16996830427892234,0.64178806625424067,0.56285193116028231,0.18524905158397792,0.48942208462332304,0.30232820976491864,0.51885363002727392,0.37627134679975399
Arthrospira_maxima_cs_328.ASM17355v1,0.29148454724790157,0.62975050326358817,0.36234103088542796,0.74764203727979028,0.73249458390475619,0.68543903110377102,0.66583847424368625,0.26897894911321069,0.70593644511698284
Bacillus_pumilus_gca_000828345.ASM82834v1,0.30582807824811947,0.71890885659053483,0.37807218094227157,0.69261739694011826,0.70372190466337325,0.60523727563314478,0.62231809974910313,0.30825120583217763,0.70749064299021502
Bacteroides_cellulosilyticus_cl02t12c19.Bact_cell_CL02T12C19_V1,0.30477528089887640,0.66402938683243851,0.52745554904868108,0.48509508556257758,0.69111503630807192,0.54563307493540047,0.61358560638377957,0.41287095346024993,0.62967856947387346
Bacteroides_fragilis_hmw_615.Bact_frag_HMW_615_V1,0.33134949436299416,0.64680706521739129,0.54574477788926390,0.51857608561092694,0.68823893705663775,0.56074197962596928,0.58147640197793071,0.37624055837078113,0.60065853005852310
Bacteroides_fragilis_str_1007_1_f_7.ASM59914v2,0.32875646697158284,0.64877884453427659,0.53939622370593721,0.52878166915052160,0.68878265886425449,0.56935508005386803,0.58861384328494648,0.36387012340672609,0.61066790038478469
Bacteroides_fragilis_str_2_f_2_5.ASM59828v1,0.33001881458994192,0.64498296586745518,0.53875467728863824,0.51879408887286960,0.68482847672421832,0.56713051823416505,0.58048462586646132,0.37089303027038673,0.59771883172538076
Bacteroides_oleiciplenus_yit_12058.Bact_olei_YIT_12058_V1,0.30564158094206823,0.64669797031202669,0.52409437017410043,0.46187812167150966,0.68872864969384462,0.51413795669320639,0.59693827600017801,0.41229099862574436,0.59866251838825857
Bacteroides_sp_1_1_14.ASM16251v1,0.28929586083307834,0.65501665812403898,0.58153130709184520,0.48544361403463793,0.68856184939161447,0.54555879401786989,0.59292902306527739,0.39369451301372832,0.57951770927490154
Bacteroides_xylanisolvens_sd_cc_2a_gca_000577955.SD_CC_2a,0.27348323034028471,0.67995833953280760,0.49599454576444518,0.50956408588158753,0.71356203237892923,0.58198286196332638,0.61519834769603310,0.35331807052688480,0.61797500925943971
Blastopirellula_marina_dsm_3645.ASM15310v1,0.39172533036927260,0.53097454079873940,0.47923632833567037,0.50876323434251647,0.45817878890056923,0.26487140133017067,0.38624500088337804,0.50358676195475160,0.45286185039952004
Bordetella_pertussis_gca_001333755.5633_3_2,0.57660403964995233,0.33863168263633919,0.85214542908581714,0.11870704068363366,0.28376546348076598,0.10397221619275017,0.21598760520916210,0.85665312814398031,0.25298278341300379
Borrelia_burgdorferi_jd1.ASM16665v1,0.24985026951487324,0.72862453531598514,0.16332509383868901,0.88902100673801032,0.77297008547008550,0.66891241578440808,0.80293448802218004,0.20447291282162633,0.79842212569807636
Borrelia_miyamotoi.ASM80729v1,0.28750351024992982,0.83529090412455609,0.22362403406402775,0.87745679166406687,0.84277657266811279,0.76761303890641430,0.83277036083856093,0.27892080745341613,0.85775921106697717
Borreliella_spielmanii_a14s.ASM18189v2,0.25679671849661356,0.78013807753584707,0.15569111326771107,0.90639723589152965,0.80890804597701149,0.69160671462829737,0.82251790292635485,0.20249726861245512,0.82065318818040434
Brachyspira_hyodysenteriae.ASM101311v1,0.17975297008043617,0.93196858731139154,0.41276210930876617,0.75108272241174900,0.86853247720081894,0.59261735990370468,0.88569125230062518,0.13519002030751379,0.86781122488259299
Brachyspira_hyodysenteriae_atcc_27164.ASM167678v2,0.17991815973524186,0.93238709677419351,0.41465713177005376,0.75383782256545484,0.87009049773755653,0.59480621166644920,0.88777366907319366,0.13597810511095906,0.87080974374255060
Brachyspira_hyodysenteriae_gca_001013155.ASM101315v1,0.17991961002309073,0.93271791230250312,0.41636162919063391,0.75211507984883574,0.86884629838406613,0.59384283013772621,0.88747853814078981,0.13667103258399935,0.87018913355858485
Burkholderia_pseudomallei_gca_001320645.7910_5_5,0.65257408609128276,0.33952680416904879,0.80907308060098215,0.11436462490600960,0.32369880546075086,0.07031863129806938,0.20115283200130818,0.85968596474328096,0.29412826972216954
Caldimicrobium_thiodismutans.ASM154827v1,0.41481091586363267,0.72332834618483144,0.50819559228650135,0.85429334362834985,0.83012820512820518,0.69708288865172541,0.79615133724722764,0.35927393688014619,0.80345238620811443
Caldisericum_exile_azm16c01.ASM28433v1,0.26743542945633536,0.60283073367995377,0.30693845550764404,0.76390093112677648,0.66031084762057357,0.61212333566923616,0.67228796437554117,0.31372885932398931,0.73192314174953654
Calditerrivibrio_nitroreducens_dsm_19672.ASM18340v1,0.36829934832877864,0.73345750416625821,0.61240310077519378,0.79475900037782699,0.68831301505142006,0.68222985633978761,0.73515525939514936,0.28922616846471694,0.82715282779861410
Candidatus_hepatoplasma_crinochetorum_av.ASM58253v1,0.08554616777308388,0.90807174887892372,0.05749385749385749,0.93155831427638025,0.93663221630650384,0.84615384615384615,0.94624823542186987,0.07921828651195253,0.96490026538823725
Candidatus_koribacter_versatilis_ellin345.ASM1400v1,0.49547652797465186,0.34870010887749953,0.70283327221416159,0.25336939108452505,0.35594874405974203,0.22770123277737492,0.31424390736162267,0.68050897087792150,0.41134221497190504
Candidatus_magnetobacterium_bavaricum.ASM96323v1,0.56804629748948587,0.44722663535262830,0.60952236081533318,0.68829818347252458,0.51706585717987641,0.52448263588752730,0.41470579373926669,0.58850930033136073,0.47253170726178467
Candidatus_magnetoovum_chiemensis.ASM96072v1,0.33776346604215457,0.55854703231907432,0.42014637652747827,0.63407165686953804,0.55990400590732881,0.39179917668899833,0.50247123113937742,0.25256323481487053,0.51089233704075898
Candidatus_mycoplasma_haemobos.ASM164576v1,0.23717373861330060,0.77039030955585464,0.14770876948127470,0.77601467187624595,0.70448814926878467,0.76127247579529733,0.83707067839909166,0.28523299643083494,0.83292462570986059
Candidatus_nitrospira_inopinata.NiCh1,0.50965729081230604,0.47603974325156073,0.57233993418393858,0.41508904781938016,0.51055145107963595,0.35073968844910358,0.38235649060702359,0.56530967115020714,0.43366974941478953
Candidatus_nitrospira_nitrificans._COMA2_,0.48643371709418970,0.57317597275943011,0.58617901349754309,0.42129020550741730,0.57236628322609995,0.41928576890724173,0.48249003924388123,0.59006223335551289,0.52903927035584331
Candidatus_nitrospira_nitrosa._COMA1_,0.49784893894144117,0.58551834130781499,0.59177026725228909,0.48930787692706867,0.58630284534601917,0.50658879904162923,0.51634873612226251,0.59403225497152279,0.56926662429250285
Candidatus_phytoplasma_mali.ASM2620v1,0.05349182763744428,0.87271990271584921,0.04025282767797738,0.93779667721518989,0.92880768624980314,0.88923315259488767,0.89556135770234990,0.05268088389265443,0.91576912455122894
Candidatus_solibacter_usitatus_ellin6076.ASM1490v1,0.54576788301600165,0.29954500758320696,0.77532384993551040,0.22316634607342978,0.33588458984728675,0.16705508082713721,0.35335533992201290,0.69944623681802864,0.45388707256940725
Candidatus_synechococcus_spongiarum_sp3.ASM100766v1,0.64745862884160754,0.43121514280885581,0.70497650948320867,0.47581348053457290,0.40887461337140141,0.35136436597110754,0.31446314463144631,0.67823177175061644,0.43075627271921269
Candidatus_xiphinematobacter_sp_idaho_grape.ASM131829v1,0.46037000973709835,0.56969319420650988,0.50382319053105684,0.66724642987916516,0.56443571536485870,0.53589232303090728,0.55577197766523823,0.49072057157793847,0.61346704871060176
Capnocytophaga_cynodegmi.Ccyn49044.1,0.22819957392720958,0.55882572088517990,0.25175478026347636,0.72111103258180786,0.67217572589660690,0.71959005376344087,0.71075948047616067,0.19567107490962340,0.73002600316116861
Caulobacteraceae_bacterium_otsz_a_272.ASM167966v1,0.48104738534696928,0.35213002890584277,0.53431856376877318,0.29356409892656171,0.46505277743815460,0.17528767735448553,0.36364215218083412,0.68624849588102810,0.49775528657772422
Cellulophaga_geojensis_kl_a.KLA,0.25890106933889301,0.59172223986450723,0.20693789683080360,0.93512872628726285,0.62848228214842883,0.72962132830010618,0.63545844633739512,0.16704202308694466,0.75436932454285355
Cephaloticoccus_capnophilus.ASM158004v1,0.59185659109001387,0.21390374331550802,0.45364654180182068,0.48079334850666544,0.27746192180809998,0.21059782608695651,0.26772358243303712,0.48114361431046782,0.32995900003628315
Cephaloticoccus_primus.ASM158001v1,0.67721554065288481,0.17469699236869668,0.68536379810843717,0.43730859304629799,0.19386937358087353,0.15094700593074420,0.24172724993732764,0.59117015432252906,0.34957918089939077
Chlamydia_gallinacea_08_1274_3.ASM47102v2,0.27289183888972696,0.73286108776563819,0.28627622377622380,0.75372393247269120,0.74800290486564991,0.68580060422960720,0.75264203416765996,0.28144750254841999,0.80088908008890802
Chlamydia_muridarum_gca_000700845.cmvar001,0.34749634933345896,0.72126241327710516,0.33138558176904537,0.67503451738420983,0.70364817591204398,0.63361986628462275,0.70253747592328952,0.28626989406888081,0.78010967436192535
Chlamydia_muridarum_gca_000772145.ASM77214v1,0.34801991937396254,0.72083503888661482,0.33389893028402806,0.67453400343533298,0.70323360531882739,0.63342995169082128,0.70375710287507420,0.28707885583761616,0.78043789645999595
Chlamydia_pneumoniae_b21.CpneumoniaeB21_v1,0.35443313321152004,0.68011703035474824,0.34702803470280347,0.65337986774430568,0.69773030707610151,0.64305633017289454,0.66317705962676377,0.33704643730024442,0.73496516904198883
Chlamydia_psittaci_01dc11_gca_000415525.ASM41552v1,0.29526678141135970,0.69355022181776815,0.29076524539662535,0.67098903689732403,0.68919704392593206,0.68057503506311356,0.67133426685337072,0.28977272727272729,0.76969732658108581
Chlamydia_psittaci_6bc_gca_000204255.ASM20425v1,0.29891376634892486,0.69518282066163672,0.29326335466244879,0.66585007349338554,0.68325637078843848,0.68376982006057363,0.66920391061452511,0.29549202858713580,0.76991204124962087
Chlamydia_psittaci_cp3.ASM29853v2,0.29812363506707673,0.69349953401677544,0.29579807622767051,0.66464311994113323,0.68315897787686508,0.68177761913260748,0.66703973139339678,0.29507894007940172,0.76751262856795077
Chlamydia_psittaci_nj1_gca_001401475.ASM140147v1,0.29841923783081814,0.69708372530573848,0.29389062841331098,0.66782156777825896,0.68277365896205844,0.68010075566750627,0.67297067573310665,0.29574596120909136,0.76947251663790983
Chlamydia_psittaci_str_frances.ASM140148v1,0.29869229702878797,0.69449830344158991,0.29604672057502246,0.66732221023916771,0.68341708542713564,0.68465804066543434,0.66717903674425416,0.29716399506781749,0.76887958911926957
Chlamydia_trachomatis.ASM59057v1,0.35979713254657175,0.70604007902907140,0.35139103554868623,0.63739245532759758,0.67829661642247285,0.62592518503700745,0.68976407207876644,0.30392429724464237,0.76835108283896791
Chlamydia_trachomatis_a_5291.ASM31854v1,0.35813415574402468,0.70867339881034719,0.35055070262058491,0.63536456962358512,0.67544314294599361,0.62991971803407087,0.69153957879448080,0.30345703556439141,0.76790730337078650
Chlamydia_trachomatis_b_tz1a828_ot.ASM2690v1,0.35908377476947223,0.70819256756756754,0.34964330024813894,0.63432986227746058,0.67634329145993877,0.63032984714400642,0.69292216236299464,0.30420310296191821,0.76819484240687674
Chlamydia_trachomatis_d_lc.ASM9300v1,0.36022732792538981,0.70871623503202452,0.35166768665850673,0.63831603835544459,0.67521100343857454,0.62740478994895954,0.69237049804953277,0.30350302559262754,0.76753889674681752
Chlamydia_trachomatis_e_sotone4.ASM31866v1,0.35885466794995186,0.70678883798417325,0.35136163091434658,0.63611824346566592,0.67626273124090630,0.62720501764014114,0.69043509855572716,0.30274418861465408,0.76854453498173647
Chlamydia_trachomatis_gca_000971725.ASM97172v1,0.35695550806294929,0.70922581548369035,0.35014541558242768,0.63610542307946361,0.67657488527325826,0.62631058358061320,0.69302410518626734,0.30282273656300063,0.76811902231668439
Chlamydia_trachomatis_gca_001398095.7794_5_15,0.26626190792948168,0.65026657655628139,0.30790389624359399,0.70408372538174224,0.71310523904078205,0.61206087772333995,0.69502814313290162,0.30793985506676214,0.69578062776655802
Chlamydia_trachomatis_gca_001398135.7501_6_52,0.35926850340789096,0.70726643598615913,0.35119137957201396,0.63597612958226768,0.67684504709657389,0.62742030119303738,0.69159132007233270,0.30318914146987419,0.76859446196985626
Chlamydia_trachomatis_gca_001398155.7501_6_49,0.35951226537372188,0.70706093685228688,0.35107028996508272,0.63602313050335124,0.67652533609100307,0.62727450596752099,0.69117514226357146,0.30370125578321217,0.76898800757416363
Chlamydia_trachomatis_iu824.ASM34884v1,0.35879279191287788,0.70661795700435581,0.35028204930067230,0.63593238457940804,0.67637095066694897,0.62772554510902179,0.69112895781408656,0.30293706293706296,0.76885714285714291
Chlamydia_trachomatis_l1_224.ASM31886v1,0.35752701196763409,0.70901982686400444,0.35079813640876806,0.63630332382405630,0.67713331942416022,0.62692156089869921,0.69408435274785463,0.30312914639540028,0.76805143422354105
Chlamydia_trachomatis_l2b_uch_1_proctitis.ASM6852v2,0.35806356390829480,0.70991067630795401,0.34956440572495334,0.63607637488234503,0.67821939586645474,0.62700000000000000,0.69530450953045098,0.30396128741841100,0.76949030868628854
Chlamydia_trachomatis_rc_j_971.ASM44179v1,0.35934983160052714,0.70717999156948153,0.35139103554868623,0.63710533297957017,0.67860518853061658,0.62761341222879685,0.69329132690882134,0.30431867702106263,0.76962079554381202
Chlamydia_trachomatis_rc_l2_55.ASM44181v1,0.35883930748597903,0.70849122807017539,0.35121574681590118,0.63604450920651745,0.67847040335254061,0.62724580454096746,0.69511292114031842,0.30364507858655670,0.76979493021931078
Chlamydia_trachomatis_sweden2.ASM21049v1,0.35972917279952898,0.70748587570621468,0.35033775914279058,0.63474222641001476,0.67726161369193150,0.62760834670947030,0.69077538862515131,0.30397519030166337,0.76967177870144765
Chloracidobacterium_thermophilum_b.ASM22629v1,0.38935176084556877,0.30699538287307254,0.81195897628904778,0.51507297139521313,0.35652722303973094,0.36830236334115102,0.27179903303242386,0.57988298110432590,0.38112706693457704
Chlorobaculum_limnaeum.ASM174740v1,0.57543545559658349,0.35930361773058400,0.81972553650690227,0.27697175950803032,0.35155135520684738,0.16442521342533037,0.29462195029836091,0.58166247363472334,0.40698513494010680
Chlorobaculum_parvum_ncib_8327.ASM2050v1,0.55032851511169512,0.35287738577212263,0.83007084265473530,0.30668157674028518,0.34103985220374772,0.18536242083040114,0.28875219683655534,0.56110461718293392,0.42941522268566468
Chlorobium_chlorochromatii_cad3.ASM1258v1,0.39920189181200116,0.59611439604199346,0.28932321447135878,0.84312267657992568,0.60003437607425236,0.39262295081967213,0.58030811244026237,0.30320699708454812,0.79449381067337821
Chlorobium_ferrooxidans_dsm_13031.ASM16871v1,0.53756295321087499,0.59577667364016740,0.83588039867109631,0.58123312331233123,0.54561419724558646,0.38669301712779974,0.46452265827054989,0.42562651576394500,0.62291129769723164
Chlorobium_limicola.ASM150957v1,0.39985147464460002,0.60582259028429952,0.84143811938234614,0.47346646511257856,0.54267291910902693,0.34924703620634412,0.42292391844853305,0.36502466382863707,0.58765915768854060
Chlorobium_limicola_dsm_245.ASM2046v1,0.40683973380087851,0.59460590838416461,0.83326578584745081,0.46391219400068956,0.52670243499793645,0.34492397137745973,0.41577558672406612,0.37942033353425758,0.56696428571428570
Chlorobium_luteolum_dsm_273.ASM1248v1,0.54281638562425483,0.46285329744279946,0.90830283182431126,0.25790568654646323,0.36257643279096280,0.19042156581588759,0.25879043600562590,0.58085764662829764,0.38958045182111573
Chlorobium_phaeobacteroides_bs1.ASM2054v1,0.41719853468786583,0.61299852289512557,0.78046965437406979,0.52278184567041175,0.55956678700361007,0.45217803030303028,0.42722937869190802,0.40526705887802844,0.57009009009009004
Chlorobium_phaeobacteroides_dsm_266.ASM1512v1,0.42842400371510636,0.63761831738141828,0.74040138124380317,0.60726292826895933,0.61160730694306609,0.40527100944803579,0.48638469586011057,0.35281160384023941,0.63079381992541295
Chlorobium_phaeovibrioides_dsm_265.ASM1608v1,0.50546575040962560,0.55453741660638212,0.87210974665339092,0.44288489750604654,0.49419659049691694,0.28277805403613460,0.38653670423393238,0.44525862068965516,0.48971299580780392
Chlorobium_sp_gbchlb.ASM72417v1,0.38621820059725620,0.45336154973140158,0.32638676064970884,0.55549932523616730,0.49135509917500436,0.31296196142058769,0.41320252183001249,0.27901838183442246,0.39890640570304314
Chlorobium_tepidum_tls.ASM698v1,0.56300616249144098,0.34177592371871274,0.82894537369245536,0.31127388766000652,0.33707231835860435,0.19092159559834937,0.28027040792702690,0.56979604079184165,0.40535244044338292
Chloroflexus_aggregans_dsm_9485.ASM2194v1,0.48375377022210037,0.47209198863830809,0.52089054350430342,0.56784500188859510,0.48758865248226951,0.50381611643592472,0.48472274613353450,0.55131321050568405,0.67788789650158754
Chloroflexus_aurantiacus_j_10_fl.ASM1886v1,0.46964809963269660,0.46676039365334404,0.66984671815321450,0.53119705494781322,0.45369933406743224,0.55650208623087627,0.52868297761582506,0.54354330394542627,0.67313834958197927
Chloroflexus_sp_isl_2.ASM165069v1,0.51742830884801339,0.43283634697402279,0.55295478038439305,0.51884743575959569,0.44204647127402869,0.25369038607115824,0.46013776899663589,0.63060416921633422,0.65580184404712250
Chloroflexus_sp_y_400_fl.ASM2218v1,0.47161868904750698,0.46548552618840161,0.67081106204973273,0.52979250348602469,0.45466794496411267,0.53702960763861030,0.52868905350643991,0.54409271888674260,0.67202851088422266
Chloroherpeton_thalassium_atcc_35110.ASM2052v1,0.29819964375616437,0.59868182054076491,0.33950996750680601,0.70503061745194762,0.62850893182646739,0.31617819460726848,0.57337934072388219,0.26776718965572560,0.62220695785688307
Chryseobacterium_sp_mof25p.ASM167793v1,0.18057093019355272,0.67521051170537616,0.45360803091397850,0.71921182266009853,0.70445771073139341,0.69329949238578681,0.71480972539285004,0.15830156160233980,0.75494925969056725
Chthoniobacter_flavus_ellin428.ASM17307v1,0.51571182877890309,0.37662503885465615,0.68020280057943028,0.28821463961052951,0.40516846811956486,0.19933288859239492,0.44498859003615293,0.66009615897146146,0.47518490816920134
Chthonomonas_calidirosea.WRG1.2,0.63940302398331594,0.57288852343474683,0.57211378322563455,0.54770214466497935,0.53232907730045920,0.42080639673358283,0.34944056583640742,0.47972453744753796,0.57494299520950565
Chthonomonas_calidirosea_gca_001457975.P488,0.64042282344220824,0.56999805182154684,0.57410186247682937,0.54452717204101642,0.53071522597630538,0.42105263157894735,0.34811852390474457,0.48162066940692894,0.57253144066741379
Chthonomonas_calidirosea_gca_001458035.TKA4.10,0.63933430320858176,0.57075362094338167,0.57412653446647777,0.54442751300509695,0.53092174777798495,0.41900091430471281,0.35054126586858847,0.48307004297827855,0.57301309143387280
Chthonomonas_calidirosea_t49.T49,0.63945358021494236,0.57161361227774066,0.57397885364496382,0.54492036904097207,0.53019057802377512,0.41999156474061577,0.35002442598925254,0.48251274345148648,0.57284837349146034
Cloacibacillus_evryensis_dsm_19522.ASM58533v1,0.57932168550873586,0.39513998943475964,0.86530031986731426,0.37048233239285233,0.44806837010552020,0.18944929602566388,0.29795173729164937,0.55623360903772445,0.30193534552082774
Cloacibacillus_porcorum.ASM170104v1,0.61520338357603110,0.42066531051812850,0.87579214195183774,0.42156909108105550,0.47839059674502715,0.25406137184115524,0.33819381768953066,0.55440532892771144,0.34107190744358884
Clostridioides_difficile_t23.T23,0.20492452393425845,0.83884131656408889,0.17796708615682477,0.87132823796736214,0.82518929388976936,0.85368671914494110,0.84020552889719313,0.24095887173022376,0.83024902537990297
Coraliomargarita_akajimensis_dsm_45221.ASM2590v1,0.52756804686030578,0.44595833333333335,0.58525050832743142,0.43707331874038274,0.48164796152084288,0.46427692560085310,0.50453051876929200,0.65482039175652396,0.54293988114988989
Cyanobacterium_sp_ippas_b_1200.ASM174700v1,0.26733437294021190,0.70511083743842362,0.22196360558611933,0.82339128828852592,0.77674137699637635,0.78435754189944129,0.70939532253504056,0.22342417686308019,0.77505463309029266
Cylindrospermum_stagnale_pcc_7417.ASM31753v1,0.26616654990278421,0.60595489878320108,0.32474961652982043,0.74685951654071370,0.63645747649231466,0.60923570069117505,0.64786429147678959,0.29029715686846869,0.71020717017403934
Deferribacter_desulfuricans_ssm1.ASM1098v1,0.27832652238450400,0.78169561835623547,0.33727288763450342,0.88559039359573044,0.82054057133092195,0.76771394767976864,0.77873707040373707,0.20052217971254266,0.87391624133550272
Defluviitoga_tunisiensis.DTL3,0.18318215038046515,0.78787878787878785,0.18832062023258722,0.83165723524656432,0.77717801600483161,0.77659069325735997,0.73421833074424514,0.21027829815176036,0.79906224936763526
Deinococcus_actinosclerus.ASM150766v1,0.73342628700899759,0.08436589820802685,0.96445064041125728,0.03814655172413793,0.03917718101035888,0.06862146202402769,0.06385559027939736,0.81329296424452135,0.09984327278572577
Deinococcus_deserti_vcd115.ASM2068v1,0.55547855928987444,0.33363722847629618,0.90721321893867179,0.37321036451471234,0.26153724058569106,0.27555155335434489,0.26437693917310051,0.68493353574999072,0.25900041968505372
Deinococcus_geothermalis_dsm_11300.ASM19627v1,0.66955837372779792,0.24138752561109258,0.84028563729452976,0.37512745452751373,0.23200460115913818,0.23259791345989397,0.23099787685774947,0.78448818567171696,0.21909377479467329
Deinococcus_gobiensis_i_0.ASM25244v1,0.72734619510116516,0.18992564911051424,0.91509161439418951,0.14066276384338580,0.16049213475444668,0.17717391304347826,0.14836419861545488,0.83704596316061286,0.13005620201060714
Deinococcus_maricopensis_dsm_21211.ASM18638v1,0.59753310214375788,0.09239872553482020,0.90614282129213952,0.05241643870075150,0.04499060994529273,0.06499261447562776,0.06402058344999811,0.68460609314186016,0.07708893033761700
Deinococcus_peraridilitoris_dsm_19664.ASM31783v1,0.52941793667864545,0.21486099410278012,0.81718839379055963,0.31786799226732948,0.16829427083333334,0.21942705825710160,0.20681171448897320,0.64679364700262720,0.23206360356333217
Deinococcus_phoenicis.Deiph1P10ME_08-2013_v01,0.67715833278287862,0.17670682730923695,0.90423052125179781,0.20786992263056092,0.18052721782420630,0.14687882496940025,0.15453881723046969,0.82510304695708392,0.12187465170709960
Deinococcus_proteolyticus_mrp.ASM19055v1,0.55560505113108150,0.22190978996901181,0.87872180255950993,0.31680904824930817,0.20646564808256601,0.18400158793171895,0.19353341584158415,0.69383978573167759,0.14637960949145915
Deinococcus_puniceus.ASM164456v1,0.38479219874622705,0.30578912346500514,0.67789870943828556,0.44588387704628429,0.26056977925062802,0.21154745208041140,0.27691387559808611,0.53952168625861374,0.29913596427357897
Deinococcus_radiodurans_r1.ASM856v1,0.56004454505622903,0.16729107348019381,0.82352941176470584,0.34230273379392417,0.16946156635242929,0.18073408703732383,0.15697069533552974,0.70625573569899047,0.11212942466433581
Deinococcus_sp_leaf326.Leaf326,0.71499159712147542,0.18528417577234493,0.90940646313738227,0.17356649694772480,0.15871154642019589,0.17980636237897649,0.15603640735016314,0.83540840060199750,0.13859220993249452
Deinococcus_sp_rl.ASM70818v1,0.70674287541468483,0.15503507311853526,0.82262974237137132,0.42512648930961316,0.17166648873705562,0.11807511737089202,0.15714113098115032,0.81427650471781043,0.09653459006736163
Deinococcus_sp_ur1.ASM141398v1,0.62909678412063397,0.12887051372273048,0.91823056300268091,0.06749276638570889,0.05115879828326180,0.12545201668984701,0.09003239659459052,0.72435749904104330,0.13652310218705679
Deinococcus_swuensis.ASM80039v1,0.67442931517821381,0.19341694448854316,0.90484862960530243,0.24221662110831055,0.12853543756239008,0.15339116719242901,0.15901375737001966,0.77675662127161837,0.20553045515394913
Denitrovibrio_acetiphilus_dsm_12809.ASM2572v1,0.38402421293136701,0.51920174408854602,0.78078008427074874,0.61726028618553019,0.61784406779661016,0.47597917911084564,0.50492264416315047,0.31954183864379671,0.53521247724071597
Desulfurispirillum_indicum_s5.ASM17763v2,0.48942149636778198,0.37462316013477565,0.87152548636591609,0.48197919595164462,0.42176656151419556,0.31196539180021632,0.41831700865089011,0.57096611327254909,0.49697038209360161
Desulfurobacterium_thermolithotrophum_dsm_11699.ASM19104v1,0.22842738025984100,0.59110229526778124,0.38467005076142130,0.80596107055961075,0.59266743648960740,0.74983853606027984,0.59636777565064414,0.32155250764273319,0.72608332560081656
Dethiosulfovibrio_peptidovorans_dsm_11002.ASM17297v1,0.70158453896080353,0.40938098276962348,0.83905433052966583,0.30832274034923396,0.36346350738628053,0.43701448666806636,0.22909627373530672,0.62394232981415676,0.40154638118091018
Dictyoglomus_thermophilum_h_6_12.ASM2096v1,0.36825646612597346,0.79878714372346882,0.31122527219751572,0.81233140655105973,0.79060069874901384,0.79464898239195059,0.77523599531454557,0.33561381319228850,0.83056745182012848
Dictyoglomus_turgidum_dsm_6724.ASM2164v1,0.35965285459031737,0.80576361558969156,0.29586843160850379,0.82720562875077597,0.80817939824151008,0.79954499494438824,0.78372075806929231,0.33109788413714381,0.82458986839733184
Dysgonomonas_gadei_atcc_baa_286.Dysg_gade_ATCC_V1,0.27099831373134964,0.70954089241807405,0.53449474502106076,0.55537091659396509,0.71946108626557537,0.57172774869109944,0.66483219780093528,0.31281265859493945,0.66817417390118627
Elusimicrobium_minutum_pei191.ASM2014v1,0.22483031674208145,0.57662267708052783,0.46004213483146067,0.81969895287958117,0.62384536435169347,0.38348936170212766,0.51068497602990170,0.15579419778810707,0.52985074626865669
Enterobacter_hormaechei_subsp_steigerwaltii_gca_000958345.ASM95834v1,0.44454282308871107,0.44496597042947666,0.81707061011458393,0.47264181468299243,0.45706831119544594,0.34262274549098198,0.31889205788175184,0.34554553036621427,0.52049109458758425
Enterococcus_faecalis_engen0418.Ente_faec_B338_V1,0.16219551702327878,0.74313124061867786,0.16472404861526199,0.76436653544281863,0.74907369928698198,0.76277636824936568,0.70396878650065853,0.16063374773245462,0.75138931586539603
Escherichia_coli_dec13d.ASM25037v2,0.31560350960398387,0.57497520456236051,0.66912896754428253,0.57172300082440231,0.56866388359354259,0.44850136239782018,0.45238849579329038,0.23824353783867955,0.62675171159606335
Escherichia_coli_gca_001672015.ASM167201v1,0.32273098654760124,0.57039208718313195,0.66088016983092190,0.57389430123286489,0.56647667791089917,0.44773880941393635,0.45368392499915233,0.25195571515846882,0.62442590076977811
Escherichia_coli_o145_nm_str_2010c_3516.Ec2010C-3516,0.32000000000000001,0.57707393317408362,0.66104860586116421,0.57690792965873872,0.56928821685413977,0.44780125642490004,0.46113402231240658,0.24262491594304594,0.62768523546720889
Fermentimonas_caenicola.E5B,0.39459176964445269,0.70599084636928755,0.58369701339607605,0.65793821041990286,0.73144147408914784,0.61999132070013019,0.67004365039082325,0.31598763406504204,0.76228616022836959
Fervidobacterium_islandicum.ASM76727v3,0.30087331757936914,0.47137424195703564,0.40280002372901463,0.52407361507002104,0.37444407071046831,0.55972540045766594,0.45873925501432666,0.41353687101203457,0.62673989205567660
Fervidobacterium_nodosum_rt17_b1.ASM1754v1,0.22077411749295958,0.59923981470483434,0.22048117589960481,0.66801364645092909,0.50372443148228430,0.65627415614532336,0.63844531485387168,0.26699019510745764,0.75119551851345812
Fervidobacterium_pennivorans.ASM164466v1,0.27298976288389187,0.54193971166448229,0.32938033491887664,0.57528245330873873,0.45489757616898935,0.63210618582519407,0.48762207585737000,0.34878535632379171,0.63756331185611415
Fervidobacterium_pennivorans_dsm_9078.ASM23540v3,0.27065312276803427,0.54106765859052985,0.31778959810874702,0.58084758364312272,0.45864688726460950,0.64562669071235346,0.49402579769178545,0.34333588663347375,0.64777770832031001
Fervidobacterium_thailandensis.ASM171906v1,0.41821802935010483,0.32502866673616176,0.47982415851978216,0.42393561786085149,0.23423499221740776,0.51455180442374859,0.30142940733929618,0.49389945176717603,0.56669386090148888
Fibrobacter_succinogenes_subsp_succinogenes_s85.ASM2466v1,0.15072037404289410,0.47639609917034592,0.64579302955445106,0.47786194388136138,0.42870052831587729,0.26746494602307980,0.43725313070124167,0.63205150341629457,0.51076790460455423
Fibrobacter_succinogenes_subsp_succinogenes_s85_gca_000146505.ASM14650v1,0.15155092230455250,0.47751081461406159,0.64867399741267784,0.47841513897102306,0.42966399197592781,0.26708776595744682,0.43500414969794060,0.63623710167427294,0.50975821990179626
Fimbriimonas_ginsengisoli_gsoil_348.ASM72462v1,0.63490720494027930,0.28104699432772445,0.64256331666397803,0.24507277784413767,0.26678853184529538,0.17216838279830407,0.24136820407111570,0.73238492602087835,0.31811435850092901
Fischerella_sp_jsc_11.ASM23136v1,0.22320988220720980,0.60438091702246144,0.28120402706886183,0.77384386590457077,0.61166658987236788,0.67831059666528870,0.65570510608226917,0.25714947990612236,0.73490104983709426
Flavobacterium_akiainvivens.ASM127811v1,0.33626684874693374,0.38784907269238966,0.62559982862039420,0.79540384831415600,0.56573633021208769,0.41014433828013824,0.37339638157894739,0.34228310502283105,0.57551904106446428
Flavobacterium_suncheonense_gh29_5_dsm_17707.ASM76983v1,0.17946680954052507,0.52190398808314709,0.55367491166077742,0.61286949247071942,0.54702174987642116,0.62178154485846793,0.48374163870777154,0.15541608626923137,0.58323839362005125
Flexistipes_sinusarabici_dsm_4947.ASM21862v1,0.31124825114514060,0.65514126149802887,0.67780993443978499,0.74619289340101524,0.68378999234277726,0.53403784713688862,0.65924551638837348,0.26704941952673983,0.71300967051354613
Fretibacterium_fastidiosum.ASM21071v1,0.82778531427180080,0.20195804195804196,0.89146623298810235,0.26893601853502047,0.21656107789774248,0.18883161512027491,0.14764227642276423,0.81636558050537456,0.19045163508229127
Fusobacterium_hwasookii_chdc_f128.ASM29293v1,0.11766018051408765,0.85008375209380238,0.07603924606248386,0.85717598631765080,0.88710445297870311,0.89196727407958354,0.88092342392145595,0.16476375225162809,0.89165267816267357
Fusobacterium_hwasookii_chdc_f174.ASM145514v1,0.11757656242408539,0.84852286985285730,0.07686707516835528,0.85923721340388004,0.88449385954453319,0.89433493162848521,0.88244063024079178,0.16280830950422395,0.89082704577985883
Fusobacterium_hwasookii_chdc_f300.ASM145510v1,0.11844129488396452,0.85069325083075509,0.08035336116657590,0.85634015431063404,0.88054939378285579,0.88906168999481594,0.87981406305870480,0.16577342937280257,0.89050420576651923
Fusobacterium_mortiferum_atcc_9817.Fuso_mor_ATCC9817_V2,0.38170429135908351,0.78707184628237259,0.14001164822364590,0.84476690670853860,0.87179717971797177,0.89366361023675922,0.84800089595699402,0.18966568644722398,0.88466937384067779
Fusobacterium_necrophorum_dab.FnecDABv1.0,0.20753115796129590,0.83045835386890099,0.25727337236118503,0.79489225857940937,0.83854893362567273,0.78747965073257364,0.81856515711645106,0.22916171930657800,0.79086402710673276
Fusobacterium_necrophorum_subsp_funduliforme.ASM159648v1,0.19810658013581775,0.81773977196512404,0.24380527099203222,0.77822224836755105,0.82462803582006339,0.77245328511151301,0.78892275484129182,0.21990363955986719,0.77334354164672858
Fusobacterium_necrophorum_subsp_funduliforme_1_1_36s.Fuso_necr_1_1_36S_V1,0.20488564034412815,0.81557552417629442,0.25103361495595899,0.76849743449615937,0.82135435327839479,0.76494321578003588,0.78972777673955019,0.23812898653437278,0.77563555146817320
Fusobacterium_nucleatum.ASM154643v1,0.12059415023109762,0.86120909864979933,0.09813174736569914,0.88456640037049905,0.89739371653441713,0.88461538461538458,0.89664183980138512,0.15961066601596921,0.89842855656155685
Fusobacterium_nucleatum_cti_2.Fuso_nucl_CTI-2_V1,0.11414615818147661,0.85783193703985783,0.08997060231079511,0.87427736870930450,0.88959631536169059,0.89879798371461805,0.88987499705736950,0.15507644406585500,0.89771729587357330
Fusobacterium_nucleatum_cti_5.Fuso_nucl_CTI-5_V1,0.12153457418413467,0.86015092502434276,0.09544979079497908,0.88539436375209768,0.89604392055546589,0.89351684172401302,0.89742171074471622,0.15958362362198270,0.90432276657060517
Fusobacterium_nucleatum_subsp_animalis.ASM129608v1,0.11769479087653689,0.85850518536178333,0.09300681321506621,0.88660000000000005,0.89743426902070367,0.89626998223801069,0.89756563660448652,0.15918794702346958,0.90308630852789007
Fusobacterium_nucleatum_subsp_animalis_d11.Fuso_nucl_D11_V2,0.11757516053706947,0.85801851388541406,0.09286485028324791,0.88343741596199243,0.89860927152317882,0.89850971514808531,0.89881101234455629,0.15783299412030755,0.90360509963574032
Fusobacterium_nucleatum_subsp_fusiforme_atcc_51190.ASM27997v1,0.11784503859913387,0.86032293462925225,0.09149651072628587,0.87842168256051889,0.90014508833319107,0.89852579852579850,0.89746041230953089,0.16255223578358277,0.90657568659401844
Fusobacterium_nucleatum_subsp_nucleatum_atcc_25586.ASM732v1,0.11308304443744091,0.85817655571635310,0.08853046594982079,0.87028652841538701,0.88739955787922387,0.89273495673173675,0.88925089353011255,0.15636609253630529,0.89572123269933535
Fusobacterium_nucleatum_subsp_polymorphum_atcc_10953.ASM15362v1,0.11863029009805416,0.85348621728051888,0.08506004604567233,0.86644932831206789,0.88997781065088755,0.89582608695652177,0.88540161495962599,0.16316092492669407,0.89334625804687695
Fusobacterium_periodonticum_2_1_31.Fuso_sp_2_1_31_V3,0.11932728684475723,0.81399138633453616,0.08254865034526052,0.79392386530014636,0.84992552512387143,0.87788355913584770,0.84326682214736115,0.19025729080756595,0.85202488441335233
Fusobacterium_periodonticum_atcc_33693.ASM16047v1,0.11691380540797716,0.82553617068563179,0.08126223382169762,0.82031812005435212,0.86184918948808242,0.88129861345958738,0.85450213441874312,0.17692121088313778,0.87157715983867545
Fusobacterium_periodonticum_d10.Fuso_PO_Taxon_201_D10_V1,0.11966402820503957,0.82003395585738537,0.07926668425217620,0.79595172987754137,0.85349611542730297,0.87659176029962549,0.84705048796653948,0.18654920558972121,0.85585149724994902
Fusobacterium_sp_cm21.FspCM21v1.0,0.13357082591169026,0.85780506138812329,0.13032786885245901,0.87859337450187081,0.89549573830138463,0.87973733583489677,0.89302031348843747,0.17298432086440776,0.90009582477754957
Fusobacterium_sp_oral_taxon_370_str_f0437.ASM23546v1,0.12127543051865074,0.82683565229370437,0.09001865671641791,0.82498755599800899,0.86044943820224717,0.88588588588588590,0.86085167009656482,0.18358099878197320,0.86389448066580532
Gemmata_sp_sh_pl17.ASM161085v1,0.55038981377455487,0.06815952309085421,0.68907748407106062,0.11723104647751562,0.11161100830206618,0.22075000000000000,0.12146397568255880,0.73724142175178242,0.22173082653807602
Gemmatimonas_aurantiaca_t_27.ASM1030v1,0.51293847038527884,0.39620021674342998,0.85171838097564945,0.25865153829369408,0.36379103282626102,0.33224855079833215,0.34234028590178900,0.84720535575276346,0.45764223292313178
Gemmatimonas_phototrophica.ASM69509v2,0.54492962225309205,0.34581663326653306,0.85527454562938743,0.35124318375106306,0.33972550514677852,0.30726323285070023,0.30485740330772237,0.82483347566182752,0.43393115462987447
Gemmatirosa_kalamazoonesis.ASM52298v1,0.94875928844854762,0.10575078479246600,0.97727578098757140,0.02098821914674597,0.08968044446195673,0.07840449144796971,0.04693369441775137,0.97720811929579576,0.11385221910280151
Gimesia_maris_dsm_8797.ASM18147v1,0.27791287907330409,0.60310619612945193,0.74645516106101983,0.54981480249295811,0.59278236040609134,0.55452598793069885,0.57155608799314095,0.30155649320206285,0.61914712051488596
Gluconobacter_oxydans_621h.ASM1168v1,0.45309081549483077,0.62492309148563585,0.92661082474226808,0.27315195578511037,0.58366596638655466,0.30895672593089568,0.37976601296187190,0.68639411965293828,0.46924656128105113
Granulicella_mallensis_mp5actx8.ASM17895v2,0.62119356425797401,0.44161293381376826,0.78175753652151880,0.34647305760099101,0.44821386695849291,0.23618874301312881,0.36024401717832377,0.75418788734122844,0.44865618243873528
Granulicella_tundricola_mp5actx9.ASM17897v2,0.67037909872836243,0.38635482978134517,0.81567237969676998,0.30067771699191637,0.35584066413527982,0.22266995000373108,0.27327923842362684,0.79755869797225187,0.40696606309219713
Hapalosiphon_sp_mrb220.ASM127539v1,0.22086427795874050,0.63067160826594792,0.26222309159372098,0.77982778167683420,0.64821419341499975,0.68674762970064984,0.68063368974416916,0.24279420749681113,0.74638802598136123
Herpetosiphon_aurantiacus_dsm_785.ASM1856v1,0.36457228181853901,0.64251642516425167,0.29433215444100347,0.69661014447838732,0.72726797112064456,0.58539919229574400,0.61325056309399550,0.32830574921303179,0.82149700478024967
Herpetosiphon_geysericola.ASM130613v1,0.35693926770445078,0.60865435982667537,0.28491212447280867,0.69685237235448505,0.72570184790334047,0.55008461600451286,0.59612258098351489,0.34438890389984689,0.80484501373785844
Hydrogenivirga_sp_128_5_r1_1.ASM17189v1,0.56920713429256597,0.33369037417880604,0.73177842565597673,0.53173954502111431,0.36728200424238949,0.49321773178576422,0.40389399988427938,0.52349641716540085,0.43572131734383390
Hydrogenobacter_thermophilus_tk_6.ASM1078v1,0.55329926483772640,0.43093866828331817,0.64890841686118361,0.76210135595788198,0.40610518260278050,0.43505674653215637,0.39386335120337629,0.53560221504383942,0.51683235427022145
Hydrogenobacter_thermophilus_tk_6_gca_000164905.ASM16490v1,0.55317000942253336,0.43179049939098663,0.64799117910550619,0.76325800806512978,0.40615529090365815,0.43275705186533214,0.39443394605737847,0.53653850605310061,0.51700859858198822
Hydrogenobaculum_sp_3684.ASM21378v1,0.32729511079845236,0.65965513024336553,0.21073607157381050,0.87792321813392926,0.60598764310376163,0.58630806845965766,0.44788172443781837,0.23131919852974137,0.76596888803533703
Hydrogenobaculum_sp_ho.ASM34185v1,0.32718948109884949,0.65976476353834845,0.21116445601757669,0.87779379956741166,0.60591850671522873,0.58672219500244982,0.44810577799883944,0.23126794687724336,0.76585178055822911
Hydrogenobaculum_sp_sho.ASM21506v1,0.32727219317313905,0.65987730061349692,0.21119074767877505,0.87761564980357576,0.60551504102096632,0.58686596422445481,0.44827729348277295,0.23166266034641567,0.76600994717970472
Hydrogenobaculum_sp_sn.ASM34876v2,0.32754650132860941,0.66077389046853752,0.21067691301504252,0.87780196742460892,0.60539822197782056,0.58769762845849804,0.44771009894376490,0.23141335259332821,0.76597311015537217
Hydrogenobaculum_sp_y04aas1.ASM2078v1,0.32876195998840241,0.66373050827282465,0.21643922564265314,0.87692788255046661,0.61083414938128733,0.59194725688721450,0.45922556754145871,0.23518534824337414,0.76976604227789058
Ilyobacter_polytropus_dsm_2926.ASM16550v1,0.33480653769179453,0.64207608193439092,0.55075827081871664,0.80235814296241714,0.74509633994858016,0.69423377874082104,0.69857720399365664,0.26560177857255052,0.69238136881337586
Isosphaera_pallida_atcc_43644.ASM18634v1,0.54167445440052775,0.36100859192772150,0.48715045850786820,0.24293108776266997,0.35357644263652399,0.27980572209152310,0.22322960626999955,0.62726910299003324,0.31508386093524382
Jejuia_pallidilutea.ASM76477v1,0.22363359221891557,0.67581397682235489,0.19721445287973058,0.86402558367118687,0.64089331791084614,0.68358831710709322,0.63018301499648843,0.19401620515868026,0.77346771550311377
Jonquetella_anthropi_dsm_22815.ASM23780v1,0.55688940474216553,0.23838209982788297,0.79111055931466878,0.38859695218076723,0.24480388870264835,0.22610343893853235,0.16117052881758764,0.60288312264360167,0.20477471418964358
Jonquetella_anthropi_e3_33_e1.ASM16199v1,0.54234403962441891,0.24885163068442812,0.77329298926695589,0.39995229007633587,0.26523351752327606,0.23816103504584851,0.19383892442239917,0.58638846320091165,0.21964217738865627
Jonquetella_sp_bv3c21.JspBV3C21v1.0,0.55983305509181969,0.23296593186372747,0.79655908577169410,0.38836929829144679,0.24064625850340135,0.22413087934560327,0.15806789292657394,0.60830212234706615,0.20228188424897389
Klebsiella_pneumoniae_bidmc_42b.Kleb_pneu_BIDMC_42b_V1,0.49453452891731065,0.50145238162384731,0.84842271962445037,0.48662645972902085,0.51691113229038332,0.26883682599481989,0.35379653623161389,0.36192729902057452,0.52741520907780082
Kosmotoga_arenicorallina_s304.K.arenicorallinaCLCassembly,0.25355002872855620,0.62578334825425241,0.54737620103473761,0.61634519904913787,0.63306451612903225,0.48524150268336314,0.57857249403341293,0.33591201806473198,0.69340865094728821
Kosmotoga_olearia_tbf_19_5_1.ASM2332v1,0.28450555261766264,0.58042681207107272,0.57306688641670100,0.56056958308866711,0.54943986307764126,0.61110013825794984,0.54200716845878139,0.34215361303153707,0.69760883614358737
Kosmotoga_pacifica.ASM102702v1,0.29543764210884210,0.56021916675281713,0.59103335155822856,0.52819398741254275,0.57365200425682872,0.60468485872977540,0.52472391626833692,0.37711565183717172,0.65043162809445432
Lactobacillus_brevis_gca_001010995.ASM101099v1,0.27538699690402479,0.55151515151515151,0.37208913649025072,0.64148256344714261,0.57660660787374995,0.67540773904700990,0.58304119954184164,0.53414540042991787,0.66406610891546480
Legionella_pneumophila_gca_900053415.10060_4_56,0.29850040749796253,0.78612346272483280,0.28770171307597592,0.79488540837094057,0.75057413319890209,0.60550760378133994,0.75496178683571302,0.23336541840460803,0.78110396898275691
Lentibacillus_amyloliquefaciens.ASM130780v2,0.25313613638440352,0.71044515030152378,0.51470963787731749,0.68293006297646663,0.72966690290574066,0.56370777690494889,0.65187257582501434,0.27299021293893250,0.69971998302927452
Lentisphaera_araneosa_htcc2155.ASM17075v1,0.27906285559008848,0.55327530029664929,0.31802833930493507,0.66024367061263289,0.56986134151303636,0.57886442863282561,0.67253156696336158,0.28725940157256197,0.70552396819093188
Leptospira_borgpetersenii_str_200701203.gls454123v02,0.21304207328895494,0.63625916602823684,0.32100845217694385,0.65043784504092894,0.64850444199127377,0.66595517609391675,0.58658813213625360,0.27061470162380785,0.65340079789821937
Leptospira_borgpetersenii_str_brem_328.gls454056v2.0,0.20968537199664183,0.63726189822693091,0.32270587516048177,0.65294222452582651,0.65373004433082216,0.67039530842745443,0.59022097790220973,0.26163415945642077,0.65458294132954342
Leptospira_interrogans_serovar_copenhageni_str_hai0188.gls454167v02,0.15012521418215369,0.69685314685314681,0.25550365189563062,0.79848058443546854,0.72906567030056524,0.80487804878048785,0.64909258175127538,0.20101822426875932,0.71101339052390655
Leptospira_interrogans_serovar_djasiman_str_lt1649.LintLT1649v0.2,0.14891762486418073,0.69973378873876135,0.25200446301149487,0.79870120436418579,0.72972206466250711,0.80330097087378638,0.65247250440769033,0.20088395407750767,0.71163486853969060
Leptospira_interrogans_serovar_medanensis_str_l0448.LintL0448v0.2,0.15721520396237965,0.69862497645507626,0.25398432790837855,0.79294334839634084,0.72754154070216470,0.80418885979958477,0.64984986863505567,0.20585943743007831,0.71116054875787915
Leptospira_interrogans_serovar_muenchen.ASM102231v1,0.14995217512379982,0.69756420709335509,0.25493796395876506,0.79650503063771838,0.72778527370855817,0.80197530864197530,0.64795253446738454,0.20297013292670799,0.70863910484632708
Leptospira_interrogans_serovar_pyrogenes_str_2006006960.gls454019v2.0,0.15390871084130348,0.69626930085355332,0.25226944627957620,0.79643694458873249,0.72887046258534061,0.80018264840182651,0.65030830039525689,0.20471499814532415,0.71000843649386203
Leptospira_interrogans_str_2002000623.Lint2002000623v2.0,0.15684494794993334,0.69655526512322630,0.25234183599942356,0.79176792434489174,0.72600294524521403,0.79837618403247634,0.64898627892688920,0.20633689300826114,0.70699439296664579
Leptospira_interrogans_str_hai1536.gls454172v02,0.15134163240531842,0.69271008302538750,0.25421156095254682,0.79590624248511166,0.72066231448643525,0.78422273781902552,0.63583961889638740,0.20377851100352565,0.69483981160395425
Leptospira_interrogans_str_ui_13372.LintUI13372v0.2,0.15868866087641384,0.70044640802614022,0.25433649796559354,0.79292023554603852,0.72984401631032769,0.79442970822281167,0.65431458927183206,0.20837672672967716,0.71320518933850729
Leptospira_noguchii_str_bonito.gls454072v02,0.14393640621148632,0.68241305594660828,0.25577048114434331,0.80135436776061775,0.71727774737575245,0.79318460908718791,0.62229880611186328,0.19947372511574715,0.68094298863529634
Leptospira_santarosai_str_cbc523.gls454165v2.0,0.21872813683626449,0.59878750194310582,0.32140215102714392,0.62580239915432112,0.60638377957893153,0.61801690373118945,0.54250596220876901,0.26797243463528547,0.61586676541247454
Leptospira_santarosai_str_hai821.gls454175v2.0,0.21905403749540497,0.60271682340647859,0.31911591412065643,0.62802118291819331,0.60823550114381963,0.61654987633965375,0.54900359965858914,0.26761889265956951,0.62000842228610142
Leptospira_weilii_str_ui_13098.LweiUI13098v0.2,0.22273281956003121,0.62470432396631659,0.32393601263947863,0.65081472874650736,0.63471322590044155,0.61799301598970779,0.57592547590117460,0.27741560902071832,0.63974486549974718
Leptospirillum_ferriphilum.ASM75550v1,0.36028282233117992,0.59082712190430386,0.76360491417927001,0.56153399186519470,0.57623305775828126,0.43765401675702315,0.44267152951903349,0.43123848029014805,0.48132972766259663
Leptospirillum_ferriphilum_ml_04.ASM29923v1,0.37554064131245340,0.57780675608544463,0.76410279777636014,0.55529476315308179,0.56811627638712658,0.43356521739130433,0.42819568648079959,0.44340907683734754,0.47200893480385314
Leptospirillum_ferriphilum_ysk.ASM69597v1,0.36812498626645279,0.58414948453608251,0.76083969103918869,0.55851395117090186,0.57252727597925235,0.44096209912536444,0.43401077980517233,0.44090050277003873,0.47383150605885749
Leptospirillum_ferrooxidans_c2_3.ASM28431v1,0.43200952639605572,0.66738648301622505,0.68412417425845173,0.61615097519865158,0.62387648194099810,0.46943268416596107,0.54705907370390849,0.44635445952820840,0.60819510110318664
Leptospirillum_sp_group_ii_cf_1_.ASM118640v1,0.38232916744388484,0.57318055125425826,0.75686396862185767,0.53933367690302236,0.55546209062359808,0.42517651110728433,0.43014550077694591,0.46831323550777276,0.46050546334139630
Leptotrichia_buccalis_c_1013_b.ASM2390v1,0.14971643958779998,0.74832535885167462,0.40778515389257697,0.88157470151661821,0.79179511501067112,0.73760421237384821,0.83104866346812889,0.18471566271715414,0.79882046358524206
Leptotrichia_sp_oral_taxon_225_str_f0581.ASM46952v1,0.16097232532845329,0.74878135774580901,0.39439109173393033,0.88515447059510599,0.79052503711701982,0.73984657039711188,0.81959258705085181,0.19330407210999268,0.80807669328119058
Leptotrichia_wadei_f0279.ASM46940v1,0.15634113379329967,0.77248023715415015,0.34095556794943299,0.89331886809510896,0.83118077916563460,0.76048746191703775,0.85801162816600207,0.20657441876799887,0.83464083307741699
Limnoraphis_robusta_cs_951.ASM97270v2,0.20026468985442059,0.68459191456903123,0.25217078189300413,0.80444482337226819,0.74627316299958490,0.76960342496620104,0.67577251507107272,0.20363706156134542,0.78388880227384483
Marinithermus_hydrothermalis_dsm_14884.ASM19533v1,0.80909483324887865,0.07902567296380873,0.77740635139121028,0.17754547699399129,0.05501375343835959,0.09419431279620853,0.04690231851007222,0.79183052802684706,0.15715628842120488
Marinitoga_piezophila_ka3.ASM25513v1,0.10891706135821373,0.82675415387871731,0.39294933254664799,0.82226211849192099,0.85615858817841173,0.82994278448823899,0.81799217731421126,0.18268552275667410,0.85597675705589371
Marinitoga_sp_1155.ASM102117v1,0.11443931030762869,0.85777080062794353,0.28534258456201217,0.86372937877371603,0.88286063083780486,0.81610576923076927,0.85023880838662669,0.12842449805074710,0.88567526311561018
Marinitoga_sp_1197.ASM102116v1,0.11103173990269519,0.85398570643210558,0.27189612784265521,0.86192513948323490,0.88348779453631354,0.82692918386789460,0.84980943046934554,0.12687100091407677,0.88503210272873190
Meiothermus_ruber.ASM83639v1,0.74522525022984720,0.18285885525921486,0.83604696239685439,0.45428368060049179,0.21637976857341457,0.19210977701543738,0.13437807910664853,0.63560190267105743,0.35159266409266410
Meiothermus_ruber_dsm_1279.ASM2442v1,0.73272527577479585,0.18571118820468344,0.82724590245232954,0.46005444431293646,0.22235040190532895,0.19488451994655467,0.13902727349489150,0.61646432729086975,0.34703520607434518
Meiothermus_ruber_dsm_1279_gca_000376665.ASM37666v1,0.73326681237923275,0.18335146898803048,0.82809990859006344,0.46008043053994913,0.22092374111429527,0.18988072335513659,0.13743754763316116,0.61880643763953214,0.34670916421488501
Meiothermus_ruber_h328.ASM34612v2,0.73323774849373324,0.18598620689655174,0.82696640464627247,0.45840830034784696,0.22248305630229828,0.19464251300828675,0.13700047419924991,0.61724894514767936,0.34670080427462219
Meiothermus_silvanus_dsm_9946.ASM9212v1,0.72650752942723751,0.21137757947573899,0.71559633027522940,0.33137163801559033,0.24217092950717406,0.25799642799155709,0.16992433795712483,0.67927257697871457,0.32283554741181858
Meiothermus_taiwanensis.ASM162317v1,0.74179066439255814,0.18472955806645719,0.83126435354726580,0.45543730089777007,0.21946188751890727,0.19592030360531310,0.14084507042253522,0.63267018216682647,0.35475076570966985
Mesotoga_infera.ASM36770v1,0.42529440091056342,0.51496230868803772,0.67719580173755833,0.42108838915687208,0.47465392545079688,0.47535551567030238,0.48338510226806541,0.58143875760630159,0.58613414659620244
Mesotoga_prima_mesg1_ag_4_2.ASM14771v3,0.43065076533007796,0.51150832517140055,0.68856710611627403,0.41917225897356292,0.47430913102868549,0.46885445153448801,0.47640748124940663,0.58732232966767861,0.58263112257375993
Methylacidiphilum_fumariolicum_solv.ASM29741v1,0.26603503218769381,0.79903005364097290,0.36408276325177319,0.75309066919083267,0.77112875779920587,0.63317699333497901,0.68307215148547173,0.28266736310611995,0.76967909051662109
Methylacidiphilum_infernorum_v4.ASM1966v1,0.28972385694884562,0.68852338644540712,0.40109712810584058,0.70080499690385811,0.58960802187784866,0.49976520309931910,0.52240064062039027,0.36492900905422077,0.69035429039524887
Methylacidiphilum_kamchatkense_kam1.ASM81724v1,0.25391255346942959,0.80556303275011221,0.35300030153784301,0.76282402962556572,0.77569460131014234,0.63914780292942741,0.69195379796397805,0.27486390959985552,0.77381993006993011
Microcystis_aeruginosa_nies_843.ASM1062v1,0.26814353294104071,0.64508848606434044,0.30344049633389736,0.74758641927785052,0.70551361422167014,0.72173963738121616,0.71423777631744523,0.22184775770647974,0.75675675675675680
Microcystis_aeruginosa_pcc_9443.ASM31218v1,0.26018070077798433,0.63819543509272469,0.30831954444494136,0.74887198172516001,0.70485459940652817,0.73156089193825047,0.71952304979427328,0.21164813554194084,0.77735343486764097
Moorea_producens_3l.ASM21181v1,0.34090391534712838,0.60200541868179169,0.39458145189301841,0.69968535998519343,0.62479682138342063,0.63134287785429499,0.63722853745031449,0.36531872993606518,0.67139768254144261
Mucispirillum_schaedleri_asf457.Muci_scha_ASF457_V1,0.17101090745530192,0.80453913849004166,0.61224489795918369,0.91023532388663964,0.87055845594051573,0.59460171165240294,0.79951822024891950,0.12290365156181259,0.82361730013106160
Mycoplasma_agalactiae.ASM8986v1,0.16653437841055660,0.64034103657168495,0.13984263233190272,0.83240698358726217,0.74343598055105353,0.62423873325213153,0.72258355916892503,0.22211883983572894,0.72714511317775044
Mycoplasma_bovis.ASM104313v1,0.16487045504027870,0.64897100093545368,0.14685314685314685,0.82909336941813261,0.75172924901185767,0.63186481593240795,0.73209745272987836,0.22576271186440677,0.72761170840842704
Mycoplasma_canadense.ASM82885v1,0.08072207084468665,0.77195876288659793,0.05440026617867243,0.90101919015701037,0.85070279853108777,0.76028806584362141,0.84756588790424670,0.09983375623414122,0.87886697602474861
Mycoplasma_canis_ufg4.ASM25900v1,0.12795125666412796,0.65330661322645289,0.05995717344753747,0.80869445968184317,0.75384017110635815,0.73868046571798185,0.75783526088108055,0.14706857795629583,0.82260585876435810
Mycoplasma_capricolum_subsp_capricolum_atcc_27343.ASM1276v1,0.07489035696441459,0.80067305203209937,0.04463726630288935,0.94610739979445013,0.90537421694691722,0.88100686498855840,0.84945204383649309,0.09376950930203522,0.91198334820101101
Mycoplasma_capricolum_subsp_capripneumoniae_87001.ASM83508v1,0.07828357766039527,0.81351791530944628,0.04621567314132619,0.94789431330472107,0.90891824225157558,0.88805104408352664,0.85323489245476269,0.09324125967440619,0.91387108933283079
Mycoplasma_fermentans_pg18.ASM20973v1,0.06108073493916556,0.67374067164179108,0.02826039146690125,0.79175118323191340,0.78062021268684467,0.71841851494696241,0.75191772016284553,0.10672951983803221,0.76462116468378205
Mycoplasma_gallisepticum_ny01_2001_047_5_1p.ASM28673v1,0.18674548848786560,0.54823417871533542,0.15353205389955082,0.75193199381761977,0.71606149820085052,0.84650555192684518,0.63802334766962165,0.27307722523371830,0.84478731251536754
Mycoplasma_gallisepticum_str_f.ASM2538v1,0.18736778482925356,0.55499541704857924,0.15881922420102465,0.75412969283276454,0.71735126911682279,0.84116899618805596,0.63844322990126945,0.27614901567977812,0.84570772669606720
Mycoplasma_hominis_gca_001017595.ASM101759v1,0.05994244402330315,0.68276374442793464,0.04100227790432802,0.83301779628928441,0.82181476257639874,0.60863411181882521,0.77615324938831531,0.16215592093109182,0.80418629938383468
Mycoplasma_hyopneumoniae_7448.ASM822v1,0.16507384882710685,0.76021039603960394,0.21200820436322954,0.88412202220545433,0.85085771947527755,0.67869415807560141,0.82261585789421454,0.11944376335423307,0.84745232885276645
Mycoplasma_hyosynoviae_gca_000691305.MhyoNPL2v1.0_of_Mycoplasma_hyosynoviae_strain_NPL2_genome,0.05285118219749652,0.69761759315821625,0.05301389065885052,0.77799328608728091,0.80741661091465167,0.72596843615494977,0.76707472442253366,0.11456303540571344,0.82996351474612340
Mycoplasma_hyosynoviae_gca_000691325.MhyoNPL3v1.0_of_Mycoplasma_hyosynoviae_strain_NPL3_genome,0.05563108996147745,0.69891172914147526,0.05528095733610822,0.77532311391644126,0.80989682842949939,0.72103004291845496,0.76883218185870295,0.11787746655827359,0.83184421534937003
Mycoplasma_hyosynoviae_gca_000691365.MhyoNPL6v1.0_of_Mycoplasma_hyosynoviae_strain_NPL6_genome,0.05444024563060935,0.70052485334979930,0.05326086956521739,0.77234951456310674,0.80803220738413195,0.72226304188096990,0.76748483973433435,0.11597515906579800,0.83184653035446432
Mycoplasma_mycoides_subsp_mycoides_gca_001554115.ASM155411v1,0.07636012934702445,0.77835416175430328,0.05336551354250469,0.92828913819479852,0.88585835434334170,0.88922457200402816,0.83807555123216604,0.09034503631961259,0.90633415290949537
Mycoplasma_putrefaciens_mput9231.ASM37662v1,0.10735757228743201,0.69601482854494900,0.09716865769918163,0.91704693611473276,0.83518066947461755,0.86998514115898962,0.75401502021952627,0.12877305466505684,0.86248272852883423
Mycoplasma_sp_ex_biomphalaria_glabrata_.ASM148404v1,0.11521847482970593,0.69836723002005152,0.08315401168152475,0.84678091709124592,0.76461178786760187,0.72398190045248867,0.79746186386360718,0.12110627576729271,0.83107322743122825
Mycoplasma_yeatsii_13926.version_1.0,0.06333172030002419,0.65964694951997527,0.03369565217391304,0.82777523983554135,0.82092103857249710,0.90805326569435640,0.75698381610143284,0.06066589237320945,0.89335950278050380
Myroides_odoratus_cip_103059.Myro_odor_CIP103059_G12587_V1,0.24750568877997550,0.60807705903145992,0.20121350312071265,0.73732703837420155,0.71366699647170828,0.78954771694438430,0.71553364074936465,0.22776197387518143,0.80254898533221031
Neisseria_gonorrhoeae_pid18.ASM15687v1,0.20116546290216678,0.39261797227846129,0.43264012503798899,0.48773362148317123,0.47041134751773050,0.27119150844670353,0.35774459921594798,0.19413282140500329,0.42085869913489266
Nitrospira_defluvii.ASM19681v1,0.49704882148301605,0.51818566637361207,0.67912252742101809,0.39098859398512636,0.53443415223519930,0.38021978021978020,0.45390198548377420,0.62280449770190416,0.49908928083543302
Nitrospira_moscoviensis.ASM127377v1,0.54544370513462592,0.46643994988365850,0.69798953561914256,0.29742206969808394,0.47563209967020886,0.27189948471800662,0.35684311492116777,0.65581084946134049,0.38543853150594726
Nitrospira_sp_scgc_ag_212_e16.ASM164440v1,0.49446440992348711,0.52608123904149617,0.61612325956963909,0.41746641074856045,0.54919815167164987,0.41692519820751467,0.46691105537333588,0.60556984407651504,0.51500257776250213
Nitrospirae_bacterium_hch_1.ASM154125v1,0.52881476645498249,0.49654428704475273,0.65263546880774015,0.69084583605131555,0.62212297307584952,0.50406831547571096,0.50185148666710488,0.48857413933315263,0.47015807972281909
Nodularia_spumigena_ccy9414_gca_000340565.ASM34056v3,0.22312989179248108,0.63399574166075234,0.28833296598339581,0.77231351425064776,0.67568410037183002,0.68610866770417489,0.68646304103855138,0.25038157347023726,0.73946163392818931
Nostoc_punctiforme_pcc_73102.ASM2002v1,0.26592472876305040,0.61831514080301908,0.31040205410821642,0.74288284187825782,0.63093056691004423,0.61587459342247919,0.66035740920805441,0.28922922853788247,0.72713531860730296
Novosphingobium_sp_p6w.ASM87667v1,0.49431495788049407,0.38095377413692216,0.85207067713735363,0.15599714035030710,0.39178586745377025,0.11640401146131805,0.26078782452999105,0.82937403142593724,0.34383133522927112
Oceanithermus_profundus_dsm_14977.ASM18374v1,0.78547427811618420,0.05790519443655975,0.90818342518456896,0.08691467703127892,0.03807213175943638,0.06428791141187327,0.03524168666438121,0.88529585664256150,0.07198008880843963
Oenococcus_oeni_ioeb_0502.Oeoe_IOEB_0502_1.0,0.21420940170940170,0.72537796976241897,0.36370081531371856,0.73541598960026000,0.75069587316955100,0.61930455635491610,0.73211086119476954,0.25850600826649878,0.76988667026443602
Opitutaceae_bacterium_ig16b.ASM174683v1,0.72781840658931474,0.23263975933817999,0.83551034562478321,0.20028563382548176,0.24720629676416286,0.15422197640117993,0.19831952117863719,0.78101440141913503,0.26147610519370346
Opitutaceae_bacterium_tav1.ASM24349v3,0.48615309513527721,0.32272993937813704,0.72971114167812934,0.32460798872417007,0.32433025473260058,0.18733454451077083,0.25431186202041534,0.52323548637185902,0.32193180790449488
Opitutaceae_bacterium_tav4.ASM165382v1,0.40675243383971971,0.28977889504656346,0.52408227024212439,0.38636739342064175,0.33487278528843734,0.19812401546613204,0.24525984973047224,0.40553050318838274,0.29159048140189786
Opitutaceae_bacterium_tav5.ASM24293v3,0.48855398702785197,0.31678175350491733,0.74726669734524509,0.31534217264301773,0.31268725512790968,0.17697381983096269,0.24417385943279901,0.53095436944802976,0.31684634726001448
Opitutaceae_bacterium_tsb47.ASM165017v1,0.56652902690574503,0.33132278160565304,0.65583146656498736,0.32896250014819733,0.40865957998444385,0.12170072371221796,0.26426291773270383,0.49364392499427079,0.27248471660967777
Opitutae_bacterium_scgc_ag_212_l18.ASM164425v1,0.28940072510130094,0.70295489891135299,0.28256346233874324,0.76168077767325182,0.71339563862928346,0.59012345679012346,0.75524274633725941,0.29202478512892266,0.76906906906906902
Opitutus_terrae_pb90_1.ASM1996v1,0.63162606896977558,0.28473159588827746,0.79013435324114933,0.22977988778593009,0.34611224612426389,0.18542288873355786,0.25756988764961358,0.69121486714790359,0.35375101561794708
Oscillochloris_trichoides_dg_6.ASM15214v1,0.65725976730301572,0.45050882073312443,0.71411312465678201,0.45722473381259421,0.48808755354732702,0.51209881542978641,0.46884872634125518,0.74600893377354827,0.73444887364420131
Paenibacillus_sp_fsl_r5_808.ASM51788v1,0.50070500513817306,0.70913825170489775,0.62604778309320908,0.50791079937891526,0.61740393380819214,0.38839251622756776,0.53438756829222589,0.52081156115738247,0.65223049900537522
Parabacteroides_johnsonii_cl02t12c29.Para_john_CL02T12C29_V1,0.30567923869390606,0.68737840949696272,0.59410924136754328,0.43297940346445890,0.68539677313137970,0.51517928043491545,0.52159748683789520,0.41405300001095496,0.56524218000881121
Pedobacter_sp_bma.ASM102774v1,0.29448381064855822,0.61401126333027123,0.57699857074797523,0.65774291287925957,0.62837826474495884,0.54129431405283313,0.59888764766001945,0.26829057198907569,0.74094899745690146
Pedosphaera_parvula_ellin514.ASM17255v1,0.40874778350080215,0.57670677478420085,0.54268413854372455,0.50128726580416250,0.55778305724607025,0.35277570216693771,0.52087493956147912,0.51612192294056214,0.60157918021119849
Pelodictyon_phaeoclathratiforme_bu_1.ASM2064v1,0.47495664592471692,0.62048900277599828,0.71858116044162557,0.62835158486304787,0.60550111611365443,0.44375388440024860,0.50990684831750466,0.38763181931412438,0.65035468978718614
Persephonella_marina_ex_h1.ASM2156v1,0.53582151056690408,0.63912812333864966,0.89945558541795878,0.68962303563968252,0.47801595402820307,0.75588680060488223,0.55373026988152463,0.39975182634835194,0.77218076868928620
Petrotoga_mobilis_sj95.ASM1860v1,0.20553679945982445,0.69583898688376300,0.20756563795485952,0.72315339617494623,0.62005613676958404,0.73425299323269133,0.62568402711605997,0.22782871863234314,0.77550601950848008
Pirellula_sp_sh_sr6a.ASM161087v1,0.46709638612976118,0.49800873741884094,0.42974641899073746,0.41847125017153836,0.40749744114636643,0.28724086343235733,0.45048017348203223,0.56264127172342238,0.55215626069344381
Pirellula_staleyi_dsm_6068.ASM2518v1,0.42659597726278969,0.45736795871307784,0.56243659174370919,0.43789079808970510,0.42710369487485100,0.26823377877958460,0.36703791516407325,0.54385420486924141,0.53580532059885344
Planctomyces_sp_sh_pl14.ASM161083v1,0.66460175770201846,0.26626892507610894,0.91868364414625647,0.16407605509088080,0.23014256619144602,0.18212566153356413,0.17009327214592204,0.85731285699969939,0.24020740877712032
Planctopirus_limnophila_dsm_3776.ASM9210v1,0.35568982459074661,0.60203662401690339,0.67596849754158994,0.49869571347997743,0.51521652079400493,0.39277234030231079,0.52761752921185678,0.50034288390452775,0.67741067653954057
Planctopirus_sp_jc280.ASM170783v1,0.36242741894044500,0.60137447245351883,0.68089558187201094,0.49780370624571035,0.51420204145460746,0.39418782156386045,0.52798611541560780,0.50069124423963129,0.67350022666599507
Pleurocapsa_sp_pcc_7327.ASM31702v1,0.27325345247766042,0.57092727432230894,0.31518834261484940,0.70641117075184867,0.62968684862306579,0.48779614916612984,0.62525956257641324,0.27902522578635941,0.67839622350436579
Polaromonas_sp_cf318.Polaromonas.strCF318_v1.0,0.53875204619568717,0.29587907716785999,0.82809951060358888,0.33404318358579310,0.26309509952275639,0.07712924359737940,0.19974354631892194,0.69636900291667392,0.17805264307557886
Porphyromonas_gingivalis_f0185.ASM46795v1,0.44868067978533094,0.57011244105912229,0.57938134936904928,0.37536433492315846,0.58691857081894716,0.45742649866361207,0.57314365285461588,0.49956361905265662,0.56491817037347880
Porphyromonas_sp_cot_052_oh4946.ASM76596v1,0.45166315403647028,0.56340470446320867,0.59913411852334619,0.35272777528245169,0.57172350815897088,0.45400305258776191,0.56791308353808356,0.51211233679139412,0.55900098218044059
Prevotella_melaninogenica_atcc_25845.ASM14440v1,0.52151961438070382,0.65577637553812584,0.61575609284955413,0.45994825148710289,0.70226624320396192,0.66929870129870128,0.56649481054551187,0.64859963386884290,0.58291571284208787
Prevotella_oris_f0302.ASM16291v1,0.38338177107041566,0.66457428733245238,0.56211582924491066,0.45265292328489354,0.71406269057202099,0.52784240732123466,0.53273401183625824,0.50617283950617287,0.53442515935796020
Prochlorococcus_marinus_str_mit_9123.ASM75993v1,0.22598249946644713,0.80573419078242225,0.17949916527545909,0.79444689644103839,0.78449814636825488,0.68307322929171665,0.83629838185699701,0.18654241405082211,0.84796419866544137
Prochlorococcus_marinus_str_mit_9202.ASM15859v1,0.21956353505649281,0.81512375222207023,0.18604491449763066,0.79940268790443003,0.78222127174222977,0.67809793176595368,0.83535436039205835,0.18025507794048182,0.84801250200352618
Prochlorococcus_marinus_str_mit_9303.ASM1570v1,0.47114041715319277,0.62408915559365619,0.50320388885820033,0.53443143480849375,0.57504970178926440,0.43489165329052970,0.54485652716343425,0.50144835382224107,0.66172061197816556
Prochlorococcus_marinus_str_sb.ASM76011v1,0.21749380402587196,0.80305112699285319,0.18231119442956614,0.79992641347451043,0.78128779793667735,0.68239106949945982,0.83440050219711237,0.18134702651062815,0.84369935951848141
Prochlorococcus_sp_mit_0703.ASM76033v1,0.48164588528678304,0.61707914060375302,0.51874366767983793,0.52404287901990809,0.56425285650690016,0.43402508045721894,0.53636202778023534,0.52213222058582887,0.65927225397543998
Prosthecochloris_aestuarii_dsm_271.ASM2062v1,0.44541388370740315,0.60945994925697722,0.80001565741574354,0.53286465300027996,0.56037555420325136,0.41134092493609109,0.44926155312053356,0.39378361906780784,0.60333395592080685
Prosthecochloris_sp_cib_2401.ASM168706v1,0.46022969774570288,0.57653988345134410,0.82402815549512076,0.40237154150197629,0.46353664693193813,0.36190602954878209,0.38646906687466642,0.51026669813547321,0.56549826828129990
Pseudomonas_aeruginosa_x13273.Pseu_aeru_X13273_V1,0.61427629720312649,0.29668173299525963,0.84075388026607534,0.06168897343569536,0.21429512392494870,0.10436532656092769,0.15309691653661950,0.85777452653824271,0.21120751213938874
Pseudothermotoga_hypogea_dsm_11164_nbrc_106472.ASM81614v1,0.45206689554096652,0.34442964935641368,0.61626774639946702,0.28449759629651611,0.28607064902668272,0.51211505393153045,0.21577832246271447,0.56642381723331536,0.50158611681283827
Pseudothermotoga_lettingae_tmo.ASM1786v1,0.27833184162298086,0.63391769007218524,0.50909851495503033,0.68243165301649555,0.64018920241396182,0.54796030871003309,0.65491096271563720,0.24259740259740259,0.76461782581359838
Pseudothermotoga_thermarum_dsm_5069.ASM21781v1,0.26044369486248053,0.51316075701544484,0.28730992535250205,0.62466622687148554,0.44283550169310282,0.53746639784946237,0.39769356119166005,0.32540777408098676,0.68657228068972609
Pyramidobacter_piscolens_w5455.ASM17733v1,0.46840328027013989,0.38846123940595600,0.83429946944389866,0.30664686703037736,0.35346283783783783,0.18625258086717136,0.26203836617512721,0.52154925348691217,0.27804237571763252
Pyrinomonas_methylaliphatogenes.K22,0.52905164319248821,0.48319287492817470,0.55089770586279507,0.22462345960748517,0.42816327871005877,0.31004677648972950,0.34167693814986883,0.58607522250933108,0.64146042026226358
Rhodanobacter_sp_soil772.Soil772,0.59178974889274771,0.28080295339178590,0.87074862937266506,0.09123727331697550,0.19954075774971297,0.09434177503992699,0.15207072720026088,0.84990367975968917,0.23098459320357423
Rhodopirellula_baltica_sh28.ASM30463v1,0.33553195849683870,0.37760255727224296,0.38708811097358775,0.38501730781790872,0.33224516268511511,0.31761047039004797,0.32925310913084233,0.48651696208798006,0.46290019108140362
Rhodopirellula_baltica_sh_1.ASM19611v1,0.34018620202631616,0.39462674246261797,0.39068627977693487,0.39251657646259458,0.33665577567310478,0.33567387006612587,0.34193058735753429,0.48218223292358381,0.46885394196646024
Rhodopirellula_baltica_swk14.ASM33074v1,0.33831295879488649,0.37914750582558310,0.39039644682128732,0.38621958442016657,0.33044370458780914,0.31846520774927822,0.33242986854587342,0.48633367240445458,0.46496824296606454
Rhodopirellula_baltica_wh47.ASM19518v2,0.33560014661498749,0.37864247458738659,0.38727997502581468,0.38611264309062293,0.32940886809767889,0.31835454224107457,0.32890068364727260,0.48626510129044165,0.46468912754300656
Rhodopirellula_europaea_6c.First,0.34034791522204466,0.36181495498962946,0.38966445952462159,0.37199553190091333,0.31588102278657160,0.30412216359970834,0.31905104647388399,0.49772900348128807,0.45227580651067412
Rhodopirellula_europaea_sh398.ASM34631v1,0.34062593187917756,0.35839593867065156,0.39079108055542994,0.37099847560975607,0.31447483451979519,0.30550966462910956,0.31447689393423184,0.49808157258488384,0.45005900351194555
Rhodopirellula_islandica.K833,0.36035576830736726,0.34975012090923746,0.41916610479152622,0.37131858039679444,0.27609630266552021,0.30277858537193170,0.30857629579982127,0.51047742189366574,0.42777583661943708
Rhodopirellula_maiorica_sm1.ASM34629v1,0.35773189331038324,0.47614100320793235,0.39683610966244337,0.52989373380260973,0.42699057212066294,0.46204891142260662,0.41203367061462431,0.42564349180177702,0.50322353309667989
Rhodopirellula_sallentina_sm41.ASM34650v1,0.39432117598113992,0.36797676141459040,0.44850881905785256,0.36967360392198861,0.34158985123665236,0.35236025318386333,0.27939544671895927,0.45429071359740325,0.41849502686027340
Rhodopirellula_sp_swk7.ASM34642v1,0.37597952677902385,0.38682678951347738,0.42110279101429543,0.37809438059424816,0.36516583348557574,0.36656357388316152,0.32394813923389570,0.43829501827096534,0.44038166290841052
Rhodothermus_marinus_dsm_4252.ASM2484v1,0.55656396563412236,0.31632742586418672,0.89076276399425880,0.33557415642165839,0.27465332468575310,0.23411046350263670,0.21018596787827556,0.64431369026230689,0.31502845418295844
Rivularia_sp_pcc_7116.ASM31666v1,0.18441101777690955,0.69242374369102477,0.26312568069919623,0.77529918118832664,0.67301104461912409,0.61917970170971259,0.72048323739407560,0.23905604630829991,0.76977373815509575
Roseiflexus_castenholzii_dsm_13941.ASM1780v1,0.48308809035145694,0.46265493918546258,0.74550925175215754,0.37937339301018952,0.49719026602030725,0.31001361909540537,0.44973918302547689,0.53795620437956204,0.56812686673303936
Roseiflexus_sp_rs_1.ASM1666v1,0.47211700567074638,0.44704080211669683,0.76183964781216651,0.35862662200991968,0.45850193121206545,0.32956104252400548,0.41621358039741557,0.53029513323343536,0.57612445121404887
Rubinisphaera_brasiliensis_dsm_5305.ASM16571v3,0.32124123273113708,0.45058434628699340,0.74003133104274454,0.32447950775978923,0.34223306504936274,0.33916522074416811,0.35561099813735708,0.41699291573452646,0.46883043318393669
Salmonella_enterica_subsp_enterica_serovar_enteritidis_str_22510_1.ASM28037v1,0.36670460862429521,0.58692726690163410,0.70367187368350104,0.60653614687285751,0.60275448180349311,0.42053977819090965,0.47177403753143743,0.25605036379586149,0.61183986854034456
Salmonella_enterica_subsp_enterica_serovar_paratyphi_a_gca_000984975.PA086,0.36645481320725470,0.58340758001507775,0.70577217469608289,0.60333612023083671,0.59783089862771133,0.42125017060188347,0.47095728768489281,0.25963477686920172,0.61126628719822440
Salmonella_enterica_subsp_enterica_serovar_typhi_gca_001117365.10561_2_38,0.36996748526262918,0.58729496356691169,0.70426932163347955,0.60644041282740990,0.60164602722867466,0.43048554839532954,0.47449938938104563,0.26079485901819621,0.61438627675032098
Salmonella_enterica_subsp_enterica_serovar_typhi_gca_001359415.10060_5_89,0.37308606630709851,0.58409469090452415,0.70517520393672184,0.60119600341715262,0.59688357018199956,0.42864271457085829,0.47142131693279921,0.26745955602606941,0.61087923366404384
Salmonella_enterica_subsp_enterica_serovar_typhimurium_str_dt104_gca_001219965.5299_3_5,0.37044143450434869,0.58415963920551073,0.70376466411708705,0.60418408520847722,0.59905510269026463,0.42121637284206676,0.47273772224179167,0.26333842088851689,0.61277553344359192
Saprospira_grandis_dsm_2844.ASM27582v1,0.43022453917454678,0.73105969503102597,0.38771304360906778,0.80347531109918824,0.72198138720967231,0.52949676980618832,0.65754002457407990,0.36445857714412311,0.70586237018344167
Shigella_sonnei_gca_001254455.8290_4_92,0.31591002452292333,0.56808448033478276,0.66337266470009837,0.57066237088979432,0.56438665333025573,0.44609190260113762,0.44844683724630441,0.24321601507913296,0.62574193818694746
Singulisphaera_acidiphila_dsm_18658.ASM24245v3,0.64405520584900500,0.33143276899398350,0.70503452211765494,0.20462790048726040,0.34149844150333730,0.22863577100865237,0.27803395937243724,0.74591487797542799,0.30835239116795854
Sneathia_amnii.ASM97308v1,0.10469223907225692,0.74547600314712825,0.06898544025883985,0.78448074679113189,0.77108433734939763,0.80455351862803071,0.82215856302260759,0.29189425387808610,0.82021443514644354
Sphaerochaeta_coccoides_dsm_17374.ASM20838v1,0.39009794644912155,0.71193267640077684,0.70721299676109195,0.35965829846582986,0.60795641350805507,0.44040224785566401,0.47735737260876926,0.57863032036265172,0.54348388431889905
Spiroplasma_diminutum_cuas_1.ASM43945v1,0.09749544626593806,0.81104222025391204,0.06675627240143370,0.86710733396285800,0.87168371770417896,0.89003083247687564,0.86081093149950882,0.11425886611213587,0.87963433214829867
Spiroplasma_eriocheiris.ASM102926v1,0.12237620186882138,0.75339969157437259,0.16228542471653892,0.87979474673576186,0.84724762522862707,0.85640673308141535,0.80110459332441430,0.13419168484773991,0.83927169218688658
Spiroplasma_melliferum_ipmb4a.SMIPMB4A_v3,0.11263467189030363,0.88613861386138615,0.10664765074082878,0.92053106339728119,0.92294417767106840,0.86158563293911516,0.88202574799264344,0.13200014923702572,0.88297663459650499
Staphylococcus_aureus_dar3581.Stap_aure_DAR3581_V1,0.15957720551849724,0.80713806970509383,0.12054303120264712,0.73159836301804138,0.78405183813805868,0.80541666666666667,0.76361942841564812,0.18723954346753754,0.78427791956349557
Staphylococcus_aureus_gca_001194505.7738_4_48,0.16042565429968364,0.80630187854958502,0.12186054946051320,0.73567912284627435,0.78585092137983803,0.80531871701177427,0.76510008129545404,0.18728165579065323,0.78637731259202359
Staphylococcus_aureus_gca_001353835.7907_4_63,0.16024126959339435,0.80643365983971504,0.12143669854546572,0.73572139303482587,0.78615820128200953,0.80423940149625939,0.76527316766843101,0.18747370015653667,0.78626352143881140
Staphylococcus_aureus_m0234.Stap_aure_M0234_V1,0.16231928696556105,0.80178405297433375,0.12044699486559951,0.72960045019696118,0.78028377465332521,0.80171358629130962,0.75818567451725505,0.18692365207277561,0.78232666036601084
Staphylococcus_aureus_m0989.Stap_aure_M0989_V1,0.16194504812170132,0.80433708482020316,0.12154411095262663,0.73119159867882444,0.78285510719606188,0.80542428600780769,0.76172691298741724,0.18726191271803783,0.78420301142263760
Staphylococcus_aureus_m28112.Stap_aure_M28112_V1,0.16330746360863355,0.80157342657342656,0.12210130649610476,0.73045928430543816,0.78208849329205365,0.80099091659785304,0.75781197947897927,0.18750103991614117,0.78408596537022535
Staphylococcus_aureus_subsp_aureus_sk1585.SK1585_newbler2.6_V1,0.16269132780998616,0.80413065439443254,0.12767984754645070,0.73141598051722134,0.78477487754143460,0.80446927374301680,0.76346537475064125,0.18840858934388902,0.78735186873290797
Staphylococcus_aureus_w15995.Stap_aure_W15995_V1,0.16089746052479925,0.80295593368237350,0.12203215977313181,0.73234252963982693,0.78406318222678828,0.80501335524964046,0.75954046396316632,0.18683029429787515,0.78427862842354967
Streptococcus_agalactiae_gb00914.ASM28845v1,0.25821632663615440,0.73414674634794153,0.21721173297370194,0.77057210747578142,0.73951425183363340,0.77045850261172377,0.75234585593885417,0.23908857509627729,0.78504028996794772
Streptococcus_iniae_gca_000831485.ASM83148v1,0.23511077634347161,0.70386579139314365,0.21879565005680895,0.77093355517777695,0.68729193483954010,0.74490358126721767,0.71807193287250948,0.22683914196640453,0.71577496854592293
Streptococcus_pneumoniae_gca_001089745.7444_8_23,0.29405091734112876,0.63310906221446961,0.33816556548775750,0.70717564629137475,0.65366848391526911,0.72503382949932338,0.67455429497568886,0.36206777396392453,0.67357869110697410
Streptococcus_pneumoniae_gca_001108465.6680_6_14,0.29123381722722069,0.63437715072264278,0.34221565259078740,0.70788600777543964,0.65414757397970114,0.72515125324114094,0.67688555347091928,0.36414194915254239,0.67111897390535158
Streptococcus_pneumoniae_gca_001127925.6680_6_13,0.29016631680930083,0.62625727898358918,0.34161952347524466,0.70009145783793669,0.64488736360436461,0.72372634643376998,0.66762331152183063,0.36428746027866049,0.66626444236628557
Streptococcus_pneumoniae_gca_001146105.5392_7_8,0.29252659332666608,0.63288268643698209,0.33965398484664316,0.70652797704447634,0.65259612440400683,0.72891566265060237,0.67589007105530285,0.36406809381164607,0.67423903646066241
Streptococcus_pneumoniae_gca_001164085.6805_5_23,0.28952714535901924,0.62785752259436467,0.34239198497182216,0.70545217580189701,0.65370132459132591,0.72588978185993114,0.67681137030743088,0.36130333051227159,0.67248342839525199
Streptococcus_pneumoniae_gca_001202995.6807_1_7,0.28710224153159392,0.63145603161771313,0.33889030287604988,0.70565280410302156,0.65048013471078137,0.72646798465624074,0.67807240393775803,0.36526020053096891,0.67251863170039605
Streptococcus_pneumoniae_gca_001337015.6680_5_19,0.29007343064386137,0.62974358974358979,0.34065802113352545,0.70656099870252831,0.65394229547091476,0.72482113373692902,0.67502218278615789,0.36451009634732384,0.67149021104229656
Streptococcus_pneumoniae_pni0199.ASM33479v1,0.29400436215137593,0.62434417628541450,0.34190657927486934,0.69899257878320731,0.65205041718444878,0.70608836206896552,0.67142802140684554,0.36660212260104413,0.66580462424186448
Sulfurihydrogenibium_azorense_az_fu1.ASM2154v1,0.29137523456729947,0.55627053669222348,0.31607092597804670,0.86196307243483938,0.44798606575223165,0.82657894736842108,0.47112664990571967,0.22492477432296890,0.67241254436155573
Sulfurihydrogenibium_sp_yo3aop1.ASM2032v1,0.23779798360501272,0.76795948287351723,0.29131137900617465,0.85706271737910922,0.67607164594383096,0.69622543950361948,0.63942395555393106,0.20628605151440157,0.73464833345331515
Sulfurihydrogenibium_yellowstonense_ss_5.ASM17361v1,0.25135215453194648,0.74555921052631580,0.30446824224519942,0.85130417919131196,0.66252978004321572,0.67133800467133797,0.61874209712920902,0.21317266744096011,0.71669768075159990
Synechococcus_sp_cc9311.ASM1458v1,0.47262062961096091,0.55750079289565491,0.49613872309128454,0.53607186671415563,0.50301839112733404,0.39168445664328555,0.51773987206823024,0.48039702233250620,0.61730720924390858
Synechococcus_sp_ja_2_3b_a_2_13_.ASM1322v1,0.60481581179247024,0.36335048599199543,0.60030063132578415,0.60016719612104996,0.34650469452231569,0.38450058629144013,0.29701206140350878,0.57949244999604710,0.61165819567979673
Synechococcus_sp_rs9916.ASM15382v1,0.54406787413099156,0.42703095656388201,0.67183116715995372,0.34929827527899898,0.38361949598449185,0.27791223824055561,0.35241735806437602,0.60727155132588007,0.51401912759505486
Synechococcus_sp_utex_2973.ASM81732v1,0.43018628651390589,0.48078602620087335,0.50814498065567093,0.55610179294389817,0.43652253909843608,0.41560565354514661,0.48681066176470589,0.47700591830794603,0.65169445938676707
Synergistes_jonesii.sjonesii4.0,0.52356330065125600,0.36922200520833331,0.86122539753141336,0.28708654563541408,0.39288074000660722,0.15839510151466324,0.29317828187699613,0.55995993768083685,0.27480801460839982
Synergistes_sp_3_1_syn1.Synerg_sp_3_1_syn1_V1,0.57216055952561962,0.40635604280866616,0.85744870651204286,0.38033036848792884,0.45206161609454881,0.19805772124196416,0.30289240743049495,0.53849630006213633,0.30071267514897732
Tamlana_sp_s12.ASM167230v1,0.21196814832422153,0.69110860424571841,0.23132636537612247,0.79113218597094437,0.65569499223138517,0.73522895125553911,0.63693002113828889,0.19431008873824124,0.77321301353597716
Terriglobus_roseus_dsm_18391.ASM26542v1,0.60611977494026670,0.34884064392261116,0.84321932141754430,0.28971623234017535,0.31506074467561851,0.19636732148425320,0.28105617234741692,0.83139978906789835,0.40017760862670471
Terriglobus_saanensis_sp1pr4.ASM17991v2,0.54530520173104979,0.44766668594228881,0.78054530012306522,0.37866683916038679,0.42429906542056073,0.24787981584686214,0.36181237117301113,0.71493343787819386,0.45301004667352268
Terrimicrobium_sacchariphilum.ASM161354v1,0.66528073874277094,0.45129734979880670,0.78723922890978892,0.42230075634970438,0.39339900217474733,0.21334460649616008,0.43331766515682418,0.70469952686957138,0.44105962013119859
Thermanaerovibrio_acidaminovorans_dsm_6589.ASM2490v1,0.93578410981697169,0.18762145355616011,0.93138992843542778,0.10247103863173072,0.12606287541929947,0.22804572065793141,0.08462690095343156,0.94073928237436633,0.25624079829870766
Thermanaerovibrio_velox_dsm_12556.ASM23782v1,0.84610042185410017,0.33192715299927977,0.85599943334749962,0.29348531183393567,0.25472492157012777,0.35590759075907591,0.13862858842778522,0.87464725369105556,0.38549178438539300
Thermoanaerobaculum_aquaticum.TheAqu1.0,0.60403810660153989,0.19526742301458672,0.67663116743057428,0.55781838912995285,0.10291110309154336,0.19126279863481230,0.07868252516010979,0.71951173567418902,0.35391580772565262
Thermocrinis_albus_dsm_14484.ASM2560v1,0.56647715418318378,0.40411255411255409,0.69344640333258944,0.59558963612116589,0.31316950220541900,0.68248337028824835,0.23430559668344686,0.57644531614831418,0.55781570561787941
Thermocrinis_ruber.ASM51273v1,0.52215629037660904,0.45701530612244901,0.49700368776889980,0.75574676283267961,0.43278844627836849,0.43209039548022599,0.29598114936510017,0.58575864428187985,0.48572224543808329
Thermodesulfatator_autotrophicus.ASM164232v1,0.26871012633062841,0.55841063952056480,0.57154234138571813,0.80056928838951313,0.64874685549240663,0.61962134251290879,0.57879451533041326,0.30216976954621588,0.54600663794929738
Thermodesulfatator_indicus_dsm_15286.ASM21779v1,0.26395228850761671,0.55808421219570215,0.48894336346458300,0.80024696321396782,0.64093680101749928,0.64731531082596239,0.59662173989147560,0.28944485353544425,0.58334430113187685
Thermodesulfobacterium_commune_dsm_2178.ASM73401v1,0.33103430852407661,0.76878366884037430,0.39130760584488572,0.88175783749200254,0.76369587688067075,0.78773030184241477,0.45247512885053337,0.29735740140528522,0.58531362615553351
Thermodesulfobacterium_geofontis_opf15.ASM21597v1,0.18749173316873155,0.84143403712625764,0.20913225720146258,0.90011149048846772,0.87252232889143622,0.80107837473522048,0.84812494155054707,0.18257348990713024,0.87061634018155754
Thermodesulfovibrio_aggregans.ASM151453v1,0.31307642954527226,0.74509597131406879,0.59333816950791929,0.80576073283230654,0.71085608758738950,0.65362962962962967,0.72864262907873223,0.25575653480757876,0.73518581657006477
Thermodesulfovibrio_sp_n1.ASM170791v1,0.23199452103216683,0.79988564894225267,0.45333508231127434,0.82977319301170505,0.76977867010851375,0.71699368141004327,0.79674667724657811,0.22796278158667974,0.76969225641595373
Thermodesulfovibrio_yellowstonii_dsm_11347.ASM2098v1,0.27155416903006241,0.79705970000993343,0.52243193978949842,0.81403869640676219,0.77507439173814108,0.64923968139029686,0.77146788649633680,0.22849073379940377,0.74223284397405254
Thermosipho_africanus_h17ap60334.ASM30071v1,0.16588779668040241,0.72645074224021589,0.20495629296444029,0.85571742803404638,0.73699633699633704,0.77986658580958157,0.76040729795708595,0.22070662749437217,0.83380593402033332
Thermosipho_africanus_tcf52b.ASM2128v1,0.16734925335517611,0.72113207547169811,0.20539286285805730,0.85981609464683140,0.73387727729965346,0.77607627853221617,0.76292208177556231,0.22137129934210525,0.83275828396588769
Thermosipho_melanesiensis_bi429.ASM1690v1,0.19205905477417665,0.72564561493224244,0.20303588663683425,0.86002465201575329,0.71952420339517109,0.81587210962032541,0.72883195831524095,0.22813621640549769,0.84594175426503537
Thermosulfidibacter_takaii_abi70s6.ASM154773v1,0.48665764073896145,0.60022305586535540,0.65543799035485495,0.69234584859584858,0.54375576372372958,0.59816124469589815,0.51989671931956261,0.49406709418487982,0.72291208401333995
Thermosulfurimonas_dismutans.ASM165258v1,0.48055441337719296,0.51438268985999147,0.61143909096679994,0.58849890316515197,0.59468208092485553,0.58168245765144988,0.50853222306925472,0.49152340019102198,0.59125496455216953
Thermosynechococcus_elongatus_bp_1.ASM1134v1,0.46487881260613545,0.46134969325153374,0.45439317461026490,0.73320881857467224,0.53200054276538966,0.51711199545196129,0.55551615619875006,0.47130824447118375,0.69605770066332595
Thermotoga_maritima.ASM97857v1,0.36790086198766431,0.33184286170552540,0.76232247284878862,0.36391645586041382,0.27276997510451406,0.58466763706938374,0.29918319719953324,0.44245320589406612,0.56569219290510753
Thermotoga_maritima_gca_000978535.ASM97853v1,0.36804713549560475,0.33105364394101305,0.76250839489590327,0.36311737456775622,0.27230224321133412,0.58467939304943706,0.29883169896307415,0.44303825622775800,0.56531217003303924
Thermotoga_maritima_msb8.ASM854v1,0.36792852466592213,0.33246471226927254,0.76004778564723952,0.36355814415249188,0.27334709751764535,0.58608147429679924,0.30126160437990956,0.44178592388605481,0.56455240665766981
Thermotoga_maritima_msb8_gca_000230655.ASM23065v3,0.36820600532117065,0.33075268817204301,0.76319999999999999,0.36383264091072653,0.27235271831786323,0.58365853658536582,0.29916298316561646,0.44275880505246273,0.56541466243646166
Thermotoga_maritima_msb8_gca_000390265.ASM39026v1,0.36769164140320487,0.33098816757275346,0.76291412834849370,0.36383019965109520,0.27333645735707590,0.58646616541353380,0.29897099222423990,0.44265989174859161,0.56566750118411258
Thermotoga_maritima_msb8_gca_000978555.ASM97855v1,0.36784771956275913,0.33155990636305599,0.76256470195358161,0.36364519891149411,0.27257376049533283,0.58525345622119818,0.29917000839317354,0.44266136162687886,0.56537640963120994
Thermotoga_naphthophila_rku_10.ASM2510v1,0.37029076362767926,0.33150776796691628,0.75828494863778473,0.36846806610093791,0.27211533631385942,0.58605495075168479,0.29919936740140357,0.44226290292528414,0.56582742779815531
Thermotoga_neapolitana_dsm_4359.ASM1894v1,0.40658622235505082,0.35542533845221258,0.78850119607357916,0.38714025957740295,0.27189451769604439,0.58790084148282917,0.24822258033936867,0.47028980627202732,0.54273277065195724
Thermotoga_neapolitana_la10.TnapLA10N1,0.40444073312778350,0.34973659003831420,0.78876773135192513,0.38705800954080333,0.27073577695247319,0.59770421783235450,0.24652164310954064,0.46839028661190224,0.54194294525828834
Thermotoga_petrophila_rku_1.ASM1678v1,0.36803053198496649,0.33169398907103825,0.75478593804385663,0.36823371390194759,0.27698189913851518,0.58846918489065603,0.30769598470363291,0.43933245178058455,0.57139382145463391
Thermotoga_sp_2812b.ASM78933v1,0.36610987737761902,0.32944511065082305,0.76614097760738864,0.36279254790161108,0.27203836930455638,0.58866133866133863,0.30327318103282780,0.44252210688196847,0.56363258376355641
Thermotoga_sp_cell2.ASM78937v1,0.37024874981220357,0.32112405428125373,0.76913461538461536,0.36105259267472373,0.26533585109252766,0.58342665173572228,0.29515252595900360,0.44769296460954966,0.56140823393612926
Thermotoga_sp_emp.ASM29455v1,0.36515299161956732,0.32915015411712900,0.76388400702987702,0.36324143692564748,0.27200231984920981,0.58863464923309028,0.30444250871080142,0.44209782881097215,0.56544996853366902
Thermotoga_sp_mc24.ASM78483v1,0.36513009548832376,0.33754189944134078,0.74642541924095318,0.36741429244965312,0.28238469087340529,0.59578297762921062,0.30729496613225477,0.43585355135647708,0.57117557468210955
Thermotoga_sp_rq2.ASM1962v1,0.36860703700889125,0.32860367623347309,0.76220233068738386,0.36557531618818478,0.27241282602598860,0.58826417873803094,0.30256099267621400,0.44073909171861086,0.56584390045432964
Thermotoga_sp_rq7.ASM83214v1,0.41142011949477453,0.34022839905192848,0.79569041336851365,0.38290417479258254,0.25891996142719381,0.59121370067014145,0.23890954151177199,0.47372719212282421,0.53829124870287093
Thermotoga_sp_tbgt1765.ASM78479v1,0.36954082692707252,0.31978735971647965,0.77057169634489220,0.36135418160952515,0.26573095726226148,0.58136924803591472,0.29563076278290024,0.44565828384290146,0.56132729111269242
Thermotoga_sp_tbgt1766.ASM78482v1,0.36943823017648519,0.31986333647502357,0.77075357176206927,0.36158030346407100,0.26549971175514908,0.58100558659217882,0.29518040833376846,0.44561694246094607,0.56172931768926093
Thermotoga_sp_xyl54.ASM78478v1,0.36915338789140606,0.32052033282550102,0.77087794432548185,0.36162861112100597,0.26544658219928047,0.58319559228650142,0.29517227043600269,0.44591483070360405,0.56161075820052753
Thermovibrio_ammonificans_hb_1.ASM18580v1,0.70881249615644792,0.07999517374517374,0.77853531484602423,0.40441744892324683,0.10242860955431012,0.36690647482014388,0.10666066606660667,0.61607266675911798,0.23183590288853448
Thermovirga_lienii_dsm_17291.ASM23377v1,0.49729706630200210,0.51640513552068479,0.56243150905691996,0.51862102649680497,0.47681117253418681,0.47433096668487168,0.39509788808386004,0.51996601529311814,0.56616634767133411
Thermus_aquaticus.ASM128025v1,0.85905229044407461,0.06734957251169543,0.88669810784703673,0.23795025898540983,0.07289671239968937,0.05932531989143078,0.04061196105702364,0.89554774226681944,0.08231349538977369
Thermus_aquaticus_y51mc23.ASM17305v1,0.85800905421086182,0.07417031702427797,0.88046875000000002,0.23736502699460107,0.07638385303359922,0.06891701828410689,0.04682274247491638,0.89362253396009916,0.09040024536114093
Thermus_filiformis.THFILIv2,0.90822735798730014,0.05616262252932669,0.90666524360958434,0.18531753738590018,0.05357142857142857,0.06191950464396285,0.03306890097156610,0.92487606457353500,0.05393107268626598
Thermus_oshimai_jl_2.ASM30988v1,0.83209965982109113,0.07534824820599409,0.86177395248157507,0.21922942206654991,0.06155743147111828,0.05006720430107527,0.03828600405679513,0.88738449933999619,0.09361081247120258
Thermus_parvatiensis.ASM25283v2,0.85711518178100177,0.06015846620365842,0.85990871613663133,0.20148592796693565,0.05734283696140757,0.06605080831408776,0.03141614306428226,0.90584185481421486,0.06524990973332645
Thermus_parvatiensis_gca_001535545.ASM153554v1,0.85000827768886922,0.06470588235294118,0.85857647277457727,0.21382206949217258,0.06458298789587133,0.06514084507042253,0.04220537969980680,0.89926898773386199,0.07821192486419268
Thermus_scotoductus.ASM129466v1,0.75380965783442566,0.19212598425196850,0.82441282746160793,0.29665193745751189,0.16270042194092826,0.11785573512022074,0.09713467048710601,0.84319462971728565,0.26799444187123667
Thermus_scotoductus_sa_01.ASM18700v1,0.74663968543836268,0.20685529279279280,0.81421975992613116,0.30341322226536305,0.16945451166248490,0.11400869274490137,0.10386680152493581,0.84154175588865099,0.27468948803392912
Thermus_sp_2_9.ASM79438v1,0.78670830593907515,0.08483810709838108,0.76895366880957661,0.25215311004784691,0.09551007456766619,0.06976744186046512,0.05020958629487880,0.88017135862913098,0.11491295772232227
Thermus_sp_ccb_us3_uf1.ASM23658v1,0.80223790669650541,0.11594738397871711,0.84239000335136693,0.24745954083552879,0.08866386762163497,0.08058217962371317,0.05118110236220472,0.88859498302693651,0.14446606765765393
Thermus_sp_nmx2_a1.TNMX1.0,0.75749272135639667,0.19523702538755336,0.82919037636018766,0.29426386953410416,0.15953096516726609,0.10752306600425834,0.09211864406779662,0.84871070958027484,0.26247428502279052
Thermus_thermophilus_hb27.ASM812v1,0.87479573032926528,0.04979384712971773,0.86945991765560671,0.17647058823529413,0.04291666666666667,0.05231689088191330,0.02777242044358727,0.91398298014350077,0.04801775024071671
Thermus_thermophilus_hb8.ASM9154v1,0.87675376832003338,0.04691278413670805,0.87266928361138374,0.17768151651233954,0.04314602068929667,0.04774637127578304,0.02632594021215044,0.91875394653757103,0.04637971304637972
Thermus_thermophilus_jl_18.ASM25824v1,0.86276444329430035,0.05843473035902058,0.86509955752212386,0.18884104510290470,0.05291157440690151,0.05331920903954802,0.03693079956973826,0.90724525377760556,0.05947521865889213
Thermus_thermophilus_sg0_5jp17_16.ASM21484v1,0.85676277894176722,0.06340869300449113,0.85604917574741546,0.19965058359973237,0.06104437362098553,0.06843191196698763,0.04133488413706719,0.90304427683770372,0.06999841722063944
Treponema_denticola_atcc_33520.Trep_dent_ATCC_33520_V1,0.21933578157432540,0.66965538749415254,0.36608750261670503,0.82905269466204357,0.72250628047879417,0.55202312138728327,0.64638267597492105,0.30080307957788543,0.69743611822702511
Treponema_denticola_atcc_35405.ASM818v1,0.21850701096318237,0.66997066053445409,0.36722685518350762,0.82865822130299893,0.72312058414875691,0.55550014959609051,0.64607878406331509,0.29955222883111676,0.69870469141177749
Treponema_denticola_sp32.Trep_dent_SP32__F0464_V1,0.21492792051446161,0.66718206416698878,0.35970731315080612,0.82895535508717588,0.72213744853597439,0.55183256362385769,0.64392314856932442,0.29301703975943871,0.69729223078525304
Treponema_sp_jc4.ASM26079v1,0.17645162849913781,0.50980392156862742,0.87251432115882799,0.68739321172939272,0.59073997519636212,0.50471621401853961,0.57201821485452786,0.36261200916912267,0.62917304595072876
Truepera_radiovictrix_dsm_17093.ASM9242v1,0.80813388748228476,0.06242846738112579,0.78643735713508223,0.46957887223411848,0.08075336472353015,0.12329207522906285,0.04615144742996725,0.62217370208636580,0.07228583885994906
Ureaplasma_parvum_serovar_1_str_atcc_27813.ASM17137v1,0.10078086871644705,0.80300994356355815,0.05374892624861946,0.90545421708506413,0.87147236021562202,0.81453287197231838,0.84518003528068897,0.09718694138677204,0.90813799933971606
Ureaplasma_parvum_serovar_6_str_atcc_27818.ASM16989v1,0.10186076355470003,0.79946524064171121,0.05711484250520897,0.90617128463476071,0.87103571804867774,0.81415929203539827,0.84512586760592567,0.09828699803426004,0.90725209669462259
Ureaplasma_urealyticum_serovar_8_str_atcc_27618.ASM16953v1,0.08236272878535773,0.78185890257558788,0.03820369179906327,0.88102112141012001,0.84581881533101044,0.78301886792452835,0.81885053754749004,0.08822305451518934,0.90805778491171751
Verrucomicrobia_bacterium_imcc26134.ASM97276v1,0.62430393744322898,0.30553727554761678,0.66608724171859623,0.32968277945619334,0.32723934216828998,0.18600108518719480,0.29765319024269898,0.56261631089217301,0.38736200108083069
Verrucomicrobiaceae_bacterium_scgc_ag_212_n21.ASM164449v1,0.62525338979233303,0.35940246045694202,0.78517374517374516,0.22916102841677943,0.37032918149466193,0.17404202719406675,0.33021806853582553,0.78973020017406437,0.36813804565674341
Verrucomicrobiae_bacterium_dg1235.ASM15569v1,0.50183323772229571,0.36288882044964582,0.51803330301546213,0.37144372969029776,0.34414019715224536,0.28515802453111816,0.38201473414477899,0.58471301722152558,0.42707053759574959
Vibrio_alginolyticus_e0666.VibrioE0666,0.36435945168387207,0.49433057130396862,0.31232047912974392,0.59465272993093254,0.43030773800004568,0.63409075212376542,0.42490391494600938,0.32113420766160383,0.61715409503267149
Vibrio_sp_s234_5.ASM96059v1,0.40459018765980026,0.48191729823161816,0.39284339538392843,0.65528424625247483,0.47398289908441998,0.53139705882352939,0.44164991865250264,0.28877101501393510,0.62008370641506128
Waddlia_chondrophila_wsu_86_1044.ASM9278v1,0.34884095948397503,0.62747704969927187,0.41832550510698574,0.68372107886999867,0.61276830445373898,0.35223567768979974,0.59604659103843383,0.29436828853644365,0.67389932381667916
_deinococcus_soli_cha_et_al_2014.ASM100799v1,0.71119365037253213,0.09127569587882364,0.95624342599549206,0.04185454545454546,0.04530142289707879,0.07811194653299916,0.07366060779542961,0.78912693377580401,0.09801433864991139
