aa,L,Pi,DegPi,Pmax,DegPmax,Freq,GeneId,Codon1
E,1,8.768769e-01,1,8.768769e-01,1,7,1,0
E,1,8.768769e-01,1,8.768769e-01,1,7,23,0
E,1,8.768769e-01,1,8.768769e-01,1,7,32,0
E,1,8.768769e-01,1,8.768769e-01,1,7,38,0
E,1,8.768769e-01,1,8.768769e-01,1,7,49,0
E,1,8.768769e-01,1,8.768769e-01,1,7,80,0
E,1,8.768769e-01,1,8.768769e-01,1,7,137,0
E,2,7.689131e-01,1,7.689131e-01,1,8,17,0
E,2,2.159276e-01,1,7.689131e-01,1,3,27,1
E,2,7.689131e-01,1,7.689131e-01,1,8,42,0
E,2,7.689131e-01,1,7.689131e-01,1,8,44,0
E,2,7.689131e-01,1,7.689131e-01,1,8,45,0
E,2,2.159276e-01,1,7.689131e-01,1,3,46,1
E,2,7.689131e-01,1,7.689131e-01,1,8,53,0
E,2,2.159276e-01,1,7.689131e-01,1,3,59,1
E,2,7.689131e-01,1,7.689131e-01,1,8,77,0
E,2,7.689131e-01,1,7.689131e-01,1,8,102,0
E,2,7.689131e-01,1,7.689131e-01,1,8,140,0
E,3,6.742421e-01,1,6.742421e-01,1,2,24,0
E,3,2.840129e-01,1,6.742421e-01,1,1,55,1
E,3,6.742421e-01,1,6.742421e-01,1,2,124,0
E,4,3.320592e-01,1,5.912273e-01,1,4,16,1
E,4,5.912273e-01,1,5.912273e-01,1,7,30,0
E,4,3.320592e-01,1,5.912273e-01,1,4,54,1
E,4,5.912273e-01,1,5.912273e-01,1,7,66,0
E,4,5.912273e-01,1,5.912273e-01,1,7,84,0
E,4,5.912273e-01,1,5.912273e-01,1,7,92,0
E,4,5.912273e-01,1,5.912273e-01,1,7,100,0
E,4,6.546625e-03,1,5.912273e-01,1,1,107,3
E,4,3.320592e-01,1,5.912273e-01,1,4,109,1
E,4,6.993712e-02,1,5.912273e-01,1,1,110,2
E,4,5.912273e-01,1,5.912273e-01,1,7,114,0
E,4,3.320592e-01,1,5.912273e-01,1,4,122,1
E,4,5.912273e-01,1,5.912273e-01,1,7,133,0
E,5,3.639688e-01,1,5.184335e-01,1,5,4,1
E,5,5.184335e-01,1,5.184335e-01,1,3,35,0
E,5,5.184335e-01,1,5.184335e-01,1,3,56,0
E,5,1.022104e-01,1,5.184335e-01,1,4,88,2
E,5,1.022104e-01,1,5.184335e-01,1,4,91,2
E,5,1.022104e-01,1,5.184335e-01,1,4,94,2
E,5,3.639688e-01,1,5.184335e-01,1,5,98,1
E,5,3.639688e-01,1,5.184335e-01,1,5,104,1
E,5,5.184335e-01,1,5.184335e-01,1,3,108,0
E,5,3.639688e-01,1,5.184335e-01,1,5,119,1
E,5,3.639688e-01,1,5.184335e-01,1,5,123,1
E,5,1.022104e-01,1,5.184335e-01,1,4,129,2
E,6,4.546024e-01,1,4.546024e-01,1,3,15,0
E,6,4.546024e-01,1,4.546024e-01,1,3,36,0
E,6,3.829869e-01,1,4.546024e-01,1,2,50,1
E,6,1.344389e-01,1,4.546024e-01,1,2,71,2
E,6,1.344389e-01,1,4.546024e-01,1,2,72,2
E,6,4.546024e-01,1,4.546024e-01,1,3,115,0
E,6,3.829869e-01,1,4.546024e-01,1,2,121,1
E,7,3.986303e-01,1,3.986303e-01,1,3,8,0
E,7,3.986303e-01,1,3.986303e-01,1,3,103,0
E,7,3.918045e-01,1,3.986303e-01,1,1,106,1
E,7,3.986303e-01,1,3.986303e-01,1,3,127,0
E,8,1.929608e-01,1,3.926449e-01,1,1,51,2
E,8,3.926449e-01,1,3.926449e-01,1,2,95,1
E,8,3.926449e-01,1,3.926449e-01,1,2,112,1
E,8,3.495497e-01,1,3.926449e-01,1,1,125,0
E,9,3.065121e-01,1,3.873389e-01,1,1,29,0
E,9,3.873389e-01,1,3.873389e-01,1,2,57,1
E,9,3.873389e-01,1,3.873389e-01,1,2,61,1
E,9,7.127379e-02,1,3.873389e-01,1,2,79,3
E,9,2.175465e-01,1,3.873389e-01,1,1,118,2
E,9,7.127379e-02,1,3.873389e-01,1,2,138,3
E,10,8.928334e-02,1,3.773872e-01,1,1,2,3
E,10,3.773872e-01,1,3.773872e-01,1,1,37,1
E,10,2.384519e-01,1,3.773872e-01,1,1,113,2
E,11,2.356811e-01,1,3.640143e-01,1,2,11,0
E,11,2.356811e-01,1,3.640143e-01,1,2,116,0
E,12,1.258604e-01,1,3.482135e-01,1,2,20,3
E,12,2.066633e-01,1,3.482135e-01,1,1,21,0
E,12,3.482135e-01,1,3.482135e-01,1,2,65,1
E,12,1.258604e-01,1,3.482135e-01,1,2,69,3
E,12,2.689115e-01,1,3.482135e-01,1,1,93,2
E,12,3.482135e-01,1,3.482135e-01,1,2,101,1
E,13,2.786754e-01,1,3.307854e-01,1,1,9,2
E,13,1.812183e-01,1,3.307854e-01,1,1,96,0
E,14,1.601198e-01,1,3.123703e-01,1,3,83,3
E,14,1.601198e-01,1,3.123703e-01,1,3,99,3
E,14,3.123703e-01,1,3.123703e-01,1,1,105,1
E,14,1.601198e-01,1,3.123703e-01,1,3,134,3
E,15,2.934753e-01,1,2.934753e-01,1,1,68,1
E,16,2.890687e-01,1,2.890687e-01,1,4,18,2
E,16,2.890687e-01,1,2.890687e-01,1,4,39,2
E,16,2.890687e-01,1,2.890687e-01,1,4,67,2
E,16,2.890687e-01,1,2.890687e-01,1,4,111,2
E,17,3.618361e-02,1,2.872747e-01,1,2,75,5
E,17,2.872747e-01,1,2.872747e-01,1,2,86,2
E,17,2.872747e-01,1,2.872747e-01,1,2,131,2
E,17,3.618361e-02,1,2.872747e-01,1,2,142,5
E,18,2.374481e-01,1,2.833926e-01,1,1,10,1
E,18,2.833926e-01,1,2.833926e-01,1,3,22,2
E,18,2.833926e-01,1,2.833926e-01,1,3,85,2
E,18,2.833926e-01,1,2.833926e-01,1,3,132,2
E,19,4.466506e-03,1,2.777358e-01,1,1,25,7
E,19,2.197801e-01,1,2.777358e-01,1,1,64,1
E,20,2.706001e-01,1,2.706001e-01,1,2,26,2
E,20,2.706001e-01,1,2.706001e-01,1,2,40,2
E,21,2.622601e-01,1,2.622601e-01,1,1,34,2
E,21,2.332199e-01,1,2.622601e-01,1,1,74,3
E,21,6.334480e-02,1,2.622601e-01,1,2,78,0
E,21,6.334480e-02,1,2.622601e-01,1,2,139,0
E,24,2.392987e-01,1,2.392987e-01,1,1,52,3
E,24,1.764008e-01,1,2.392987e-01,1,1,73,4
E,25,2.215076e-01,1,2.384494e-01,1,1,120,2
E,27,2.331694e-01,1,2.331694e-01,1,1,62,3
E,28,1.881807e-01,1,2.289962e-01,1,1,70,2
E,30,1.665136e-01,1,2.182165e-01,1,1,60,2
E,31,4.817145e-02,1,2.118507e-01,1,1,6,7
E,34,2.069237e-01,1,2.069237e-01,1,1,126,4
E,38,1.859200e-01,1,1.947225e-01,1,1,63,5
E,39,1.505594e-01,1,1.902617e-01,1,1,19,3
E,40,1.427265e-01,1,1.874049e-01,1,1,7,3
E,42,1.613016e-01,1,1.862889e-01,1,2,87,6
E,42,1.613016e-01,1,1.862889e-01,1,2,130,6
E,46,1.774765e-01,1,1.774765e-01,1,1,13,5
E,47,1.741519e-01,1,1.741519e-01,1,1,90,5
E,49,1.714052e-01,1,1.714052e-01,1,1,3,6
E,58,8.085115e-02,1,1.586145e-01,1,1,97,4
E,65,1.042094e-01,1,1.490337e-01,1,2,81,10
E,65,1.042094e-01,1,1.490337e-01,1,2,136,10
E,84,3.876469e-02,1,1.324111e-01,1,1,14,15
E,85,7.498101e-02,1,1.315893e-01,1,1,12,7
E,91,3.278401e-02,1,1.270337e-01,1,2,89,6
E,91,3.278401e-02,1,1.270337e-01,1,2,128,6
H,1,7.848101e-01,1,7.848101e-01,1,23,8,1
H,1,2.151899e-01,1,7.848101e-01,1,4,17,0
H,1,2.151899e-01,1,7.848101e-01,1,4,20,0
H,1,7.848101e-01,1,7.848101e-01,1,23,30,1
H,1,7.848101e-01,1,7.848101e-01,1,23,31,1
H,1,7.848101e-01,1,7.848101e-01,1,23,35,1
H,1,7.848101e-01,1,7.848101e-01,1,23,37,1
H,1,7.848101e-01,1,7.848101e-01,1,23,50,1
H,1,7.848101e-01,1,7.848101e-01,1,23,54,1
H,1,2.151899e-01,1,7.848101e-01,1,4,59,0
H,1,7.848101e-01,1,7.848101e-01,1,23,61,1
H,1,7.848101e-01,1,7.848101e-01,1,23,68,1
H,1,7.848101e-01,1,7.848101e-01,1,23,70,1
H,1,7.848101e-01,1,7.848101e-01,1,23,72,1
H,1,7.848101e-01,1,7.848101e-01,1,23,82,1
H,1,7.848101e-01,1,7.848101e-01,1,23,84,1
H,1,7.848101e-01,1,7.848101e-01,1,23,87,1
H,1,7.848101e-01,1,7.848101e-01,1,23,94,1
H,1,7.848101e-01,1,7.848101e-01,1,23,95,1
H,1,7.848101e-01,1,7.848101e-01,1,23,99,1
H,1,2.151899e-01,1,7.848101e-01,1,4,106,0
H,1,7.848101e-01,1,7.848101e-01,1,23,107,1
H,1,7.848101e-01,1,7.848101e-01,1,23,112,1
H,1,7.848101e-01,1,7.848101e-01,1,23,114,1
H,1,7.848101e-01,1,7.848101e-01,1,23,130,1
H,1,7.848101e-01,1,7.848101e-01,1,23,133,1
H,1,7.848101e-01,1,7.848101e-01,1,23,135,1
H,2,6.159269e-01,1,6.159269e-01,1,21,2,2
H,2,3.377664e-01,1,6.159269e-01,1,7,15,1
H,2,3.377664e-01,1,6.159269e-01,1,7,16,1
H,2,6.159269e-01,1,6.159269e-01,1,21,18,2
H,2,6.159269e-01,1,6.159269e-01,1,21,21,2
H,2,6.159269e-01,1,6.159269e-01,1,21,22,2
H,2,3.377664e-01,1,6.159269e-01,1,7,24,1
H,2,3.377664e-01,1,6.159269e-01,1,7,27,1
H,2,6.159269e-01,1,6.159269e-01,1,21,58,2
H,2,3.377664e-01,1,6.159269e-01,1,7,67,1
H,2,3.377664e-01,1,6.159269e-01,1,7,69,1
H,2,6.159269e-01,1,6.159269e-01,1,21,79,2
H,2,6.159269e-01,1,6.159269e-01,1,21,80,2
H,2,6.159269e-01,1,6.159269e-01,1,21,90,2
H,2,6.159269e-01,1,6.159269e-01,1,21,97,2
H,2,6.159269e-01,1,6.159269e-01,1,21,100,2
H,2,6.159269e-01,1,6.159269e-01,1,21,103,2
H,2,6.159269e-01,1,6.159269e-01,1,21,108,2
H,2,3.377664e-01,1,6.159269e-01,1,7,113,1
H,2,6.159269e-01,1,6.159269e-01,1,21,115,2
H,2,6.159269e-01,1,6.159269e-01,1,21,117,2
H,2,6.159269e-01,1,6.159269e-01,1,21,119,2
H,2,6.159269e-01,1,6.159269e-01,1,21,120,2
H,2,6.159269e-01,1,6.159269e-01,1,21,123,2
H,2,6.159269e-01,1,6.159269e-01,1,21,125,2
H,2,6.159269e-01,1,6.159269e-01,1,21,127,2
H,2,6.159269e-01,1,6.159269e-01,1,21,137,2
H,2,6.159269e-01,1,6.159269e-01,1,21,138,2
H,3,3.976237e-01,1,4.833857e-01,1,7,7,2
H,3,4.833857e-01,1,4.833857e-01,1,7,51,3
H,3,4.833857e-01,1,4.833857e-01,1,7,57,3
H,3,3.976237e-01,1,4.833857e-01,1,7,65,2
H,3,4.833857e-01,1,4.833857e-01,1,7,71,3
H,3,3.976237e-01,1,4.833857e-01,1,7,83,2
H,3,3.976237e-01,1,4.833857e-01,1,7,88,2
H,3,4.833857e-01,1,4.833857e-01,1,7,96,3
H,3,4.833857e-01,1,4.833857e-01,1,7,98,3
H,3,4.833857e-01,1,4.833857e-01,1,7,104,3
H,3,4.833857e-01,1,4.833857e-01,1,7,110,3
H,3,1.090259e-01,1,4.833857e-01,1,2,116,1
H,3,1.090259e-01,1,4.833857e-01,1,2,118,1
H,3,3.976237e-01,1,4.833857e-01,1,7,124,2
H,3,3.976237e-01,1,4.833857e-01,1,7,129,2
H,3,3.976237e-01,1,4.833857e-01,1,7,134,2
H,4,4.160788e-01,1,4.160788e-01,1,3,3,3
H,4,3.793660e-01,1,4.160788e-01,1,6,4,4
H,4,3.793660e-01,1,4.160788e-01,1,6,19,4
H,4,4.160788e-01,1,4.160788e-01,1,3,26,3
H,4,3.793660e-01,1,4.160788e-01,1,6,63,4
H,4,1.711292e-01,1,4.160788e-01,1,2,78,2
H,4,3.793660e-01,1,4.160788e-01,1,6,86,4
H,4,3.793660e-01,1,4.160788e-01,1,6,102,4
H,4,4.160788e-01,1,4.160788e-01,1,3,111,3
H,4,3.793660e-01,1,4.160788e-01,1,6,131,4
H,4,1.711292e-01,1,4.160788e-01,1,2,139,2
H,5,8.414376e-03,1,4.081786e-01,1,1,9,1
H,5,2.977303e-01,1,4.081786e-01,1,4,11,5
H,5,2.238399e-01,1,4.081786e-01,1,2,36,3
H,5,2.977303e-01,1,4.081786e-01,1,4,64,5
H,5,2.238399e-01,1,4.081786e-01,1,2,93,3
H,5,2.977303e-01,1,4.081786e-01,1,4,105,5
H,5,2.977303e-01,1,4.081786e-01,1,4,121,5
H,6,3.844112e-01,1,3.844112e-01,1,1,6,5
H,7,1.833801e-01,1,3.519715e-01,1,2,75,7
H,7,1.833801e-01,1,3.519715e-01,1,2,142,7
H,8,3.156923e-01,1,3.156923e-01,1,2,39,7
H,8,3.156923e-01,1,3.156923e-01,1,2,101,7
H,9,3.057020e-01,1,3.057020e-01,1,2,81,7
H,9,3.057020e-01,1,3.057020e-01,1,2,136,7
H,10,1.239447e-03,1,2.998976e-01,1,1,62,3
H,10,2.129209e-07,1,2.998976e-01,1,2,85,0
H,10,2.129209e-07,1,2.998976e-01,1,2,132,0
H,11,2.876655e-01,1,2.876655e-01,1,1,34,9
H,11,4.981254e-02,1,2.876655e-01,1,1,126,6
H,12,2.709153e-01,1,2.709153e-01,1,1,60,10
H,14,3.226395e-03,1,2.523350e-01,1,1,40,6
H,14,1.902687e-01,1,2.523350e-01,1,1,52,10
H,16,9.086796e-02,1,2.391076e-01,1,1,13,15
H,21,1.690752e-01,1,2.086170e-01,1,1,14,18
H,23,7.224715e-02,1,1.980816e-01,1,1,12,21
H,28,7.637027e-02,1,1.810481e-01,1,2,89,25
H,28,7.637027e-02,1,1.810481e-01,1,2,128,25
H,40,1.517031e-01,1,1.517031e-01,1,1,73,32
H,41,1.269355e-01,1,1.487160e-01,1,1,74,34
Q,1,9.269841e-01,1,9.269841e-01,1,13,1,0
Q,1,9.269841e-01,1,9.269841e-01,1,13,15,0
Q,1,9.269841e-01,1,9.269841e-01,1,13,20,0
Q,1,7.301587e-02,1,9.269841e-01,1,1,32,1
Q,1,9.269841e-01,1,9.269841e-01,1,13,42,0
Q,1,9.269841e-01,1,9.269841e-01,1,13,43,0
Q,1,9.269841e-01,1,9.269841e-01,1,13,44,0
Q,1,9.269841e-01,1,9.269841e-01,1,13,50,0
Q,1,9.269841e-01,1,9.269841e-01,1,13,55,0
Q,1,9.269841e-01,1,9.269841e-01,1,13,56,0
Q,1,9.269841e-01,1,9.269841e-01,1,13,82,0
Q,1,9.269841e-01,1,9.269841e-01,1,13,92,0
Q,1,9.269841e-01,1,9.269841e-01,1,13,109,0
Q,1,9.269841e-01,1,9.269841e-01,1,13,135,0
Q,2,8.592996e-01,1,8.592996e-01,1,17,5,0
Q,2,8.592996e-01,1,8.592996e-01,1,17,16,0
Q,2,8.592996e-01,1,8.592996e-01,1,17,35,0
Q,2,1.353691e-01,1,8.592996e-01,1,4,41,1
Q,2,8.592996e-01,1,8.592996e-01,1,17,45,0
Q,2,1.353691e-01,1,8.592996e-01,1,4,46,1
Q,2,8.592996e-01,1,8.592996e-01,1,17,51,0
Q,2,1.353691e-01,1,8.592996e-01,1,4,58,1
Q,2,8.592996e-01,1,8.592996e-01,1,17,77,0
Q,2,8.592996e-01,1,8.592996e-01,1,17,80,0
Q,2,8.592996e-01,1,8.592996e-01,1,17,84,0
Q,2,8.592996e-01,1,8.592996e-01,1,17,95,0
Q,2,8.592996e-01,1,8.592996e-01,1,17,100,0
Q,2,8.592996e-01,1,8.592996e-01,1,17,102,0
Q,2,1.353691e-01,1,8.592996e-01,1,4,110,1
Q,2,8.592996e-01,1,8.592996e-01,1,17,117,0
Q,2,8.592996e-01,1,8.592996e-01,1,17,118,0
Q,2,8.592996e-01,1,8.592996e-01,1,17,127,0
Q,2,8.592996e-01,1,8.592996e-01,1,17,133,0
Q,2,8.592996e-01,1,8.592996e-01,1,17,137,0
Q,2,8.592996e-01,1,8.592996e-01,1,17,140,0
Q,3,7.965571e-01,1,7.965571e-01,1,15,4,0
Q,3,7.965571e-01,1,7.965571e-01,1,15,8,0
Q,3,7.965571e-01,1,7.965571e-01,1,15,10,0
Q,3,7.965571e-01,1,7.965571e-01,1,15,27,0
Q,3,7.965571e-01,1,7.965571e-01,1,15,31,0
Q,3,7.965571e-01,1,7.965571e-01,1,15,38,0
Q,3,7.965571e-01,1,7.965571e-01,1,15,66,0
Q,3,7.965571e-01,1,7.965571e-01,1,15,76,0
Q,3,7.965571e-01,1,7.965571e-01,1,15,91,0
Q,3,7.965571e-01,1,7.965571e-01,1,15,94,0
Q,3,1.882275e-01,1,7.965571e-01,1,1,103,1
Q,3,7.965571e-01,1,7.965571e-01,1,15,106,0
Q,3,7.965571e-01,1,7.965571e-01,1,15,107,0
Q,3,7.965571e-01,1,7.965571e-01,1,15,108,0
Q,3,7.965571e-01,1,7.965571e-01,1,15,121,0
Q,3,7.965571e-01,1,7.965571e-01,1,15,141,0
Q,4,7.383958e-01,1,7.383958e-01,1,5,30,0
Q,4,7.383958e-01,1,7.383958e-01,1,5,37,0
Q,4,2.326452e-01,1,7.383958e-01,1,4,72,1
Q,4,2.326452e-01,1,7.383958e-01,1,4,101,1
Q,4,2.326452e-01,1,7.383958e-01,1,4,112,1
Q,4,7.383958e-01,1,7.383958e-01,1,5,114,0
Q,4,7.383958e-01,1,7.383958e-01,1,5,119,0
Q,4,2.326452e-01,1,7.383958e-01,1,4,123,1
Q,4,7.383958e-01,1,7.383958e-01,1,5,125,0
Q,5,6.844811e-01,1,6.844811e-01,1,3,24,0
Q,5,2.695731e-01,1,6.844811e-01,1,4,65,1
Q,5,2.695731e-01,1,6.844811e-01,1,4,79,1
Q,5,6.844811e-01,1,6.844811e-01,1,3,104,0
Q,5,2.695731e-01,1,6.844811e-01,1,4,115,1
Q,5,6.844811e-01,1,6.844811e-01,1,3,122,0
Q,5,2.695731e-01,1,6.844811e-01,1,4,138,1
Q,6,6.345032e-01,1,6.345032e-01,1,2,36,0
Q,6,6.345032e-01,1,6.345032e-01,1,2,61,0
Q,6,2.998679e-01,1,6.345032e-01,1,2,64,1
Q,6,5.904934e-02,1,6.345032e-01,1,1,71,2
Q,6,2.998679e-01,1,6.345032e-01,1,2,124,1
Q,7,3.243016e-01,1,5.881744e-01,1,2,2,1
Q,7,5.881744e-01,1,5.881744e-01,1,5,17,0
Q,7,3.243016e-01,1,5.881744e-01,1,2,69,1
Q,7,5.881744e-01,1,5.881744e-01,1,5,83,0
Q,7,5.881744e-01,1,5.881744e-01,1,5,85,0
Q,7,5.881744e-01,1,5.881744e-01,1,5,132,0
Q,7,5.881744e-01,1,5.881744e-01,1,5,134,0
Q,8,5.452283e-01,1,5.452283e-01,1,4,29,0
Q,8,5.452283e-01,1,5.452283e-01,1,4,40,0
Q,8,9.471666e-02,1,5.452283e-01,1,1,59,2
Q,8,3.435685e-01,1,5.452283e-01,1,4,67,1
Q,8,3.435685e-01,1,5.452283e-01,1,4,75,1
Q,8,5.452283e-01,1,5.452283e-01,1,4,93,0
Q,8,5.452283e-01,1,5.452283e-01,1,4,96,0
Q,8,3.435685e-01,1,5.452283e-01,1,4,99,1
Q,8,3.435685e-01,1,5.452283e-01,1,4,142,1
Q,9,5.054180e-01,1,5.054180e-01,1,2,18,0
Q,9,5.054180e-01,1,5.054180e-01,1,2,21,0
Q,9,2.451327e-03,1,5.054180e-01,1,2,88,4
Q,9,3.582929e-01,1,5.054180e-01,1,2,111,1
Q,9,3.582929e-01,1,5.054180e-01,1,2,113,1
Q,9,2.451327e-03,1,5.054180e-01,1,2,129,4
Q,10,3.690353e-01,1,4.685144e-01,1,3,11,1
Q,10,3.690353e-01,1,4.685144e-01,1,3,34,1
Q,10,3.690353e-01,1,4.685144e-01,1,3,57,1
Q,10,4.685144e-01,1,4.685144e-01,1,1,68,0
Q,11,4.343054e-01,1,4.343054e-01,1,1,9,0
Q,11,3.762989e-01,1,4.343054e-01,1,1,105,1
Q,12,4.025943e-01,1,4.025943e-01,1,4,6,0
Q,12,4.025943e-01,1,4.025943e-01,1,4,39,0
Q,12,3.805343e-01,1,4.025943e-01,1,2,78,1
Q,12,4.025943e-01,1,4.025943e-01,1,4,98,0
Q,12,4.025943e-01,1,4.025943e-01,1,4,126,0
Q,12,3.805343e-01,1,4.025943e-01,1,2,139,1
Q,13,1.806028e-01,1,3.821450e-01,1,1,26,2
Q,13,3.821450e-01,1,3.821450e-01,1,1,116,1
Q,14,3.459491e-01,1,3.814918e-01,1,1,52,0
Q,14,1.332988e-02,1,3.814918e-01,1,1,120,4
Q,15,3.206893e-01,1,3.788966e-01,1,1,62,0
Q,16,3.746465e-01,1,3.746465e-01,1,1,19,1
Q,17,3.689971e-01,1,3.689971e-01,1,1,25,1
Q,18,3.621753e-01,1,3.621753e-01,1,1,73,1
Q,19,2.512232e-01,1,3.543825e-01,1,1,60,2
Q,20,2.195058e-01,1,3.457968e-01,1,1,7,0
Q,20,2.587555e-01,1,3.457968e-01,1,1,90,2
Q,21,2.034784e-01,1,3.365755e-01,1,1,22,0
Q,22,2.703289e-01,1,3.268573e-01,1,1,63,2
Q,24,3.064018e-01,1,3.064018e-01,1,2,87,1
Q,24,3.064018e-01,1,3.064018e-01,1,2,130,1
Q,26,2.808362e-01,1,2.852319e-01,1,2,86,2
Q,26,2.852319e-01,1,2.852319e-01,1,2,89,1
Q,26,2.852319e-01,1,2.852319e-01,1,2,128,1
Q,26,2.808362e-01,1,2.852319e-01,1,2,131,2
Q,27,2.745749e-01,1,2.811571e-01,1,1,97,1
Q,29,1.109422e-01,1,2.794555e-01,1,1,3,0
Q,29,1.981071e-01,1,2.794555e-01,1,1,13,3
Q,29,2.534193e-01,1,2.794555e-01,1,1,74,1
Q,32,8.837176e-02,1,2.719476e-01,1,1,70,0
Q,46,1.920374e-01,1,2.267944e-01,1,2,81,4
Q,46,1.920374e-01,1,2.267944e-01,1,2,136,4
Q,60,7.683743e-02,1,1.985238e-01,1,1,14,7
Q,74,1.618751e-01,1,1.787052e-01,1,1,12,6
F,1,7.549020e-01,1,7.549020e-01,1,10,5,1
F,1,7.549020e-01,1,7.549020e-01,1,10,49,1
F,1,7.549020e-01,1,7.549020e-01,1,10,58,1
F,1,7.549020e-01,1,7.549020e-01,1,10,76,1
F,1,7.549020e-01,1,7.549020e-01,1,10,77,1
F,1,7.549020e-01,1,7.549020e-01,1,10,82,1
F,1,2.450980e-01,1,7.549020e-01,1,2,84,0
F,1,7.549020e-01,1,7.549020e-01,1,10,124,1
F,1,2.450980e-01,1,7.549020e-01,1,2,133,0
F,1,7.549020e-01,1,7.549020e-01,1,10,135,1
F,1,7.549020e-01,1,7.549020e-01,1,10,140,1
F,1,7.549020e-01,1,7.549020e-01,1,10,141,1
F,2,5.698770e-01,1,5.698770e-01,1,7,8,2
F,2,5.698770e-01,1,5.698770e-01,1,7,10,2
F,2,3.700500e-01,1,5.698770e-01,1,4,17,1
F,2,3.700500e-01,1,5.698770e-01,1,4,24,1
F,2,5.698770e-01,1,5.698770e-01,1,7,33,2
F,2,3.700500e-01,1,5.698770e-01,1,4,42,1
F,2,5.698770e-01,1,5.698770e-01,1,7,55,2
F,2,5.698770e-01,1,5.698770e-01,1,7,67,2
F,2,3.700500e-01,1,5.698770e-01,1,4,94,1
F,2,5.698770e-01,1,5.698770e-01,1,7,112,2
F,2,5.698770e-01,1,5.698770e-01,1,7,118,2
F,3,4.190272e-01,1,4.302012e-01,1,8,4,2
F,3,4.302012e-01,1,4.302012e-01,1,6,15,3
F,3,4.302012e-01,1,4.302012e-01,1,6,47,3
F,3,4.302012e-01,1,4.302012e-01,1,6,54,3
F,3,4.302012e-01,1,4.302012e-01,1,6,56,3
F,3,4.190272e-01,1,4.302012e-01,1,8,59,2
F,3,1.360478e-01,1,4.302012e-01,1,1,66,1
F,3,4.190272e-01,1,4.302012e-01,1,8,79,2
F,3,4.190272e-01,1,4.302012e-01,1,8,100,2
F,3,4.302012e-01,1,4.302012e-01,1,6,104,3
F,3,4.302012e-01,1,4.302012e-01,1,6,109,3
F,3,4.190272e-01,1,4.302012e-01,1,8,115,2
F,3,4.190272e-01,1,4.302012e-01,1,8,119,2
F,3,4.190272e-01,1,4.302012e-01,1,8,123,2
F,3,4.190272e-01,1,4.302012e-01,1,8,138,2
F,4,4.217659e-01,1,4.217659e-01,1,2,28,3
F,4,2.054055e-01,1,4.217659e-01,1,2,32,2
F,4,3.247598e-01,1,4.217659e-01,1,5,45,4
F,4,2.054055e-01,1,4.217659e-01,1,2,72,2
F,4,3.247598e-01,1,4.217659e-01,1,5,107,4
F,4,3.247598e-01,1,4.217659e-01,1,5,110,4
F,4,3.247598e-01,1,4.217659e-01,1,5,114,4
F,4,4.217659e-01,1,4.217659e-01,1,2,121,3
F,4,3.247598e-01,1,4.217659e-01,1,5,127,4
F,5,2.451618e-01,1,3.979899e-01,1,5,18,5
F,5,2.584350e-01,1,3.979899e-01,1,2,23,3
F,5,8.390747e-02,1,3.979899e-01,1,2,31,2
F,5,3.979899e-01,1,3.979899e-01,1,6,43,4
F,5,2.451618e-01,1,3.979899e-01,1,5,46,5
F,5,8.390747e-02,1,3.979899e-01,1,2,53,2
F,5,2.584350e-01,1,3.979899e-01,1,2,71,3
F,5,3.979899e-01,1,3.979899e-01,1,6,80,4
F,5,3.979899e-01,1,3.979899e-01,1,6,93,4
F,5,2.451618e-01,1,3.979899e-01,1,5,101,5
F,5,3.979899e-01,1,3.979899e-01,1,6,102,4
F,5,2.451618e-01,1,3.979899e-01,1,5,106,5
F,5,2.451618e-01,1,3.979899e-01,1,5,113,5
F,5,3.979899e-01,1,3.979899e-01,1,6,122,4
F,5,3.979899e-01,1,3.979899e-01,1,6,137,4
F,6,3.605320e-01,1,3.605320e-01,1,4,1,5
F,6,1.266838e-01,1,3.605320e-01,1,1,2,3
F,6,1.850731e-01,1,3.605320e-01,1,3,11,6
F,6,2.926396e-01,1,3.605320e-01,1,4,30,4
F,6,2.926396e-01,1,3.605320e-01,1,4,44,4
F,6,2.926396e-01,1,3.605320e-01,1,4,51,4
F,6,3.605320e-01,1,3.605320e-01,1,4,88,5
F,6,2.926396e-01,1,3.605320e-01,1,4,90,4
F,6,1.850731e-01,1,3.605320e-01,1,3,92,6
F,6,3.605320e-01,1,3.605320e-01,1,4,98,5
F,6,1.850731e-01,1,3.605320e-01,1,3,99,6
F,6,3.084833e-02,1,3.605320e-01,1,1,125,2
F,6,3.605320e-01,1,3.605320e-01,1,4,129,5
F,7,1.397121e-01,1,3.175274e-01,1,4,37,7
F,7,1.397121e-01,1,3.175274e-01,1,4,38,7
F,7,1.397121e-01,1,3.175274e-01,1,4,48,7
F,7,3.175274e-01,1,3.175274e-01,1,2,50,6
F,7,1.673593e-01,1,3.175274e-01,1,2,61,4
F,7,1.673593e-01,1,3.175274e-01,1,2,68,4
F,7,1.397121e-01,1,3.175274e-01,1,4,91,7
F,7,3.175274e-01,1,3.175274e-01,1,2,96,6
F,7,3.092799e-01,1,3.175274e-01,1,1,105,5
F,8,2.739452e-01,1,3.113014e-01,1,2,26,7
F,8,2.739452e-01,1,3.113014e-01,1,2,95,7
F,9,7.961868e-02,1,3.021454e-01,1,1,69,9
F,10,6.010430e-02,1,2.851127e-01,1,1,9,10
F,10,2.851127e-01,1,2.851127e-01,1,1,29,8
F,11,1.620459e-01,1,2.630615e-01,1,2,6,10
F,11,1.620459e-01,1,2.630615e-01,1,2,57,10
F,11,2.630615e-01,1,2.630615e-01,1,2,64,9
F,11,2.630615e-01,1,2.630615e-01,1,2,103,9
F,13,2.126035e-01,1,2.530994e-01,1,1,27,11
F,13,2.054378e-01,1,2.530994e-01,1,1,70,9
F,13,1.200611e-01,1,2.530994e-01,1,1,126,8
F,14,8.872481e-02,1,2.431739e-01,1,1,111,13
F,15,1.596467e-01,1,2.294656e-01,1,1,35,10
F,15,1.630971e-01,1,2.294656e-01,1,1,60,13
F,15,1.473528e-02,1,2.294656e-01,1,2,78,15
F,15,7.176271e-02,1,2.294656e-01,1,1,120,14
F,15,1.473528e-02,1,2.294656e-01,1,2,139,15
F,16,1.043443e-01,1,2.249663e-01,1,1,36,10
F,18,7.672373e-02,1,2.155502e-01,1,1,19,11
F,18,2.155502e-01,1,2.155502e-01,1,1,97,14
F,19,2.007576e-01,1,2.061111e-01,1,1,22,14
F,19,8.048510e-06,1,2.061111e-01,1,1,62,5
F,20,2.020697e-01,1,2.020697e-01,1,2,83,15
F,20,2.020697e-01,1,2.020697e-01,1,2,134,15
F,21,1.241370e-01,1,2.002125e-01,1,1,25,18
F,21,6.036976e-02,1,2.002125e-01,1,2,87,19
F,21,6.036976e-02,1,2.002125e-01,1,2,130,19
F,23,4.144783e-02,1,1.886693e-01,1,1,63,21
F,24,2.995025e-02,1,1.849699e-01,1,1,65,14
F,24,3.413351e-02,1,1.849699e-01,1,1,116,22
F,25,7.188746e-03,1,1.837292e-01,1,1,7,24
F,26,2.290532e-02,1,1.803068e-01,1,1,21,24
F,27,1.750036e-01,1,1.750036e-01,1,1,3,21
F,27,9.842812e-02,1,1.750036e-01,1,1,13,23
F,28,2.171372e-10,1,1.715722e-01,1,2,85,5
F,28,2.171372e-10,1,1.715722e-01,1,2,132,5
F,29,3.226613e-03,1,1.707311e-01,1,1,40,15
F,29,1.232322e-01,1,1.707311e-01,1,2,75,24
F,29,1.232322e-01,1,1.707311e-01,1,2,142,24
F,32,2.100522e-02,1,1.607080e-01,1,2,86,29
F,32,2.100522e-02,1,1.607080e-01,1,2,131,29
F,34,1.203559e-01,1,1.580877e-01,1,2,89,24
F,34,1.203559e-01,1,1.580877e-01,1,2,128,24
F,36,4.975498e-05,1,1.516676e-01,1,1,39,16
F,37,2.226320e-02,1,1.512959e-01,1,1,34,33
F,41,4.492197e-04,1,1.437638e-01,1,1,52,21
F,43,1.005267e-01,1,1.401150e-01,1,2,81,35
F,43,1.005267e-01,1,1.401150e-01,1,2,136,35
F,49,1.236441e-04,1,1.315405e-01,1,1,74,25
F,51,3.728157e-03,1,1.289830e-01,1,1,73,30
F,68,8.862967e-02,1,1.114131e-01,1,1,12,54
F,72,2.386561e-03,1,1.083938e-01,1,1,14,64
Y,1,7.987643e-01,1,7.987643e-01,1,15,17,1
Y,1,7.987643e-01,1,7.987643e-01,1,15,20,1
Y,1,7.987643e-01,1,7.987643e-01,1,15,23,1
Y,1,7.987643e-01,1,7.987643e-01,1,15,28,1
Y,1,7.987643e-01,1,7.987643e-01,1,15,31,1
Y,1,7.987643e-01,1,7.987643e-01,1,15,38,1
Y,1,7.987643e-01,1,7.987643e-01,1,15,43,1
Y,1,7.987643e-01,1,7.987643e-01,1,15,44,1
Y,1,7.987643e-01,1,7.987643e-01,1,15,45,1
Y,1,7.987643e-01,1,7.987643e-01,1,15,53,1
Y,1,7.987643e-01,1,7.987643e-01,1,15,66,1
Y,1,7.987643e-01,1,7.987643e-01,1,15,68,1
Y,1,7.987643e-01,1,7.987643e-01,1,15,80,1
Y,1,7.987643e-01,1,7.987643e-01,1,15,110,1
Y,1,7.987643e-01,1,7.987643e-01,1,15,137,1
Y,2,6.380245e-01,1,6.380245e-01,1,8,1,2
Y,2,3.214797e-01,1,6.380245e-01,1,5,5,1
Y,2,4.049579e-02,1,6.380245e-01,1,1,16,0
Y,2,3.214797e-01,1,6.380245e-01,1,5,32,1
Y,2,6.380245e-01,1,6.380245e-01,1,8,33,2
Y,2,6.380245e-01,1,6.380245e-01,1,8,48,2
Y,2,6.380245e-01,1,6.380245e-01,1,8,50,2
Y,2,6.380245e-01,1,6.380245e-01,1,8,54,2
Y,2,6.380245e-01,1,6.380245e-01,1,8,55,2
Y,2,3.214797e-01,1,6.380245e-01,1,5,77,1
Y,2,3.214797e-01,1,6.380245e-01,1,5,102,1
Y,2,6.380245e-01,1,6.380245e-01,1,8,118,2
Y,2,6.380245e-01,1,6.380245e-01,1,8,123,2
Y,2,3.214797e-01,1,6.380245e-01,1,5,140,1
Y,3,3.851798e-01,1,5.096312e-01,1,3,4,2
Y,3,5.096312e-01,1,5.096312e-01,1,8,8,3
Y,3,3.851798e-01,1,5.096312e-01,1,3,30,2
Y,3,5.096312e-01,1,5.096312e-01,1,8,58,3
Y,3,5.096312e-01,1,5.096312e-01,1,8,71,3
Y,3,9.703978e-02,1,5.096312e-01,1,1,72,1
Y,3,5.096312e-01,1,5.096312e-01,1,8,84,3
Y,3,5.096312e-01,1,5.096312e-01,1,8,91,3
Y,3,5.096312e-01,1,5.096312e-01,1,8,95,3
Y,3,3.851798e-01,1,5.096312e-01,1,3,108,2
Y,3,5.096312e-01,1,5.096312e-01,1,8,109,3
Y,3,5.096312e-01,1,5.096312e-01,1,8,133,3
Y,4,4.070752e-01,1,4.102239e-01,1,7,6,4
Y,4,4.070752e-01,1,4.102239e-01,1,7,9,4
Y,4,4.102239e-01,1,4.102239e-01,1,5,15,3
Y,4,4.102239e-01,1,4.102239e-01,1,5,27,3
Y,4,4.070752e-01,1,4.102239e-01,1,7,56,4
Y,4,1.550238e-01,1,4.102239e-01,1,2,67,2
Y,4,4.070752e-01,1,4.102239e-01,1,7,92,4
Y,4,4.102239e-01,1,4.102239e-01,1,5,94,3
Y,4,4.070752e-01,1,4.102239e-01,1,7,98,4
Y,4,4.102239e-01,1,4.102239e-01,1,5,99,3
Y,4,4.102239e-01,1,4.102239e-01,1,5,104,3
Y,4,1.550238e-01,1,4.102239e-01,1,2,113,2
Y,4,4.070752e-01,1,4.102239e-01,1,7,114,4
Y,4,4.070752e-01,1,4.102239e-01,1,7,124,4
Y,5,3.251572e-01,1,4.095903e-01,1,7,2,5
Y,5,3.251572e-01,1,4.095903e-01,1,7,24,5
Y,5,4.095903e-01,1,4.095903e-01,1,3,35,4
Y,5,5.199387e-02,1,4.095903e-01,1,1,69,2
Y,5,3.251572e-01,1,4.095903e-01,1,7,78,5
Y,5,2.063792e-01,1,4.095903e-01,1,2,79,3
Y,5,3.251572e-01,1,4.095903e-01,1,7,100,5
Y,5,3.251572e-01,1,4.095903e-01,1,7,105,5
Y,5,4.095903e-01,1,4.095903e-01,1,3,112,4
Y,5,4.095903e-01,1,4.095903e-01,1,3,122,4
Y,5,3.251572e-01,1,4.095903e-01,1,7,125,5
Y,5,2.063792e-01,1,4.095903e-01,1,2,138,3
Y,5,3.251572e-01,1,4.095903e-01,1,7,139,5
Y,6,2.597240e-01,1,3.925993e-01,1,4,11,6
Y,6,2.597240e-01,1,3.925993e-01,1,4,37,6
Y,6,2.472725e-01,1,3.925993e-01,1,3,59,4
Y,6,2.597240e-01,1,3.925993e-01,1,4,96,6
Y,6,3.925993e-01,1,3.925993e-01,1,1,97,5
Y,6,2.597240e-01,1,3.925993e-01,1,4,106,6
Y,6,2.472725e-01,1,3.925993e-01,1,3,121,4
Y,6,2.472725e-01,1,3.925993e-01,1,3,127,4
Y,7,1.161068e-01,1,3.658601e-01,1,1,51,4
Y,7,3.658601e-01,1,3.658601e-01,1,2,88,6
Y,7,3.658601e-01,1,3.658601e-01,1,2,129,6
Y,8,1.657102e-01,1,3.339840e-01,1,2,29,8
Y,8,1.483871e-01,1,3.339840e-01,1,2,39,5
Y,8,2.689302e-06,1,3.339840e-01,1,1,61,0
Y,8,1.483871e-01,1,3.339840e-01,1,2,64,5
Y,8,9.418218e-03,1,3.339840e-01,1,1,65,3
Y,8,3.339840e-01,1,3.339840e-01,1,2,93,7
Y,8,2.944964e-01,1,3.339840e-01,1,2,101,6
Y,8,1.657102e-01,1,3.339840e-01,1,2,103,8
Y,8,3.339840e-01,1,3.339840e-01,1,2,111,7
Y,8,2.944964e-01,1,3.339840e-01,1,2,120,6
Y,9,1.777895e-01,1,3.024427e-01,1,2,21,6
Y,9,1.777895e-01,1,3.024427e-01,1,2,25,6
Y,9,3.024427e-01,1,3.024427e-01,1,1,36,7
Y,10,2.663624e-01,1,3.019755e-01,1,2,22,9
Y,10,2.663624e-01,1,3.019755e-01,1,2,90,9
Y,11,2.948089e-01,1,2.948089e-01,1,1,126,9
Y,12,1.345161e-01,1,2.825794e-01,1,1,3,8
Y,12,6.745654e-02,1,2.825794e-01,1,1,26,12
Y,12,2.039349e-01,1,2.825794e-01,1,1,60,11
Y,12,2.373043e-01,1,2.825794e-01,1,1,116,9
Y,13,7.038054e-02,1,2.667533e-01,1,1,19,8
Y,13,2.667533e-01,1,2.667533e-01,1,1,52,11
Y,13,2.464152e-01,1,2.667533e-01,1,1,57,10
Y,13,8.874915e-10,1,2.667533e-01,1,2,85,0
Y,13,8.874915e-10,1,2.667533e-01,1,2,132,0
Y,14,1.518014e-01,1,2.505080e-01,1,2,83,13
Y,14,2.505080e-01,1,2.505080e-01,1,2,87,11
Y,14,2.505080e-01,1,2.505080e-01,1,2,130,11
Y,14,1.518014e-01,1,2.505080e-01,1,2,134,13
Y,15,1.890418e-01,1,2.501210e-01,1,1,70,11
Y,17,1.893341e-01,1,2.384982e-01,1,2,86,15
Y,17,1.893341e-01,1,2.384982e-01,1,2,131,15
Y,18,1.701375e-01,1,2.286046e-01,1,1,7,16
Y,20,1.348030e-01,1,2.181786e-01,1,1,18,18
Y,21,2.948664e-02,1,2.152788e-01,1,1,40,13
Y,21,2.152788e-01,1,2.152788e-01,1,2,89,17
Y,21,2.152788e-01,1,2.152788e-01,1,2,128,17
Y,22,9.463596e-06,1,2.101697e-01,1,1,62,8
Y,22,3.701166e-02,1,2.101697e-01,1,1,74,14
Y,23,5.696779e-03,1,2.032184e-01,1,1,63,23
Y,25,1.852262e-01,1,1.959918e-01,1,1,73,21
Y,26,1.207029e-01,1,1.938254e-01,1,2,75,23
Y,26,1.207029e-01,1,1.938254e-01,1,2,142,23
Y,31,1.196607e-01,1,1.777215e-01,1,1,13,27
Y,36,3.504525e-02,1,1.650600e-01,1,1,34,33
Y,39,1.355397e-01,1,1.561928e-01,1,2,81,30
Y,39,1.355397e-01,1,1.561928e-01,1,2,136,30
Y,56,1.520889e-03,1,1.325854e-01,1,1,14,53
Y,62,4.889962e-02,1,1.258570e-01,1,1,12,54
C,1,8.785714e-01,1,8.785714e-01,1,20,8,1
C,1,8.785714e-01,1,8.785714e-01,1,20,9,1
C,1,1.214286e-01,1,8.785714e-01,1,5,15,0
C,1,8.785714e-01,1,8.785714e-01,1,20,24,1
C,1,8.785714e-01,1,8.785714e-01,1,20,28,1
C,1,8.785714e-01,1,8.785714e-01,1,20,29,1
C,1,8.785714e-01,1,8.785714e-01,1,20,37,1
C,1,8.785714e-01,1,8.785714e-01,1,20,46,1
C,1,8.785714e-01,1,8.785714e-01,1,20,58,1
C,1,8.785714e-01,1,8.785714e-01,1,20,59,1
C,1,8.785714e-01,1,8.785714e-01,1,20,65,1
C,1,8.785714e-01,1,8.785714e-01,1,20,67,1
C,1,8.785714e-01,1,8.785714e-01,1,20,91,1
C,1,1.214286e-01,1,8.785714e-01,1,5,92,0
C,1,8.785714e-01,1,8.785714e-01,1,20,98,1
C,1,1.214286e-01,1,8.785714e-01,1,5,104,0
C,1,1.214286e-01,1,8.785714e-01,1,5,105,0
C,1,8.785714e-01,1,8.785714e-01,1,20,109,1
C,1,1.214286e-01,1,8.785714e-01,1,5,111,0
C,1,8.785714e-01,1,8.785714e-01,1,20,112,1
C,1,8.785714e-01,1,8.785714e-01,1,20,113,1
C,1,8.785714e-01,1,8.785714e-01,1,20,115,1
C,1,8.785714e-01,1,8.785714e-01,1,20,118,1
C,1,8.785714e-01,1,8.785714e-01,1,20,119,1
C,1,8.785714e-01,1,8.785714e-01,1,20,122,1
C,2,2.133673e-01,1,7.718878e-01,1,7,2,1
C,2,7.718878e-01,1,7.718878e-01,1,17,3,2
C,2,7.718878e-01,1,7.718878e-01,1,17,4,2
C,2,7.718878e-01,1,7.718878e-01,1,17,7,2
C,2,7.718878e-01,1,7.718878e-01,1,17,20,2
C,2,7.718878e-01,1,7.718878e-01,1,17,27,2
C,2,7.718878e-01,1,7.718878e-01,1,17,52,2
C,2,7.718878e-01,1,7.718878e-01,1,17,57,2
C,2,7.718878e-01,1,7.718878e-01,1,17,70,2
C,2,2.133673e-01,1,7.718878e-01,1,7,75,1
C,2,7.718878e-01,1,7.718878e-01,1,17,78,2
C,2,7.718878e-01,1,7.718878e-01,1,17,90,2
C,2,2.133673e-01,1,7.718878e-01,1,7,99,1
C,2,7.718878e-01,1,7.718878e-01,1,17,101,2
C,2,2.133673e-01,1,7.718878e-01,1,7,108,1
C,2,2.133673e-01,1,7.718878e-01,1,7,114,1
C,2,2.133673e-01,1,7.718878e-01,1,7,120,1
C,2,7.718878e-01,1,7.718878e-01,1,17,121,2
C,2,7.718878e-01,1,7.718878e-01,1,17,123,2
C,2,7.718878e-01,1,7.718878e-01,1,17,124,2
C,2,7.718878e-01,1,7.718878e-01,1,17,126,2
C,2,7.718878e-01,1,7.718878e-01,1,17,127,2
C,2,7.718878e-01,1,7.718878e-01,1,17,139,2
C,2,2.133673e-01,1,7.718878e-01,1,7,142,1
C,3,6.781585e-01,1,6.781585e-01,1,8,6,3
C,3,6.781585e-01,1,6.781585e-01,1,8,11,3
C,3,6.781585e-01,1,6.781585e-01,1,8,21,3
C,3,6.781585e-01,1,6.781585e-01,1,8,36,3
C,3,6.781585e-01,1,6.781585e-01,1,8,60,3
C,3,2.811877e-01,1,6.781585e-01,1,8,61,2
C,3,6.781585e-01,1,6.781585e-01,1,8,73,3
C,3,2.811877e-01,1,6.781585e-01,1,8,83,2
C,3,2.811877e-01,1,6.781585e-01,1,8,85,2
C,3,2.811877e-01,1,6.781585e-01,1,8,87,2
C,3,6.781585e-01,1,6.781585e-01,1,8,93,3
C,3,6.781585e-01,1,6.781585e-01,1,8,96,3
C,3,2.811877e-01,1,6.781585e-01,1,8,117,2
C,3,2.811877e-01,1,6.781585e-01,1,8,130,2
C,3,2.811877e-01,1,6.781585e-01,1,8,132,2
C,3,2.811877e-01,1,6.781585e-01,1,8,134,2
C,4,5.958107e-01,1,5.958107e-01,1,4,16,4
C,4,3.293913e-01,1,5.958107e-01,1,1,22,3
C,4,5.958107e-01,1,5.958107e-01,1,4,34,4
C,4,5.958107e-01,1,5.958107e-01,1,4,35,4
C,4,5.958107e-01,1,5.958107e-01,1,4,39,4
C,5,5.234623e-01,1,5.234623e-01,1,3,40,5
C,5,3.617422e-01,1,5.234623e-01,1,2,51,4
C,5,3.617422e-01,1,5.234623e-01,1,2,72,4
C,5,9.999378e-02,1,5.234623e-01,1,2,86,3
C,5,5.234623e-01,1,5.234623e-01,1,3,89,5
C,5,5.234623e-01,1,5.234623e-01,1,3,128,5
C,5,9.999378e-02,1,5.234623e-01,1,2,131,3
C,6,4.598990e-01,1,4.598990e-01,1,1,25,6
C,6,3.813796e-01,1,4.598990e-01,1,1,97,5
C,7,4.040541e-01,1,4.040541e-01,1,2,62,7
C,7,4.040541e-01,1,4.040541e-01,1,2,74,7
C,8,5.248510e-02,1,3.925097e-01,1,1,14,5
C,8,3.925097e-01,1,3.925097e-01,1,1,63,7
C,8,3.549904e-01,1,3.925097e-01,1,2,81,8
C,8,3.549904e-01,1,3.925097e-01,1,2,136,8
C,9,3.118844e-01,1,3.879538e-01,1,2,84,9
C,9,3.118844e-01,1,3.879538e-01,1,2,133,9
C,13,1.858241e-01,1,3.338790e-01,1,1,13,13
C,15,2.876955e-01,1,2.973659e-01,1,1,12,13
N,1,8.450780e-01,1,8.450780e-01,1,9,28,1
N,1,8.450780e-01,1,8.450780e-01,1,9,33,1
N,1,8.450780e-01,1,8.450780e-01,1,9,42,1
N,1,8.450780e-01,1,8.450780e-01,1,9,45,1
N,1,8.450780e-01,1,8.450780e-01,1,9,46,1
N,1,1.549220e-01,1,8.450780e-01,1,1,47,0
N,1,8.450780e-01,1,8.450780e-01,1,9,54,1
N,1,8.450780e-01,1,8.450780e-01,1,9,76,1
N,1,8.450780e-01,1,8.450780e-01,1,9,117,1
N,1,8.450780e-01,1,8.450780e-01,1,9,141,1
N,2,7.141568e-01,1,7.141568e-01,1,9,1,2
N,2,2.618423e-01,1,7.141568e-01,1,5,10,1
N,2,7.141568e-01,1,7.141568e-01,1,9,17,2
N,2,2.400083e-02,1,7.141568e-01,1,1,23,0
N,2,2.618423e-01,1,7.141568e-01,1,5,30,1
N,2,2.618423e-01,1,7.141568e-01,1,5,36,1
N,2,7.141568e-01,1,7.141568e-01,1,9,41,2
N,2,7.141568e-01,1,7.141568e-01,1,9,49,2
N,2,7.141568e-01,1,7.141568e-01,1,9,58,2
N,2,7.141568e-01,1,7.141568e-01,1,9,77,2
N,2,7.141568e-01,1,7.141568e-01,1,9,82,2
N,2,2.618423e-01,1,7.141568e-01,1,5,108,1
N,2,2.618423e-01,1,7.141568e-01,1,5,123,1
N,2,7.141568e-01,1,7.141568e-01,1,9,135,2
N,2,7.141568e-01,1,7.141568e-01,1,9,140,2
N,3,6.035182e-01,1,6.035182e-01,1,2,31,3
N,3,6.035182e-01,1,6.035182e-01,1,2,72,3
N,3,3.319158e-01,1,6.035182e-01,1,1,106,2
N,4,5.100200e-01,1,5.100200e-01,1,4,2,4
N,4,1.028421e-01,1,5.100200e-01,1,1,20,2
N,4,5.100200e-01,1,5.100200e-01,1,4,32,4
N,4,5.100200e-01,1,5.100200e-01,1,4,55,4
N,4,1.256887e-02,1,5.100200e-01,1,1,66,1
N,4,3.739930e-01,1,5.100200e-01,1,1,102,3
N,4,5.100200e-01,1,5.100200e-01,1,4,124,4
N,5,3.950666e-01,1,4.310067e-01,1,5,38,4
N,5,3.950666e-01,1,4.310067e-01,1,5,48,4
N,5,1.448494e-01,1,4.310067e-01,1,1,50,3
N,5,3.950666e-01,1,4.310067e-01,1,5,80,4
N,5,4.310067e-01,1,4.310067e-01,1,1,104,5
N,5,3.950666e-01,1,4.310067e-01,1,5,127,4
N,5,3.950666e-01,1,4.310067e-01,1,5,137,4
N,6,4.006345e-01,1,4.006345e-01,1,3,4,5
N,6,1.836135e-01,1,4.006345e-01,1,1,51,4
N,6,3.642342e-01,1,4.006345e-01,1,2,79,6
N,6,4.006345e-01,1,4.006345e-01,1,3,110,5
N,6,4.006345e-01,1,4.006345e-01,1,3,119,5
N,6,3.642342e-01,1,4.006345e-01,1,2,138,6
N,7,2.172348e-01,1,3.949953e-01,1,2,16,5
N,7,3.078063e-01,1,3.949953e-01,1,3,27,7
N,7,3.078063e-01,1,3.949953e-01,1,3,56,7
N,7,3.949953e-01,1,3.949953e-01,1,3,59,6
N,7,3.078063e-01,1,3.949953e-01,1,3,67,7
N,7,2.172348e-01,1,3.949953e-01,1,2,91,5
N,7,3.949953e-01,1,3.949953e-01,1,3,94,6
N,7,3.949953e-01,1,3.949953e-01,1,3,114,6
N,8,3.814878e-01,1,3.814878e-01,1,6,8,7
N,8,3.814878e-01,1,3.814878e-01,1,6,21,7
N,8,2.601204e-01,1,3.814878e-01,1,4,24,8
N,8,3.814878e-01,1,3.814878e-01,1,6,35,7
N,8,8.974521e-02,1,3.814878e-01,1,1,37,5
N,8,2.601204e-01,1,3.814878e-01,1,4,71,8
N,8,3.814878e-01,1,3.814878e-01,1,6,92,7
N,8,2.447738e-01,1,3.814878e-01,1,1,100,6
N,8,3.814878e-01,1,3.814878e-01,1,6,109,7
N,8,2.601204e-01,1,3.814878e-01,1,4,112,8
N,8,3.814878e-01,1,3.814878e-01,1,6,121,7
N,8,2.601204e-01,1,3.814878e-01,1,4,122,8
N,9,7.008874e-04,1,3.626853e-01,1,1,65,3
N,9,2.659538e-01,1,3.626853e-01,1,1,126,7
N,10,2.809397e-01,1,3.405526e-01,1,1,15,8
N,10,3.405526e-01,1,3.405526e-01,1,1,29,9
N,10,1.373403e-01,1,3.405526e-01,1,1,52,7
N,10,1.551184e-04,1,3.405526e-01,1,1,61,3
N,11,1.569874e-01,1,3.165729e-01,1,3,18,11
N,11,2.901750e-01,1,3.165729e-01,1,1,69,9
N,11,3.165729e-01,1,3.165729e-01,1,2,103,10
N,11,1.569874e-01,1,3.165729e-01,1,3,115,11
N,11,3.165729e-01,1,3.165729e-01,1,2,118,10
N,11,1.569874e-01,1,3.165729e-01,1,3,125,11
N,12,2.918496e-01,1,2.942646e-01,1,2,6,11
N,12,2.942646e-01,1,2.942646e-01,1,1,9,10
N,12,1.798180e-01,1,2.942646e-01,1,1,57,9
N,12,2.918496e-01,1,2.942646e-01,1,2,93,11
N,12,1.326666e-01,1,2.942646e-01,1,2,95,12
N,12,1.326666e-01,1,2.942646e-01,1,2,113,12
N,13,2.671886e-01,1,2.938905e-01,1,1,68,12
N,13,1.121136e-01,1,2.938905e-01,1,1,111,13
N,14,2.897538e-01,1,2.897538e-01,1,1,26,12
N,15,9.371362e-05,1,2.825360e-01,1,1,39,6
N,15,2.244462e-01,1,2.825360e-01,1,1,99,12
N,16,2.728743e-01,1,2.728743e-01,1,1,64,14
N,17,1.537049e-01,1,2.613467e-01,1,1,11,13
N,17,2.395540e-01,1,2.613467e-01,1,1,19,14
N,17,5.718018e-02,1,2.613467e-01,1,3,25,17
N,17,7.326176e-02,1,2.613467e-01,1,2,75,12
N,17,5.718018e-02,1,2.613467e-01,1,3,83,17
N,17,1.782012e-01,1,2.613467e-01,1,2,88,16
N,17,1.782012e-01,1,2.613467e-01,1,2,129,16
N,17,5.718018e-02,1,2.613467e-01,1,3,134,17
N,17,7.326176e-02,1,2.613467e-01,1,2,142,12
N,18,1.070068e-02,1,2.484656e-01,1,1,40,11
N,18,4.832171e-02,1,2.484656e-01,1,2,78,18
N,18,1.594524e-01,1,2.484656e-01,1,1,96,17
N,18,8.572417e-02,1,2.484656e-01,1,1,98,13
N,18,2.484656e-01,1,2.484656e-01,1,1,105,16
N,18,4.832171e-02,1,2.484656e-01,1,2,139,18
N,19,9.831633e-02,1,2.437877e-01,1,1,70,14
N,20,4.749241e-09,1,2.423760e-01,1,1,62,5
N,20,1.888404e-01,1,2.423760e-01,1,1,101,16
N,21,9.825961e-18,1,2.389644e-01,1,2,85,0
N,21,9.825961e-18,1,2.389644e-01,1,2,132,0
N,22,2.036147e-01,1,2.338294e-01,1,1,22,18
N,22,9.939590e-02,1,2.338294e-01,1,1,116,21
N,23,8.781535e-02,1,2.272447e-01,1,1,34,22
N,24,2.194737e-01,1,2.194737e-01,1,1,120,21
N,27,5.257673e-02,1,2.105503e-01,1,2,87,26
N,27,5.257673e-02,1,2.105503e-01,1,2,130,26
N,28,1.826657e-01,1,2.075866e-01,1,1,90,23
N,29,1.707751e-01,1,2.034952e-01,1,1,60,26
N,29,6.514053e-03,1,2.034952e-01,1,1,74,19
N,31,1.925279e-01,1,1.925279e-01,1,3,7,27
N,31,1.925279e-01,1,1.925279e-01,1,3,86,27
N,31,1.925279e-01,1,1.925279e-01,1,3,131,27
N,32,1.908915e-01,1,1.908915e-01,1,1,97,27
N,34,1.712575e-01,1,1.883723e-01,1,1,3,30
N,34,1.205401e-01,1,1.883723e-01,1,1,63,31
N,34,6.164339e-02,1,1.883723e-01,1,2,89,32
N,34,6.164339e-02,1,1.883723e-01,1,2,128,32
N,35,1.702343e-01,1,1.857209e-01,1,1,73,29
N,48,1.174324e-02,1,1.587119e-01,1,1,13,46
N,64,1.504149e-02,1,1.361112e-01,1,2,81,60
N,64,1.504149e-02,1,1.361112e-01,1,2,136,60
N,97,4.372310e-02,1,1.113909e-01,1,1,14,87
N,115,2.191286e-02,1,1.019792e-01,1,1,12,104
K,1,9.001259e-01,1,9.001259e-01,1,10,1,0
K,1,9.001259e-01,1,9.001259e-01,1,10,23,0
K,1,9.001259e-01,1,9.001259e-01,1,10,32,0
K,1,9.001259e-01,1,9.001259e-01,1,10,46,0
K,1,9.001259e-01,1,9.001259e-01,1,10,49,0
K,1,9.001259e-01,1,9.001259e-01,1,10,54,0
K,1,9.001259e-01,1,9.001259e-01,1,10,55,0
K,1,9.001259e-01,1,9.001259e-01,1,10,66,0
K,1,9.001259e-01,1,9.001259e-01,1,10,85,0
K,1,9.001259e-01,1,9.001259e-01,1,10,132,0
K,2,1.797985e-01,1,8.102266e-01,1,1,28,1
K,2,8.102266e-01,1,8.102266e-01,1,7,30,0
K,2,8.102266e-01,1,8.102266e-01,1,7,38,0
K,2,8.102266e-01,1,8.102266e-01,1,7,41,0
K,2,8.102266e-01,1,8.102266e-01,1,7,42,0
K,2,8.102266e-01,1,8.102266e-01,1,7,48,0
K,2,8.102266e-01,1,8.102266e-01,1,7,50,0
K,2,8.102266e-01,1,8.102266e-01,1,7,53,0
K,3,7.293060e-01,1,7.293060e-01,1,2,84,0
K,3,7.293060e-01,1,7.293060e-01,1,2,133,0
K,4,6.564672e-01,1,6.564672e-01,1,2,39,0
K,4,6.564672e-01,1,6.564672e-01,1,2,92,0
K,5,5.909031e-01,1,5.909031e-01,1,1,56,0
K,5,7.274708e-02,1,5.909031e-01,1,1,61,2
K,6,5.318872e-01,1,5.318872e-01,1,1,36,0
K,6,3.540955e-01,1,5.318872e-01,1,2,65,1
K,6,3.540955e-01,1,5.318872e-01,1,2,123,1
K,7,4.787654e-01,1,4.787654e-01,1,2,20,0
K,7,4.787654e-01,1,4.787654e-01,1,2,27,0
K,8,1.485537e-01,1,4.309492e-01,1,2,17,2
K,8,3.825302e-01,1,4.309492e-01,1,3,21,1
K,8,4.309492e-01,1,4.309492e-01,1,1,35,0
K,8,3.825302e-01,1,4.309492e-01,1,3,82,1
K,8,1.485537e-01,1,4.309492e-01,1,2,127,2
K,8,3.825302e-01,1,4.309492e-01,1,3,135,1
K,9,3.873660e-01,1,3.879085e-01,1,2,16,1
K,9,1.719219e-01,1,3.879085e-01,1,2,18,2
K,9,3.873660e-01,1,3.879085e-01,1,2,94,1
K,9,1.719219e-01,1,3.879085e-01,1,2,117,2
K,10,3.874201e-01,1,3.874201e-01,1,2,2,1
K,10,3.874201e-01,1,3.874201e-01,1,2,67,1
K,10,1.934392e-01,1,3.874201e-01,1,2,91,2
K,10,3.491665e-01,1,3.874201e-01,1,2,95,0
K,10,1.934392e-01,1,3.874201e-01,1,2,109,2
K,10,3.491665e-01,1,3.874201e-01,1,2,119,0
K,11,3.835996e-01,1,3.835996e-01,1,3,24,1
K,11,3.142938e-01,1,3.835996e-01,1,2,37,0
K,11,3.835996e-01,1,3.835996e-01,1,3,40,1
K,11,2.128128e-01,1,3.835996e-01,1,4,51,2
K,11,2.128128e-01,1,3.835996e-01,1,4,75,2
K,11,2.128128e-01,1,3.835996e-01,1,4,103,2
K,11,3.835996e-01,1,3.835996e-01,1,3,106,1
K,11,3.142938e-01,1,3.835996e-01,1,2,112,0
K,11,2.128128e-01,1,3.835996e-01,1,4,142,2
K,12,3.766777e-01,1,3.766777e-01,1,3,29,1
K,12,2.829040e-01,1,3.766777e-01,1,4,58,0
K,12,3.766777e-01,1,3.766777e-01,1,3,77,1
K,12,2.829040e-01,1,3.766777e-01,1,4,80,0
K,12,2.298700e-01,1,3.766777e-01,1,1,107,2
K,12,2.829040e-01,1,3.766777e-01,1,4,108,0
K,12,2.829040e-01,1,3.766777e-01,1,4,137,0
K,12,3.766777e-01,1,3.766777e-01,1,3,140,1
K,13,2.546492e-01,1,3.673122e-01,1,5,4,0
K,13,2.546492e-01,1,3.673122e-01,1,5,8,0
K,13,3.673122e-01,1,3.673122e-01,1,3,10,1
K,13,2.546492e-01,1,3.673122e-01,1,5,88,0
K,13,2.546492e-01,1,3.673122e-01,1,5,102,0
K,13,3.673122e-01,1,3.673122e-01,1,3,104,1
K,13,2.445323e-01,1,3.673122e-01,1,1,118,2
K,13,3.673122e-01,1,3.673122e-01,1,3,124,1
K,13,2.546492e-01,1,3.673122e-01,1,5,129,0
K,14,1.139714e-01,1,3.560601e-01,1,1,68,3
K,14,3.560601e-01,1,3.560601e-01,1,2,79,1
K,14,3.477589e-02,1,3.560601e-01,1,1,100,4
K,14,3.560601e-01,1,3.560601e-01,1,2,138,1
K,15,2.667089e-01,1,3.433917e-01,1,2,71,2
K,15,4.268547e-02,1,3.433917e-01,1,1,105,4
K,15,2.667089e-01,1,3.433917e-01,1,2,110,2
K,15,3.433917e-01,1,3.433917e-01,1,1,121,1
K,16,3.297021e-01,1,3.297021e-01,1,2,83,1
K,16,1.857172e-01,1,3.297021e-01,1,2,113,0
K,16,1.857172e-01,1,3.297021e-01,1,2,126,0
K,16,3.297021e-01,1,3.297021e-01,1,2,134,1
K,17,3.153217e-01,1,3.153217e-01,1,1,52,1
K,17,6.030189e-02,1,3.153217e-01,1,1,57,4
K,17,2.798940e-01,1,3.153217e-01,1,1,59,2
K,17,1.739618e-02,1,3.153217e-01,1,1,72,5
K,17,1.552792e-01,1,3.153217e-01,1,1,125,3
K,18,1.504730e-01,1,3.005251e-01,1,1,69,0
K,19,2.855388e-01,1,2.855388e-01,1,2,11,1
K,19,2.855388e-01,1,2.855388e-01,1,2,96,1
K,19,2.851394e-01,1,2.855388e-01,1,1,116,2
K,19,1.354446e-01,1,2.855388e-01,1,1,122,0
K,20,3.178756e-02,1,2.851793e-01,1,1,15,5
K,20,1.219172e-01,1,2.851793e-01,1,1,98,0
K,20,8.952772e-02,1,2.851793e-01,1,1,114,4
K,21,9.954768e-02,1,2.837180e-01,1,1,9,4
K,21,1.097409e-01,1,2.837180e-01,1,1,19,0
K,21,2.557039e-01,1,2.837180e-01,1,2,62,1
K,21,2.557039e-01,1,2.837180e-01,1,2,64,1
K,22,2.809202e-01,1,2.809202e-01,1,2,26,2
K,22,2.077980e-01,1,2.809202e-01,1,1,70,3
K,22,2.809202e-01,1,2.809202e-01,1,2,93,2
K,23,8.891496e-02,1,2.769457e-01,1,1,6,0
K,23,2.269093e-01,1,2.769457e-01,1,1,74,1
K,23,2.769457e-01,1,2.769457e-01,1,1,101,2
K,24,2.212777e-01,1,2.719484e-01,1,2,86,3
K,24,2.719484e-01,1,2.719484e-01,1,1,111,2
K,24,2.131273e-01,1,2.719484e-01,1,1,115,1
K,24,2.212777e-01,1,2.719484e-01,1,2,131,3
K,25,2.263384e-01,1,2.660737e-01,1,1,22,3
K,25,1.998348e-01,1,2.660737e-01,1,1,73,1
K,25,2.660737e-01,1,2.660737e-01,1,1,120,2
K,27,3.223979e-02,1,2.522286e-01,1,2,78,6
K,27,2.522286e-01,1,2.522286e-01,1,1,99,2
K,27,3.223979e-02,1,2.522286e-01,1,2,139,6
K,28,1.632296e-01,1,2.445019e-01,1,1,25,1
K,28,1.630473e-01,1,2.445019e-01,1,1,34,4
K,35,2.248912e-01,1,2.248912e-01,1,1,3,3
K,36,1.756131e-01,1,2.208332e-01,1,1,60,2
K,38,2.052423e-01,1,2.114021e-01,1,1,63,4
K,38,4.793353e-02,1,2.114021e-01,1,2,87,7
K,38,4.793353e-02,1,2.114021e-01,1,2,130,7
K,41,6.086490e-02,1,2.053586e-01,1,1,90,1
K,43,2.027631e-01,1,2.027631e-01,1,1,7,4
K,50,1.811571e-01,1,1.849238e-01,1,1,97,4
K,52,1.597399e-01,1,1.837880e-01,1,2,81,6
K,52,1.597399e-01,1,1.837880e-01,1,2,136,6
K,55,5.606667e-02,1,1.794122e-01,1,1,13,2
K,67,1.615578e-01,1,1.615578e-01,1,2,89,6
K,67,1.615578e-01,1,1.615578e-01,1,2,128,6
K,116,4.587188e-02,1,1.233902e-01,1,1,14,16
K,171,5.788155e-02,1,1.014341e-01,1,1,12,21
D,1,9.023355e-01,1,9.023355e-01,1,12,5,1
D,1,9.023355e-01,1,9.023355e-01,1,12,38,1
D,1,9.023355e-01,1,9.023355e-01,1,12,44,1
D,1,9.023355e-01,1,9.023355e-01,1,12,47,1
D,1,9.023355e-01,1,9.023355e-01,1,12,49,1
D,1,9.023355e-01,1,9.023355e-01,1,12,58,1
D,1,9.023355e-01,1,9.023355e-01,1,12,59,1
D,1,9.023355e-01,1,9.023355e-01,1,12,66,1
D,1,9.023355e-01,1,9.023355e-01,1,12,76,1
D,1,9.023355e-01,1,9.023355e-01,1,12,94,1
D,1,9.023355e-01,1,9.023355e-01,1,12,117,1
D,1,9.023355e-01,1,9.023355e-01,1,12,141,1
D,2,1.762524e-01,1,8.142093e-01,1,1,1,1
D,2,8.142093e-01,1,8.142093e-01,1,13,15,2
D,2,8.142093e-01,1,8.142093e-01,1,13,23,2
D,2,8.142093e-01,1,8.142093e-01,1,13,37,2
D,2,8.142093e-01,1,8.142093e-01,1,13,42,2
D,2,8.142093e-01,1,8.142093e-01,1,13,43,2
D,2,8.142093e-01,1,8.142093e-01,1,13,54,2
D,2,8.142093e-01,1,8.142093e-01,1,13,55,2
D,2,8.142093e-01,1,8.142093e-01,1,13,56,2
D,2,8.142093e-01,1,8.142093e-01,1,13,79,2
D,2,8.142093e-01,1,8.142093e-01,1,13,107,2
D,2,8.142093e-01,1,8.142093e-01,1,13,108,2
D,2,8.142093e-01,1,8.142093e-01,1,13,118,2
D,2,8.142093e-01,1,8.142093e-01,1,13,138,2
D,3,2.385581e-01,1,7.346899e-01,1,3,4,2
D,3,7.346899e-01,1,7.346899e-01,1,9,8,3
D,3,7.346899e-01,1,7.346899e-01,1,9,17,3
D,3,7.346899e-01,1,7.346899e-01,1,9,71,3
D,3,7.346899e-01,1,7.346899e-01,1,9,92,3
D,3,2.385581e-01,1,7.346899e-01,1,3,95,2
D,3,7.346899e-01,1,7.346899e-01,1,9,100,3
D,3,2.385581e-01,1,7.346899e-01,1,3,102,2
D,3,2.582041e-02,1,7.346899e-01,1,1,106,1
D,3,7.346899e-01,1,7.346899e-01,1,9,110,3
D,3,7.346899e-01,1,7.346899e-01,1,9,112,3
D,3,7.346899e-01,1,7.346899e-01,1,9,119,3
D,3,7.346899e-01,1,7.346899e-01,1,9,124,3
D,4,2.870126e-01,1,6.629367e-01,1,3,27,3
D,4,2.870126e-01,1,6.629367e-01,1,3,50,3
D,4,6.629367e-01,1,6.629367e-01,1,1,104,4
D,4,2.870126e-01,1,6.629367e-01,1,3,123,3
D,5,5.981913e-01,1,5.981913e-01,1,4,21,5
D,5,5.981913e-01,1,5.981913e-01,1,4,30,5
D,5,3.237271e-01,1,5.981913e-01,1,6,35,4
D,5,5.981913e-01,1,5.981913e-01,1,4,36,5
D,5,3.237271e-01,1,5.981913e-01,1,6,80,4
D,5,3.237271e-01,1,5.981913e-01,1,6,84,4
D,5,7.584847e-03,1,5.981913e-01,1,1,98,2
D,5,5.981913e-01,1,5.981913e-01,1,4,103,5
D,5,3.237271e-01,1,5.981913e-01,1,6,113,4
D,5,7.007739e-02,1,5.981913e-01,1,2,122,3
D,5,7.007739e-02,1,5.981913e-01,1,2,125,3
D,5,3.237271e-01,1,5.981913e-01,1,6,133,4
D,5,3.237271e-01,1,5.981913e-01,1,6,137,4
D,6,9.484997e-02,1,5.397692e-01,1,2,10,4
D,6,9.484997e-02,1,5.397692e-01,1,2,57,4
D,6,5.397692e-01,1,5.397692e-01,1,2,65,6
D,6,3.505325e-01,1,5.397692e-01,1,2,72,5
D,6,3.505325e-01,1,5.397692e-01,1,2,99,5
D,6,5.397692e-01,1,5.397692e-01,1,2,127,6
D,7,1.198211e-01,1,4.870529e-01,1,2,2,5
D,7,4.870529e-01,1,4.870529e-01,1,4,24,7
D,7,3.690142e-01,1,4.870529e-01,1,4,68,6
D,7,4.870529e-01,1,4.870529e-01,1,4,69,7
D,7,4.870529e-01,1,4.870529e-01,1,4,91,7
D,7,3.690142e-01,1,4.870529e-01,1,4,93,6
D,7,3.690142e-01,1,4.870529e-01,1,4,101,6
D,7,4.870529e-01,1,4.870529e-01,1,4,109,7
D,7,1.198211e-01,1,4.870529e-01,1,2,116,5
D,7,3.690142e-01,1,4.870529e-01,1,4,121,6
D,8,4.394851e-01,1,4.394851e-01,1,2,29,8
D,8,1.441584e-01,1,4.394851e-01,1,3,61,6
D,8,1.441584e-01,1,4.394851e-01,1,3,67,6
D,8,3.805424e-01,1,4.394851e-01,1,4,83,7
D,8,3.805424e-01,1,4.394851e-01,1,4,88,7
D,8,4.394851e-01,1,4.394851e-01,1,2,114,8
D,8,1.441584e-01,1,4.394851e-01,1,3,115,6
D,8,3.805424e-01,1,4.394851e-01,1,4,129,7
D,8,3.805424e-01,1,4.394851e-01,1,4,134,7
D,9,1.672448e-01,1,3.965630e-01,1,1,20,7
D,9,3.862990e-01,1,3.965630e-01,1,1,22,8
D,9,3.965630e-01,1,3.965630e-01,1,2,85,9
D,9,3.965630e-01,1,3.965630e-01,1,2,132,9
D,10,3.578329e-01,1,3.873015e-01,1,4,18,10
D,10,3.578329e-01,1,3.873015e-01,1,4,39,10
D,10,3.578329e-01,1,3.873015e-01,1,4,51,10
D,10,3.578329e-01,1,3.873015e-01,1,4,105,10
D,10,3.873015e-01,1,3.873015e-01,1,1,111,9
D,12,3.784133e-01,1,3.784133e-01,1,1,9,11
D,12,2.913508e-01,1,3.784133e-01,1,1,96,12
D,13,3.699104e-01,1,3.699104e-01,1,1,11,12
D,13,2.628962e-01,1,3.699104e-01,1,1,40,13
D,14,3.594589e-01,1,3.594589e-01,1,2,25,13
D,14,3.594589e-01,1,3.594589e-01,1,2,64,13
D,14,2.528899e-01,1,3.594589e-01,1,2,78,12
D,14,2.528899e-01,1,3.594589e-01,1,2,139,12
D,15,2.140525e-01,1,3.475206e-01,1,2,86,15
D,15,2.140525e-01,1,3.475206e-01,1,2,131,15
D,16,3.344855e-01,1,3.344855e-01,1,1,7,15
D,17,1.742835e-01,1,3.206817e-01,1,1,60,17
D,17,1.502699e-01,1,3.206817e-01,1,1,120,14
D,19,1.419033e-01,1,2.918199e-01,1,1,26,19
D,19,2.842669e-01,1,2.918199e-01,1,1,63,17
D,20,1.850853e-01,1,2.850046e-01,1,2,75,17
D,20,2.771784e-01,1,2.850046e-01,1,2,87,19
D,20,2.771784e-01,1,2.850046e-01,1,2,130,19
D,20,1.850853e-01,1,2.850046e-01,1,2,142,17
D,22,2.035748e-01,1,2.821281e-01,1,1,34,19
D,24,8.488531e-02,1,2.744602e-01,1,1,52,24
D,24,2.205021e-01,1,2.744602e-01,1,1,73,23
D,25,1.329740e-01,1,2.691904e-01,1,1,74,21
D,25,2.072571e-01,1,2.691904e-01,1,1,90,24
D,26,2.631418e-01,1,2.631418e-01,1,1,19,24
D,27,2.312966e-01,1,2.564375e-01,1,1,13,24
D,28,2.491921e-01,1,2.491921e-01,1,1,62,26
D,30,1.487753e-01,1,2.358704e-01,1,1,6,29
D,30,2.334897e-01,1,2.358704e-01,1,1,70,28
D,31,2.252161e-01,1,2.356379e-01,1,1,126,29
D,35,2.274559e-01,1,2.274559e-01,1,1,3,32
D,38,2.039882e-01,1,2.153913e-01,1,1,97,34
D,46,1.801910e-01,1,1.981914e-01,1,2,81,41
D,46,1.801910e-01,1,1.981914e-01,1,2,136,41
D,54,7.621707e-02,1,1.827047e-01,1,2,89,46
D,54,7.621707e-02,1,1.827047e-01,1,2,128,46
D,56,8.472273e-02,1,1.796786e-01,1,1,12,48
D,64,1.213556e-01,1,1.677566e-01,1,1,14,60
I,1,7.527345e-01,1,7.527345e-01,1,6,32,0
I,1,7.527345e-01,1,7.527345e-01,1,6,58,0
I,1,7.527345e-01,1,7.527345e-01,1,6,77,0
I,1,7.527345e-01,1,7.527345e-01,1,6,82,0
I,1,7.527345e-01,1,7.527345e-01,1,6,135,0
I,1,7.527345e-01,1,7.527345e-01,1,6,140,0
I,2,2.300369e-01,1,5.666092e-01,1,1,47,1
I,2,5.666092e-01,1,5.666092e-01,1,1,123,0
I,3,1.605737e-01,1,4.265063e-01,1,6,5,0
I,3,1.605737e-01,1,4.265063e-01,1,6,23,0
I,3,1.605737e-01,1,4.265063e-01,1,6,33,0
I,3,4.090590e-03,1,4.265063e-01,1,1,41,1
I,3,4.265063e-01,1,4.265063e-01,1,6,43,0
I,3,4.265063e-01,1,4.265063e-01,1,6,44,0
I,3,1.605737e-01,1,4.265063e-01,1,6,45,0
I,3,4.265063e-01,1,4.265063e-01,1,6,46,0
I,3,1.605737e-01,1,4.265063e-01,1,6,53,0
I,3,4.265063e-01,1,4.265063e-01,1,6,76,0
I,3,6.519109e-02,1,4.265063e-01,1,2,84,1
I,3,1.605737e-01,1,4.265063e-01,1,6,107,0
I,3,4.265063e-01,1,4.265063e-01,1,6,117,0
I,3,6.519109e-02,1,4.265063e-01,1,2,133,1
I,3,4.265063e-01,1,4.265063e-01,1,6,141,0
I,4,2.606820e-01,1,3.210460e-01,1,2,1,1
I,4,1.992250e-02,1,3.210460e-01,1,1,15,2
I,4,3.210460e-01,1,3.210460e-01,1,4,28,0
I,4,2.606820e-01,1,3.210460e-01,1,2,42,1
I,4,3.210460e-01,1,3.210460e-01,1,4,54,0
I,4,3.210460e-01,1,3.210460e-01,1,4,80,0
I,4,3.210460e-01,1,3.210460e-01,1,4,137,0
I,5,2.416624e-01,1,2.452804e-01,1,2,10,0
I,5,3.749088e-02,1,2.452804e-01,1,1,16,2
I,5,2.416624e-01,1,2.452804e-01,1,2,31,0
I,5,9.958105e-02,1,2.452804e-01,1,1,94,2
I,6,1.819076e-01,1,2.215573e-01,1,1,4,0
I,6,1.369714e-01,1,2.215573e-01,1,2,49,0
I,6,2.215573e-01,1,2.215573e-01,1,2,56,1
I,6,1.369714e-01,1,2.215573e-01,1,2,61,0
I,6,2.215573e-01,1,2.215573e-01,1,2,102,1
I,7,1.369282e-01,1,1.945694e-01,1,1,30,0
I,7,1.184894e-01,1,1.945694e-01,1,1,59,2
I,7,4.596437e-02,1,1.945694e-01,1,1,92,1
I,8,1.030705e-01,1,1.673819e-01,1,1,17,0
I,8,1.470395e-01,1,1.673819e-01,1,1,37,1
I,8,4.828075e-02,1,1.673819e-01,1,1,38,3
I,8,1.673819e-01,1,1.673819e-01,1,3,55,1
I,8,1.673819e-01,1,1.673819e-01,1,3,108,1
I,8,1.673819e-01,1,1.673819e-01,1,3,124,1
I,9,1.417434e-01,1,1.423051e-01,1,2,18,1
I,9,1.417434e-01,1,1.423051e-01,1,2,20,1
I,9,1.423051e-01,1,1.423051e-01,1,1,66,1
I,9,1.150924e-01,1,1.423051e-01,1,1,100,2
I,9,1.041549e-02,1,1.423051e-01,1,1,114,4
I,10,7.329021e-02,1,1.338974e-01,1,1,27,0
I,10,1.185501e-01,1,1.338974e-01,1,3,79,1
I,10,1.082925e-01,1,1.338974e-01,1,1,95,2
I,10,5.840073e-02,1,1.338974e-01,1,1,106,0
I,10,1.087217e-01,1,1.338974e-01,1,1,118,2
I,10,1.185501e-01,1,1.338974e-01,1,3,122,1
I,10,1.185501e-01,1,1.338974e-01,1,3,138,1
I,11,2.328096e-02,1,1.231868e-01,1,1,35,1
I,11,3.807836e-02,1,1.231868e-01,1,1,36,0
I,11,8.146741e-03,1,1.231868e-01,1,1,103,4
I,11,1.231868e-01,1,1.231868e-01,1,1,104,1
I,11,9.963005e-02,1,1.231868e-01,1,1,110,2
I,12,8.999397e-02,1,1.129383e-01,1,1,8,2
I,12,9.033292e-03,1,1.129383e-01,1,1,48,5
I,12,2.781264e-02,1,1.129383e-01,1,1,50,4
I,12,1.112724e-01,1,1.129383e-01,1,1,91,1
I,12,8.060592e-02,1,1.129383e-01,1,1,121,1
I,13,4.063636e-02,1,1.105163e-01,1,1,9,0
I,13,4.223078e-02,1,1.105163e-01,1,1,24,3
I,13,3.059805e-02,1,1.105163e-01,1,2,51,0
I,13,3.059805e-02,1,1.105163e-01,1,2,69,0
I,13,3.024022e-02,1,1.105163e-01,1,1,115,4
I,13,2.627178e-03,1,1.105163e-01,1,1,119,6
I,14,1.737229e-03,1,1.058775e-01,1,1,72,6
I,14,3.186800e-02,1,1.058775e-01,1,1,99,4
I,14,6.545569e-02,1,1.058775e-01,1,1,109,1
I,14,8.028698e-04,1,1.058775e-01,1,1,113,7
I,14,2.147984e-03,1,1.058775e-01,1,1,127,5
I,15,5.583281e-02,1,9.962201e-02,1,1,2,3
I,15,9.962201e-02,1,9.962201e-02,1,3,88,2
I,15,9.962201e-02,1,9.962201e-02,1,3,125,2
I,15,9.962201e-02,1,9.962201e-02,1,3,129,2
I,16,7.528611e-02,1,9.229407e-02,1,2,68,2
I,16,7.528611e-02,1,9.229407e-02,1,2,98,2
I,16,1.385444e-02,1,9.229407e-02,1,1,112,5
I,18,1.777670e-02,1,7.734164e-02,1,1,71,5
I,18,7.734164e-02,1,7.734164e-02,1,1,93,3
I,19,6.838372e-02,1,7.374244e-02,1,2,29,2
I,19,4.931265e-02,1,7.374244e-02,1,1,57,4
I,19,1.747560e-02,1,7.374244e-02,1,1,67,1
I,19,6.838372e-02,1,7.374244e-02,1,2,111,2
I,20,4.098653e-03,1,6.966058e-02,1,1,11,0
I,20,1.645958e-03,1,6.966058e-02,1,1,39,0
I,20,6.126435e-03,1,6.966058e-02,1,1,96,7
I,21,6.451810e-02,1,6.882214e-02,1,1,26,3
I,21,2.221596e-02,1,6.882214e-02,1,1,65,2
I,21,6.882214e-02,1,6.882214e-02,1,1,105,3
I,24,3.438198e-02,1,6.131128e-02,1,1,22,2
I,24,6.131128e-02,1,6.131128e-02,1,1,101,3
I,25,9.855139e-04,1,5.855258e-02,1,1,21,9
I,26,5.572659e-03,1,5.729691e-02,1,2,75,7
I,26,4.807990e-18,1,5.729691e-02,1,2,85,0
I,26,4.807990e-18,1,5.729691e-02,1,2,132,0
I,26,5.572659e-03,1,5.729691e-02,1,2,142,7
I,28,4.168280e-02,1,5.312448e-02,1,1,6,5
I,29,7.910966e-03,1,5.042044e-02,1,1,40,1
I,29,1.558855e-03,1,5.042044e-02,1,1,52,0
I,29,6.987295e-05,1,5.042044e-02,1,1,62,0
I,31,3.649384e-02,1,4.630933e-02,1,1,25,6
I,33,8.622371e-04,1,4.499765e-02,1,1,19,0
I,33,2.638406e-02,1,4.499765e-02,1,1,64,7
I,33,6.949647e-03,1,4.499765e-02,1,2,83,5
I,33,7.064307e-04,1,4.499765e-02,1,1,126,0
I,33,6.949647e-03,1,4.499765e-02,1,2,134,5
I,39,3.627138e-02,1,3.804156e-02,1,1,34,5
I,39,1.386283e-02,1,3.804156e-02,1,2,78,3
I,39,1.386283e-02,1,3.804156e-02,1,2,139,3
I,40,4.410439e-03,1,3.694864e-02,1,1,63,10
I,41,2.959521e-03,1,3.577601e-02,1,1,120,11
I,43,1.518657e-04,1,3.466804e-02,1,1,73,0
I,45,2.682941e-02,1,3.317302e-02,1,1,7,8
I,47,3.987453e-04,1,3.225179e-02,1,1,70,1
I,49,1.997315e-02,1,3.056958e-02,1,1,97,5
I,54,1.541193e-02,1,2.791610e-02,1,1,90,11
I,56,2.320990e-04,1,2.697562e-02,1,1,60,13
I,58,9.171728e-03,1,2.590279e-02,1,1,116,12
I,59,2.556394e-02,1,2.556394e-02,1,1,3,9
I,59,7.478233e-03,1,2.556394e-02,1,2,87,9
I,59,7.478233e-03,1,2.556394e-02,1,2,130,9
I,60,8.087318e-03,1,2.509938e-02,1,1,74,5
I,64,4.123247e-04,1,2.324951e-02,1,1,13,18
I,66,8.526877e-03,1,2.294396e-02,1,2,86,12
I,66,8.526877e-03,1,2.294396e-02,1,2,131,12
I,77,1.280752e-02,1,1.951832e-02,1,2,81,9
I,77,1.280752e-02,1,1.951832e-02,1,2,136,9
I,82,1.219952e-02,1,1.827474e-02,1,2,89,15
I,82,1.219952e-02,1,1.827474e-02,1,2,128,15
I,145,4.598149e-03,1,1.046135e-02,1,1,14,20
I,160,1.686032e-03,1,9.501463e-03,1,1,12,33
P,1,3.076923e-01,1,5.665064e-01,1,5,15,0
P,1,3.076923e-01,1,5.665064e-01,1,5,33,0
P,1,5.665064e-01,1,5.665064e-01,1,4,41,0
P,1,3.076923e-01,1,5.665064e-01,1,5,45,0
P,1,7.371795e-02,1,5.665064e-01,1,1,46,1
P,1,5.665064e-01,1,5.665064e-01,1,4,53,0
P,1,3.076923e-01,1,5.665064e-01,1,5,76,0
P,1,5.208333e-02,1,5.665064e-01,1,2,77,0
P,1,5.665064e-01,1,5.665064e-01,1,4,80,0
P,1,5.665064e-01,1,5.665064e-01,1,4,137,0
P,1,5.208333e-02,1,5.665064e-01,1,2,140,0
P,1,3.076923e-01,1,5.665064e-01,1,5,141,0
P,2,3.486193e-01,1,3.486193e-01,1,4,1,0
P,2,4.536489e-02,1,3.486193e-01,1,1,23,1
P,2,3.209295e-01,1,3.486193e-01,1,2,32,0
P,2,5.901108e-02,1,3.486193e-01,1,1,38,0
P,2,3.486193e-01,1,3.486193e-01,1,4,42,0
P,2,9.467456e-02,1,3.486193e-01,1,1,54,0
P,2,3.209295e-01,1,3.486193e-01,1,2,56,0
P,2,3.205128e-02,1,3.486193e-01,1,1,91,0
P,2,8.352338e-02,1,3.486193e-01,1,1,95,1
P,2,3.486193e-01,1,3.486193e-01,1,4,107,0
P,2,3.486193e-01,1,3.486193e-01,1,4,117,0
P,3,1.479290e-02,1,2.962426e-01,1,1,4,0
P,3,7.097480e-02,1,2.962426e-01,1,1,10,1
P,3,2.962426e-01,1,2.962426e-01,1,3,17,0
P,3,5.447177e-02,1,2.962426e-01,1,2,20,0
P,3,1.609012e-01,1,2.962426e-01,1,6,24,0
P,3,5.014524e-02,1,2.962426e-01,1,1,31,0
P,3,2.962426e-01,1,2.962426e-01,1,3,43,0
P,3,7.709851e-02,1,2.962426e-01,1,1,48,1
P,3,2.962426e-01,1,2.962426e-01,1,3,50,0
P,3,1.818086e-01,1,2.962426e-01,1,3,55,0
P,3,2.913063e-02,1,2.962426e-01,1,2,58,0
P,3,1.609012e-01,1,2.962426e-01,1,6,66,0
P,3,1.818086e-01,1,2.962426e-01,1,3,71,0
P,3,1.609012e-01,1,2.962426e-01,1,6,79,0
P,3,2.913063e-02,1,2.962426e-01,1,2,102,0
P,3,1.818086e-01,1,2.962426e-01,1,3,110,0
P,3,1.609012e-01,1,2.962426e-01,1,6,112,0
P,3,5.447177e-02,1,2.962426e-01,1,2,114,0
P,3,1.609012e-01,1,2.962426e-01,1,6,118,0
P,3,1.609012e-01,1,2.962426e-01,1,6,138,0
P,4,2.237645e-01,1,2.237645e-01,1,3,16,0
P,4,3.787680e-02,1,2.237645e-01,1,1,44,0
P,4,8.589802e-03,1,2.237645e-01,1,1,67,1
P,4,1.478642e-02,1,2.237645e-01,1,1,72,1
P,4,2.237645e-01,1,2.237645e-01,1,3,84,0
P,4,5.674143e-03,1,2.237645e-01,1,2,88,0
P,4,1.823032e-01,1,2.237645e-01,1,1,100,0
P,4,6.601076e-02,1,2.237645e-01,1,2,105,0
P,4,8.735360e-02,1,2.237645e-01,1,2,108,1
P,4,8.735360e-02,1,2.237645e-01,1,2,115,1
P,4,6.601076e-02,1,2.237645e-01,1,2,122,0
P,4,5.361024e-02,1,2.237645e-01,1,1,127,1
P,4,5.674143e-03,1,2.237645e-01,1,2,129,0
P,4,2.237645e-01,1,2.237645e-01,1,3,133,0
P,5,1.584550e-01,1,1.721265e-01,1,2,18,0
P,5,3.796318e-02,1,1.721265e-01,1,2,30,1
P,5,2.538875e-02,1,1.721265e-01,1,1,69,0
P,5,8.743913e-03,1,1.721265e-01,1,1,94,2
P,5,1.584550e-01,1,1.721265e-01,1,2,99,0
P,5,3.796318e-02,1,1.721265e-01,1,2,103,1
P,5,5.834775e-02,1,1.721265e-01,1,1,119,0
P,5,2.433089e-02,1,1.721265e-01,1,1,125,1
P,6,7.613288e-02,1,1.462662e-01,1,3,83,1
P,6,2.580766e-02,1,1.462662e-01,1,1,104,1
P,6,7.613288e-02,1,1.462662e-01,1,3,106,1
P,6,7.008587e-02,1,1.462662e-01,1,1,123,1
P,6,7.613288e-02,1,1.462662e-01,1,3,134,1
P,7,2.555214e-02,1,1.160050e-01,1,2,78,1
P,7,5.558573e-02,1,1.160050e-01,1,2,93,1
P,7,5.558573e-02,1,1.160050e-01,1,2,109,1
P,7,2.775678e-02,1,1.160050e-01,1,1,111,1
P,7,2.555214e-02,1,1.160050e-01,1,2,139,1
P,8,3.554788e-03,1,9.518359e-02,1,1,27,3
P,8,8.184691e-03,1,9.518359e-02,1,1,29,2
P,8,1.611755e-02,1,9.518359e-02,1,1,37,2
P,8,9.518359e-02,1,9.518359e-02,1,1,51,0
P,8,6.192992e-02,1,9.518359e-02,1,1,61,1
P,8,2.097333e-03,1,9.518359e-02,1,1,113,3
P,8,1.253690e-03,1,9.518359e-02,1,1,124,0
P,9,3.579094e-02,1,8.088317e-02,1,1,2,0
P,9,3.029181e-02,1,8.088317e-02,1,1,9,0
P,9,6.009571e-03,1,8.088317e-02,1,1,11,0
P,9,4.287456e-02,1,8.088317e-02,1,1,64,1
P,10,5.811615e-03,1,6.545834e-02,1,1,26,2
P,10,6.545834e-02,1,6.545834e-02,1,1,36,0
P,10,5.626658e-03,1,6.545834e-02,1,2,86,0
P,10,1.849099e-02,1,6.545834e-02,1,1,121,0
P,10,5.626658e-03,1,6.545834e-02,1,2,131,0
P,11,3.750217e-02,1,5.538782e-02,1,2,8,0
P,11,1.240688e-02,1,5.538782e-02,1,1,21,1
P,11,2.410080e-03,1,5.538782e-02,1,1,57,0
P,11,1.023397e-03,1,5.538782e-02,1,1,60,4
P,11,3.750217e-02,1,5.538782e-02,1,2,120,0
P,12,2.591796e-02,1,4.899692e-02,1,1,34,0
P,12,1.206607e-02,1,4.899692e-02,1,1,63,0
P,12,1.506300e-03,1,4.899692e-02,1,1,98,0
P,13,1.171943e-02,1,4.510524e-02,1,1,7,0
P,13,1.481026e-02,1,4.510524e-02,1,1,25,0
P,13,2.836379e-02,1,4.510524e-02,1,1,65,0
P,13,1.589635e-02,1,4.510524e-02,1,1,90,2
P,14,3.318110e-02,1,3.974819e-02,1,1,39,0
P,15,1.618453e-02,1,3.669063e-02,1,1,6,2
P,15,1.855505e-02,1,3.669063e-02,1,1,96,1
P,16,2.313514e-02,1,3.325677e-02,1,2,85,0
P,16,3.010514e-02,1,3.325677e-02,1,2,87,1
P,16,1.991942e-02,1,3.325677e-02,1,1,101,2
P,16,3.010514e-02,1,3.325677e-02,1,2,130,1
P,16,2.313514e-02,1,3.325677e-02,1,2,132,0
P,17,8.940224e-03,1,2.944610e-02,1,1,22,0
P,17,1.886396e-02,1,2.944610e-02,1,1,35,2
P,17,2.911663e-02,1,2.944610e-02,1,1,62,1
P,17,1.353604e-02,1,2.944610e-02,1,1,116,1
P,18,2.094061e-02,1,2.729684e-02,1,1,70,1
P,18,1.003404e-02,1,2.729684e-02,1,1,97,2
P,19,6.810068e-05,1,2.659692e-02,1,1,126,2
P,23,8.310418e-03,1,2.068291e-02,1,2,81,3
P,23,8.310418e-03,1,2.068291e-02,1,2,136,3
P,25,1.698320e-03,1,1.802615e-02,1,1,19,0
P,25,7.720857e-03,1,1.802615e-02,1,1,40,1
P,26,1.123979e-02,1,1.727507e-02,1,2,75,3
P,26,1.123979e-02,1,1.727507e-02,1,2,142,3
P,27,4.105450e-04,1,1.651461e-02,1,1,3,2
P,28,7.218390e-03,1,1.580886e-02,1,1,52,2
P,28,4.632635e-04,1,1.580886e-02,1,1,74,1
P,32,4.742664e-04,1,1.312766e-02,1,1,13,2
P,33,1.445839e-03,1,1.227090e-02,1,1,73,1
P,35,2.847123e-03,1,1.101876e-02,1,2,89,2
P,35,2.847123e-03,1,1.101876e-02,1,2,128,2
P,40,3.989593e-03,1,9.054416e-03,1,1,12,2
P,55,4.589872e-03,1,5.694126e-03,1,1,14,3
T,1,3.602642e-01,1,5.198171e-01,1,3,45,0
T,1,3.602642e-01,1,5.198171e-01,1,3,76,0
T,1,3.602642e-01,1,5.198171e-01,1,3,141,0
T,2,3.745430e-01,1,3.745430e-01,1,7,5,0
T,2,3.745430e-01,1,3.745430e-01,1,7,32,0
T,2,3.745430e-01,1,3.745430e-01,1,7,33,0
T,2,3.745430e-01,1,3.745430e-01,1,7,41,0
T,2,4.648771e-02,1,3.745430e-01,1,1,48,0
T,2,1.297903e-01,1,3.745430e-01,1,1,50,0
T,2,3.745430e-01,1,3.745430e-01,1,7,58,0
T,2,3.745430e-01,1,3.745430e-01,1,7,66,0
T,2,2.702098e-01,1,3.745430e-01,1,1,95,0
T,2,3.745430e-01,1,3.745430e-01,1,7,104,0
T,3,2.920408e-01,1,2.920408e-01,1,8,4,0
T,3,2.920408e-01,1,2.920408e-01,1,8,17,0
T,3,2.920408e-01,1,2.920408e-01,1,8,18,0
T,3,2.920408e-01,1,2.920408e-01,1,8,23,0
T,3,4.675881e-02,1,2.920408e-01,1,1,31,0
T,3,8.450055e-02,1,2.920408e-01,1,1,38,1
T,3,2.920408e-01,1,2.920408e-01,1,8,46,0
T,3,2.024017e-01,1,2.920408e-01,1,1,47,0
T,3,2.920408e-01,1,2.920408e-01,1,8,49,0
T,3,3.624765e-02,1,2.920408e-01,1,1,53,0
T,3,2.920408e-01,1,2.920408e-01,1,8,77,0
T,3,6.112454e-03,1,2.920408e-01,1,2,80,2
T,3,6.112454e-03,1,2.920408e-01,1,2,137,2
T,3,2.920408e-01,1,2.920408e-01,1,8,140,0
T,4,8.784966e-02,1,2.104237e-01,1,3,1,1
T,4,2.024104e-01,1,2.104237e-01,1,1,24,0
T,4,9.722411e-02,1,2.104237e-01,1,1,54,0
T,4,2.104237e-01,1,2.104237e-01,1,4,55,0
T,4,2.104237e-01,1,2.104237e-01,1,4,59,0
T,4,7.301333e-02,1,2.104237e-01,1,2,71,0
T,4,2.104237e-01,1,2.104237e-01,1,4,82,0
T,4,8.784966e-02,1,2.104237e-01,1,3,108,1
T,4,5.223493e-02,1,2.104237e-01,1,1,110,0
T,4,7.301333e-02,1,2.104237e-01,1,2,121,0
T,4,8.784966e-02,1,2.104237e-01,1,3,127,1
T,4,2.104237e-01,1,2.104237e-01,1,4,135,0
T,5,7.912273e-02,1,1.823030e-01,1,1,16,1
T,5,1.823030e-01,1,1.823030e-01,1,3,56,0
T,5,1.823030e-01,1,1.823030e-01,1,3,79,0
T,5,3.144761e-03,1,1.823030e-01,1,1,107,1
T,5,1.823030e-01,1,1.823030e-01,1,3,138,0
T,6,1.421463e-01,1,1.421463e-01,1,1,15,0
T,6,2.122805e-02,1,1.421463e-01,1,1,29,1
T,6,4.891057e-02,1,1.421463e-01,1,1,35,0
T,6,1.313545e-01,1,1.421463e-01,1,1,42,0
T,6,2.484182e-03,1,1.421463e-01,1,1,92,3
T,6,5.934460e-02,1,1.421463e-01,1,2,100,1
T,6,5.701018e-02,1,1.421463e-01,1,1,103,1
T,6,5.934460e-02,1,1.421463e-01,1,2,114,1
T,7,4.975336e-02,1,1.194906e-01,1,2,61,0
T,7,2.137138e-02,1,1.194906e-01,1,2,88,0
T,7,4.449296e-02,1,1.194906e-01,1,1,94,0
T,7,4.975336e-02,1,1.194906e-01,1,2,102,0
T,7,4.318767e-02,1,1.194906e-01,1,1,109,1
T,7,4.111503e-02,1,1.194906e-01,1,1,122,0
T,7,6.175311e-03,1,1.194906e-01,1,1,123,0
T,7,2.137138e-02,1,1.194906e-01,1,2,129,0
T,8,9.938118e-02,1,9.938118e-02,1,1,10,0
T,8,8.609635e-02,1,9.938118e-02,1,3,30,0
T,8,2.962455e-02,1,9.938118e-02,1,1,64,0
T,8,8.609635e-02,1,9.938118e-02,1,3,84,0
T,8,7.353909e-03,1,9.938118e-02,1,1,112,0
T,8,2.473587e-02,1,9.938118e-02,1,1,115,1
T,8,8.609635e-02,1,9.938118e-02,1,3,133,0
T,9,7.662166e-03,1,8.055784e-02,1,1,67,0
T,9,3.464853e-02,1,8.055784e-02,1,1,91,0
T,9,8.055784e-02,1,8.055784e-02,1,1,118,0
T,9,4.852691e-02,1,8.055784e-02,1,1,124,1
T,9,5.827253e-02,1,8.055784e-02,1,1,125,1
T,10,2.496525e-02,1,6.979223e-02,1,1,27,0
T,10,5.804422e-02,1,6.979223e-02,1,1,57,0
T,11,3.833730e-02,1,5.773463e-02,1,1,37,0
T,11,5.773463e-02,1,5.773463e-02,1,1,68,1
T,11,5.336549e-03,1,5.773463e-02,1,1,98,1
T,11,5.701016e-02,1,5.773463e-02,1,1,105,0
T,12,1.251312e-02,1,5.144820e-02,1,1,2,2
T,12,2.166587e-02,1,5.144820e-02,1,1,8,2
T,12,2.147908e-02,1,5.144820e-02,1,1,11,2
T,12,2.554269e-02,1,5.144820e-02,1,1,111,1
T,12,2.206940e-02,1,5.144820e-02,1,1,113,0
T,13,3.337686e-02,1,4.819086e-02,1,1,20,0
T,13,1.206345e-02,1,4.819086e-02,1,1,106,1
T,14,4.383825e-02,1,4.383825e-02,1,2,21,1
T,14,1.073319e-03,1,4.383825e-02,1,1,22,4
T,14,4.383825e-02,1,4.383825e-02,1,2,36,1
T,14,1.274444e-02,1,4.383825e-02,1,1,51,0
T,14,9.361096e-03,1,4.383825e-02,1,1,65,1
T,14,2.520423e-07,1,4.383825e-02,1,1,72,8
T,14,1.574366e-02,1,4.383825e-02,1,2,96,2
T,14,1.574366e-02,1,4.383825e-02,1,2,99,2
T,14,1.744643e-02,1,4.383825e-02,1,1,119,1
T,14,2.408704e-02,1,4.383825e-02,1,1,120,0
T,15,1.009480e-02,1,3.948338e-02,1,2,85,0
T,15,1.009480e-02,1,3.948338e-02,1,2,132,0
T,16,7.347972e-04,1,3.648736e-02,1,1,9,3
T,16,8.398136e-03,1,3.648736e-02,1,1,69,0
T,16,8.184176e-03,1,3.648736e-02,1,1,93,2
T,16,1.395345e-03,1,3.648736e-02,1,1,101,1
T,17,8.245934e-03,1,3.224348e-02,1,1,26,0
T,17,1.032777e-02,1,3.224348e-02,1,2,83,1
T,17,1.032777e-02,1,3.224348e-02,1,2,134,1
T,18,9.036220e-04,1,2.987015e-02,1,1,25,0
T,19,1.544833e-02,1,2.681939e-02,1,1,6,0
T,19,7.967316e-03,1,2.681939e-02,1,2,75,3
T,19,7.967316e-03,1,2.681939e-02,1,2,142,3
T,20,1.073379e-02,1,2.415517e-02,1,1,39,0
T,20,9.203438e-03,1,2.415517e-02,1,2,78,3
T,20,9.203438e-03,1,2.415517e-02,1,2,139,3
T,22,3.501756e-03,1,2.161618e-02,1,1,7,3
T,22,2.886074e-03,1,2.161618e-02,1,1,40,2
T,27,4.365600e-03,1,1.685898e-02,1,1,34,0
T,27,4.916416e-03,1,1.685898e-02,1,1,52,0
T,27,1.187327e-02,1,1.685898e-02,1,1,60,1
T,27,2.446425e-03,1,1.685898e-02,1,2,86,0
T,27,2.446425e-03,1,1.685898e-02,1,2,131,0
T,29,5.774260e-03,1,1.553728e-02,1,2,87,2
T,29,1.553728e-02,1,1.553728e-02,1,1,116,2
T,29,5.774260e-03,1,1.553728e-02,1,2,130,2
T,31,3.685604e-03,1,1.435457e-02,1,1,63,3
T,32,6.221703e-03,1,1.379050e-02,1,1,13,3
T,32,2.246095e-03,1,1.379050e-02,1,1,62,0
T,33,9.166761e-03,1,1.314232e-02,1,1,70,3
T,35,4.716752e-03,1,1.185751e-02,1,1,3,1
T,36,7.592821e-03,1,1.109473e-02,1,1,19,1
T,36,3.100166e-03,1,1.109473e-02,1,1,126,1
T,37,1.804460e-03,1,1.056359e-02,1,1,90,4
T,39,1.738693e-03,1,9.714184e-03,1,1,74,4
T,47,4.566267e-03,1,7.589620e-03,1,1,73,2
T,52,1.200188e-03,1,6.500663e-03,1,2,89,6
T,52,1.200188e-03,1,6.500663e-03,1,2,128,6
T,53,1.593710e-03,1,6.396259e-03,1,1,97,3
T,55,4.640089e-04,1,6.133751e-03,1,2,81,5
T,55,4.640089e-04,1,6.133751e-03,1,2,136,5
T,73,3.087282e-04,1,3.991445e-03,1,1,14,8
T,91,1.208834e-03,1,2.814573e-03,1,1,12,10
A,1,4.447566e-01,1,4.447566e-01,1,3,48,0
A,1,4.447566e-01,1,4.447566e-01,1,3,56,0
A,1,4.447566e-01,1,4.447566e-01,1,3,92,0
A,1,4.161985e-01,1,4.447566e-01,1,2,110,0
A,1,4.161985e-01,1,4.447566e-01,1,2,123,0
A,2,3.702140e-01,1,3.702140e-01,1,4,1,0
A,2,1.978084e-01,1,3.702140e-01,1,4,4,0
A,2,3.702140e-01,1,3.702140e-01,1,4,16,0
A,2,1.978084e-01,1,3.702140e-01,1,4,28,0
A,2,6.621376e-02,1,3.702140e-01,1,1,30,1
A,2,9.618419e-03,1,3.702140e-01,1,1,32,1
A,2,5.377846e-02,1,3.702140e-01,1,1,41,0
A,2,3.702140e-01,1,3.702140e-01,1,4,47,0
A,2,1.732212e-01,1,3.702140e-01,1,2,53,0
A,2,1.978084e-01,1,3.702140e-01,1,4,79,0
A,2,3.702140e-01,1,3.702140e-01,1,4,94,0
A,2,1.732212e-01,1,3.702140e-01,1,2,108,0
A,2,1.978084e-01,1,3.702140e-01,1,4,138,0
A,3,2.311238e-01,1,2.469827e-01,1,1,24,0
A,3,2.469827e-01,1,2.469827e-01,1,2,33,0
A,3,7.209440e-02,1,2.469827e-01,1,1,38,0
A,3,2.469827e-01,1,2.469827e-01,1,2,45,0
A,3,4.417350e-02,1,2.469827e-01,1,1,127,1
A,4,2.055876e-01,1,2.055876e-01,1,8,31,0
A,4,2.055876e-01,1,2.055876e-01,1,8,54,0
A,4,2.055876e-01,1,2.055876e-01,1,8,55,0
A,4,2.055876e-01,1,2.055876e-01,1,8,71,0
A,4,5.972862e-02,1,2.055876e-01,1,2,82,0
A,4,2.055876e-01,1,2.055876e-01,1,8,88,0
A,4,2.055876e-01,1,2.055876e-01,1,8,102,0
A,4,2.055876e-01,1,2.055876e-01,1,8,107,0
A,4,6.382698e-02,1,2.055876e-01,1,1,121,0
A,4,2.055876e-01,1,2.055876e-01,1,8,129,0
A,4,5.972862e-02,1,2.055876e-01,1,2,135,0
A,5,1.523941e-01,1,1.523941e-01,1,1,5,0
A,5,8.142541e-02,1,1.523941e-01,1,3,43,0
A,5,8.142541e-02,1,1.523941e-01,1,3,44,0
A,5,5.451217e-02,1,1.523941e-01,1,2,84,1
A,5,4.731245e-02,1,1.523941e-01,1,2,98,0
A,5,6.641174e-02,1,1.523941e-01,1,1,103,0
A,5,4.731245e-02,1,1.523941e-01,1,2,118,0
A,5,8.142541e-02,1,1.523941e-01,1,3,124,0
A,5,5.451217e-02,1,1.523941e-01,1,2,133,1
A,6,3.636697e-02,1,1.268524e-01,1,1,17,1
A,6,4.345738e-02,1,1.268524e-01,1,1,46,0
A,6,5.919290e-04,1,1.268524e-01,1,1,58,3
A,6,6.806365e-02,1,1.268524e-01,1,2,76,1
A,6,1.268524e-01,1,1.268524e-01,1,2,80,0
A,6,1.268524e-01,1,1.268524e-01,1,2,137,0
A,6,6.806365e-02,1,1.268524e-01,1,2,141,1
A,7,6.609864e-02,1,9.873224e-02,1,1,29,1
A,7,5.297557e-02,1,9.873224e-02,1,1,49,1
A,7,1.965348e-02,1,9.873224e-02,1,1,50,0
A,7,4.597880e-02,1,9.873224e-02,1,2,77,0
A,7,2.264423e-02,1,9.873224e-02,1,1,93,1
A,7,9.239260e-02,1,9.873224e-02,1,2,95,0
A,7,9.239260e-02,1,9.873224e-02,1,2,100,0
A,7,4.597880e-02,1,9.873224e-02,1,2,140,0
A,8,5.103015e-02,1,8.218442e-02,1,1,57,0
A,8,7.696902e-03,1,8.218442e-02,1,1,64,0
A,8,7.444012e-03,1,8.218442e-02,1,1,91,1
A,8,2.878762e-02,1,8.218442e-02,1,1,109,0
A,8,3.769797e-02,1,8.218442e-02,1,1,112,1
A,8,6.152586e-02,1,8.218442e-02,1,1,113,0
A,8,3.089246e-02,1,8.218442e-02,1,1,114,1
A,9,3.418733e-02,1,6.579371e-02,1,2,15,1
A,9,3.841045e-02,1,6.579371e-02,1,1,42,0
A,9,1.505672e-03,1,6.579371e-02,1,1,99,3
A,9,3.418733e-02,1,6.579371e-02,1,2,111,1
A,10,2.330365e-04,1,5.476649e-02,1,1,59,1
A,10,4.270825e-02,1,5.476649e-02,1,1,69,0
A,10,1.624836e-02,1,5.476649e-02,1,1,104,1
A,10,2.834012e-03,1,5.476649e-02,1,1,122,0
A,11,4.465588e-02,1,4.484391e-02,1,1,21,0
A,11,2.031963e-02,1,4.484391e-02,1,1,37,1
A,11,4.694672e-03,1,4.484391e-02,1,1,61,2
A,11,1.821228e-02,1,4.484391e-02,1,1,67,0
A,11,3.656849e-03,1,4.484391e-02,1,2,75,0
A,11,3.257084e-02,1,4.484391e-02,1,2,86,1
A,11,3.257084e-02,1,4.484391e-02,1,2,131,1
A,11,3.656849e-03,1,4.484391e-02,1,2,142,0
A,12,1.107461e-02,1,3.988924e-02,1,1,72,2
A,13,3.135127e-02,1,3.597066e-02,1,1,27,1
A,13,1.682177e-02,1,3.597066e-02,1,1,51,2
A,13,1.909885e-02,1,3.597066e-02,1,1,119,0
A,14,2.598728e-02,1,3.253526e-02,1,1,20,0
A,14,2.994187e-02,1,3.253526e-02,1,1,68,1
A,14,1.156503e-02,1,3.253526e-02,1,1,101,1
A,14,1.823897e-02,1,3.253526e-02,1,1,105,0
A,14,8.637403e-03,1,3.253526e-02,1,1,106,0
A,14,2.980090e-02,1,3.253526e-02,1,1,125,1
A,15,7.395762e-03,1,3.100772e-02,1,1,25,1
A,15,1.900881e-02,1,3.100772e-02,1,1,35,1
A,15,3.100772e-02,1,3.100772e-02,1,1,36,1
A,15,6.802031e-04,1,3.100772e-02,1,1,115,4
A,16,5.791106e-05,1,2.949798e-02,1,1,9,6
A,16,4.128988e-03,1,2.949798e-02,1,1,66,1
A,17,7.216444e-03,1,2.787877e-02,1,1,120,1
A,18,6.712541e-03,1,2.610698e-02,1,1,2,3
A,18,1.085244e-02,1,2.610698e-02,1,1,8,2
A,18,7.260979e-03,1,2.610698e-02,1,1,11,1
A,18,3.678407e-03,1,2.610698e-02,1,1,60,2
A,18,9.953194e-03,1,2.610698e-02,1,2,83,2
A,18,9.953194e-03,1,2.610698e-02,1,2,134,2
A,19,1.051736e-03,1,2.451264e-02,1,1,7,4
A,20,1.780858e-03,1,2.267139e-02,1,1,6,1
A,20,1.824677e-02,1,2.267139e-02,1,2,78,2
A,20,1.824677e-02,1,2.267139e-02,1,2,139,2
A,21,1.324484e-02,1,2.117482e-02,1,1,10,2
A,21,1.981517e-02,1,2.117482e-02,1,1,116,1
A,23,4.119385e-03,1,1.803020e-02,1,1,26,3
A,23,9.720008e-03,1,1.803020e-02,1,1,34,2
A,23,1.205486e-02,1,1.803020e-02,1,1,65,2
A,24,7.445373e-03,1,1.637267e-02,1,1,18,1
A,24,1.242710e-03,1,1.637267e-02,1,1,63,1
A,24,7.105121e-03,1,1.637267e-02,1,2,87,0
A,24,7.105121e-03,1,1.637267e-02,1,2,130,0
A,25,6.730100e-03,1,1.523440e-02,1,1,96,2
A,27,5.447141e-03,1,1.374747e-02,1,1,22,2
A,31,6.318428e-03,1,1.166918e-02,1,1,13,1
A,33,9.089735e-03,1,1.086195e-02,1,1,126,3
A,36,2.348982e-04,1,9.389495e-03,1,2,85,1
A,36,2.348982e-04,1,9.389495e-03,1,2,132,1
A,37,2.112954e-03,1,9.037004e-03,1,1,19,4
A,37,4.347398e-03,1,9.037004e-03,1,1,40,1
A,38,6.457827e-03,1,8.520845e-03,1,1,39,3
A,43,2.547853e-03,1,7.166374e-03,1,1,52,1
A,43,8.682938e-04,1,7.166374e-03,1,2,81,6
A,43,8.682938e-04,1,7.166374e-03,1,2,136,6
A,44,5.441019e-03,1,6.907153e-03,1,1,97,2
A,47,2.496649e-03,1,6.378189e-03,1,1,70,2
A,48,2.697905e-03,1,6.189254e-03,1,1,14,4
A,50,4.235280e-03,1,5.811392e-03,1,1,12,4
A,50,2.281564e-04,1,5.811392e-03,1,1,62,2
A,53,2.015678e-04,1,5.329106e-03,1,1,3,9
A,53,4.163972e-04,1,5.329106e-03,1,1,90,5
A,61,3.548894e-03,1,4.284422e-03,1,2,89,3
A,61,3.548894e-03,1,4.284422e-03,1,2,128,3
A,70,1.394899e-03,1,3.564700e-03,1,1,74,5
A,79,2.201228e-03,1,2.921255e-03,1,1,73,4
V,1,5.604778e-01,1,5.604778e-01,1,3,1,0
V,1,5.604778e-01,1,5.604778e-01,1,3,16,0
V,1,5.604778e-01,1,5.604778e-01,1,3,28,0
V,1,3.514186e-01,1,5.604778e-01,1,1,107,0
V,2,3.939247e-01,1,3.939247e-01,1,2,43,0
V,2,3.939247e-01,1,3.939247e-01,1,2,49,0
V,3,3.311791e-01,1,3.311791e-01,1,5,4,0
V,3,3.311791e-01,1,3.311791e-01,1,5,5,0
V,3,1.760659e-01,1,3.311791e-01,1,1,23,0
V,3,1.630198e-03,1,3.311791e-01,1,1,27,2
V,3,4.647096e-02,1,3.311791e-01,1,1,31,1
V,3,2.076487e-01,1,3.311791e-01,1,10,32,0
V,3,4.339846e-02,1,3.311791e-01,1,2,33,0
V,3,3.311791e-01,1,3.311791e-01,1,5,38,0
V,3,2.076487e-01,1,3.311791e-01,1,10,47,0
V,3,3.311791e-01,1,3.311791e-01,1,5,48,0
V,3,2.076487e-01,1,3.311791e-01,1,10,53,0
V,3,4.339846e-02,1,3.311791e-01,1,2,54,0
V,3,3.311791e-01,1,3.311791e-01,1,5,58,0
V,3,2.076487e-01,1,3.311791e-01,1,10,76,0
V,3,2.076487e-01,1,3.311791e-01,1,10,77,0
V,3,2.076487e-01,1,3.311791e-01,1,10,82,0
V,3,1.807245e-02,1,3.311791e-01,1,1,91,0
V,3,2.076487e-01,1,3.311791e-01,1,10,95,0
V,3,2.076487e-01,1,3.311791e-01,1,10,135,0
V,3,2.076487e-01,1,3.311791e-01,1,10,140,0
V,3,2.076487e-01,1,3.311791e-01,1,10,141,0
V,4,2.474914e-01,1,2.474914e-01,1,3,15,0
V,4,2.327650e-01,1,2.474914e-01,1,3,17,0
V,4,3.266152e-02,1,2.474914e-01,1,2,45,1
V,4,4.051682e-02,1,2.474914e-01,1,2,46,0
V,4,3.266152e-02,1,2.474914e-01,1,2,66,1
V,4,2.474914e-01,1,2.474914e-01,1,3,88,0
V,4,2.327650e-01,1,2.474914e-01,1,3,92,0
V,4,2.327650e-01,1,2.474914e-01,1,3,117,0
V,4,4.051682e-02,1,2.474914e-01,1,2,123,0
V,4,2.474914e-01,1,2.474914e-01,1,3,129,0
V,5,4.273931e-02,1,2.174327e-01,1,1,18,0
V,5,5.359494e-03,1,2.174327e-01,1,1,30,0
V,5,2.174327e-01,1,2.174327e-01,1,2,41,0
V,5,6.036376e-02,1,2.174327e-01,1,1,67,0
V,5,5.530855e-02,1,2.174327e-01,1,1,94,0
V,5,4.866058e-02,1,2.174327e-01,1,2,103,1
V,5,2.174327e-01,1,2.174327e-01,1,2,110,0
V,5,4.866058e-02,1,2.174327e-01,1,2,114,1
V,6,3.216545e-02,1,1.827993e-01,1,1,37,1
V,6,1.528198e-01,1,1.827993e-01,1,1,55,0
V,7,3.210062e-02,1,1.498912e-01,1,1,24,1
V,7,1.498912e-01,1,1.498912e-01,1,3,44,0
V,7,3.982103e-02,1,1.498912e-01,1,2,56,0
V,7,5.031759e-02,1,1.498912e-01,1,2,61,1
V,7,5.031759e-02,1,1.498912e-01,1,2,71,1
V,7,9.398152e-02,1,1.498912e-01,1,3,80,0
V,7,9.398152e-02,1,1.498912e-01,1,3,100,0
V,7,1.498912e-01,1,1.498912e-01,1,3,106,0
V,7,1.978119e-02,1,1.498912e-01,1,1,118,1
V,7,1.498912e-01,1,1.498912e-01,1,3,119,0
V,7,3.982103e-02,1,1.498912e-01,1,2,122,0
V,7,9.398152e-02,1,1.498912e-01,1,3,137,0
V,8,1.344171e-01,1,1.344171e-01,1,1,64,0
V,8,1.053491e-01,1,1.344171e-01,1,3,84,0
V,8,5.597540e-02,1,1.344171e-01,1,1,102,0
V,8,1.053491e-01,1,1.344171e-01,1,3,127,0
V,8,1.053491e-01,1,1.344171e-01,1,3,133,0
V,9,1.130067e-01,1,1.130067e-01,1,1,29,0
V,9,3.793569e-02,1,1.130067e-01,1,2,42,1
V,9,3.793569e-02,1,1.130067e-01,1,2,51,1
V,9,1.062825e-01,1,1.130067e-01,1,1,59,0
V,9,4.705946e-02,1,1.130067e-01,1,2,79,0
V,9,1.297981e-02,1,1.130067e-01,1,1,93,1
V,9,1.490038e-03,1,1.130067e-01,1,1,111,0
V,9,4.705946e-02,1,1.130067e-01,1,2,138,0
V,10,5.049148e-03,1,9.928167e-02,1,1,2,1
V,10,9.928167e-02,1,9.928167e-02,1,1,35,0
V,10,7.469932e-02,1,9.928167e-02,1,1,50,0
V,10,7.330570e-03,1,9.928167e-02,1,1,108,2
V,10,2.070697e-03,1,9.928167e-02,1,1,112,2
V,10,1.398395e-02,1,9.928167e-02,1,1,125,0
V,11,1.021540e-04,1,8.744242e-02,1,1,72,3
V,11,2.242580e-02,1,8.744242e-02,1,1,104,1
V,12,4.493077e-02,1,7.374935e-02,1,2,8,0
V,12,3.983272e-03,1,7.374935e-02,1,1,57,2
V,12,6.978911e-03,1,7.374935e-02,1,1,68,1
V,12,2.513832e-02,1,7.374935e-02,1,2,78,1
V,12,5.118581e-02,1,7.374935e-02,1,1,99,0
V,12,4.493077e-02,1,7.374935e-02,1,2,101,0
V,12,6.129682e-03,1,7.374935e-02,1,1,121,0
V,12,2.513832e-02,1,7.374935e-02,1,2,139,1
V,13,1.294234e-02,1,6.716917e-02,1,1,96,0
V,13,3.796862e-02,1,6.716917e-02,1,1,105,0
V,13,5.951565e-02,1,6.716917e-02,1,1,124,0
V,14,3.067244e-04,1,5.856174e-02,1,1,9,0
V,14,5.507716e-02,1,5.856174e-02,1,1,10,0
V,14,1.034445e-02,1,5.856174e-02,1,1,11,2
V,14,2.708437e-02,1,5.856174e-02,1,1,20,0
V,14,7.332613e-03,1,5.856174e-02,1,1,34,2
V,14,1.938280e-02,1,5.856174e-02,1,1,65,1
V,14,1.127876e-02,1,5.856174e-02,1,2,83,0
V,14,3.276471e-02,1,5.856174e-02,1,1,109,1
V,14,1.127876e-02,1,5.856174e-02,1,2,134,0
V,15,1.090570e-02,1,5.144921e-02,1,1,26,2
V,15,2.705718e-02,1,5.144921e-02,1,2,86,1
V,15,2.705718e-02,1,5.144921e-02,1,2,131,1
V,16,2.785742e-02,1,4.613783e-02,1,1,113,0
V,17,4.663497e-04,1,3.996427e-02,1,1,7,3
V,18,1.223976e-02,1,3.611363e-02,1,1,21,0
V,18,5.907363e-04,1,3.611363e-02,1,1,39,0
V,18,9.710813e-03,1,3.611363e-02,1,1,120,0
V,19,3.166850e-04,1,3.347117e-02,1,1,25,4
V,19,3.204807e-02,1,3.347117e-02,1,1,69,0
V,19,3.347117e-02,1,3.347117e-02,1,2,87,0
V,19,6.472486e-05,1,3.347117e-02,1,1,98,4
V,19,3.347117e-02,1,3.347117e-02,1,2,130,0
V,21,1.506160e-02,1,2.884245e-02,1,1,116,0
V,23,1.980528e-02,1,2.519000e-02,1,1,22,1
V,23,9.972491e-06,1,2.519000e-02,1,1,60,0
V,23,8.223220e-03,1,2.519000e-02,1,2,75,0
V,23,8.831429e-03,1,2.519000e-02,1,1,115,2
V,23,8.223220e-03,1,2.519000e-02,1,2,142,0
V,24,5.335002e-03,1,2.377314e-02,1,2,85,0
V,24,5.335002e-03,1,2.377314e-02,1,2,132,0
V,26,1.283325e-03,1,2.254495e-02,1,1,63,0
V,30,6.883356e-03,1,1.922628e-02,1,1,40,2
V,31,4.843965e-03,1,1.855850e-02,1,1,6,0
V,33,3.911841e-03,1,1.692993e-02,1,1,13,1
V,33,5.988803e-03,1,1.692993e-02,1,1,36,0
V,33,9.886130e-05,1,1.692993e-02,1,1,62,0
V,34,4.015374e-03,1,1.613105e-02,1,1,73,2
V,35,1.611249e-03,1,1.526202e-02,1,1,52,0
V,36,1.200325e-02,1,1.466404e-02,1,1,74,1
V,38,2.501617e-03,1,1.318474e-02,1,1,70,3
V,40,1.699935e-03,1,1.222483e-02,1,1,126,3
V,42,9.984972e-05,1,1.151746e-02,1,1,19,2
V,45,3.141897e-03,1,1.040875e-02,1,1,90,2
V,47,1.908649e-03,1,9.656615e-03,1,1,3,2
V,48,3.037080e-05,1,9.278261e-03,1,2,81,0
V,48,3.037080e-05,1,9.278261e-03,1,2,136,0
V,51,6.343662e-04,1,8.600679e-03,1,1,97,4
V,60,3.778213e-03,1,6.758111e-03,1,1,14,2
V,60,2.233211e-03,1,6.758111e-03,1,2,89,1
V,60,2.233211e-03,1,6.758111e-03,1,2,128,1
V,66,6.398723e-05,1,6.010375e-03,1,1,12,0
G,1,5.275735e-01,1,5.275735e-01,1,5,23,0
G,1,5.275735e-01,1,5.275735e-01,1,5,43,0
G,1,9.053309e-02,1,5.275735e-01,1,1,44,1
G,1,3.207721e-01,1,5.275735e-01,1,2,48,0
G,1,5.275735e-01,1,5.275735e-01,1,5,53,0
G,1,5.275735e-01,1,5.275735e-01,1,5,76,0
G,1,3.207721e-01,1,5.275735e-01,1,2,103,0
G,1,6.112132e-02,1,5.275735e-01,1,1,107,0
G,1,5.275735e-01,1,5.275735e-01,1,5,141,0
G,2,5.808097e-02,1,3.384617e-01,1,1,1,1
G,2,1.106700e-02,1,3.384617e-01,1,1,5,1
G,2,3.384617e-01,1,3.384617e-01,1,6,15,0
G,2,2.783338e-01,1,3.384617e-01,1,3,16,0
G,2,3.384617e-01,1,3.384617e-01,1,6,32,0
G,2,3.384617e-01,1,3.384617e-01,1,6,38,0
G,2,3.384617e-01,1,3.384617e-01,1,6,54,0
G,2,3.384617e-01,1,3.384617e-01,1,6,77,0
G,2,1.028947e-01,1,3.384617e-01,1,1,95,0
G,2,2.783338e-01,1,3.384617e-01,1,3,108,0
G,2,2.783338e-01,1,3.384617e-01,1,3,117,0
G,2,3.384617e-01,1,3.384617e-01,1,6,140,0
G,3,3.300575e-02,1,2.678451e-01,1,1,17,0
G,3,1.628536e-01,1,2.678451e-01,1,3,28,0
G,3,1.628536e-01,1,2.678451e-01,1,3,31,0
G,3,1.468416e-01,1,2.678451e-01,1,2,42,0
G,3,1.628536e-01,1,2.678451e-01,1,3,46,0
G,3,1.468416e-01,1,2.678451e-01,1,2,49,0
G,3,2.678451e-01,1,2.678451e-01,1,1,56,0
G,3,6.206168e-02,1,2.678451e-01,1,2,82,0
G,3,5.912753e-03,1,2.678451e-01,1,1,100,0
G,3,2.794613e-02,1,2.678451e-01,1,1,127,1
G,3,6.206168e-02,1,2.678451e-01,1,2,135,0
G,4,3.590060e-02,1,1.884107e-01,1,2,4,0
G,4,9.699539e-02,1,1.884107e-01,1,1,24,1
G,4,1.718345e-01,1,1.884107e-01,1,3,41,0
G,4,6.965184e-02,1,1.884107e-01,1,1,45,0
G,4,7.746972e-02,1,1.884107e-01,1,2,47,0
G,4,3.590060e-02,1,1.884107e-01,1,2,58,0
G,4,5.317608e-02,1,1.884107e-01,1,1,67,1
G,4,7.746972e-02,1,1.884107e-01,1,2,69,0
G,4,1.718345e-01,1,1.884107e-01,1,3,88,0
G,4,3.981531e-02,1,1.884107e-01,1,1,92,0
G,4,1.884107e-01,1,1.884107e-01,1,1,94,0
G,4,1.718345e-01,1,1.884107e-01,1,3,129,0
G,5,8.528700e-02,1,1.510922e-01,1,1,59,1
G,5,1.000620e-02,1,1.510922e-01,1,1,72,0
G,5,1.625096e-02,1,1.510922e-01,1,1,104,1
G,5,3.152898e-02,1,1.510922e-01,1,1,123,1
G,6,7.866160e-02,1,1.195684e-01,1,1,55,0
G,6,9.693231e-02,1,1.195684e-01,1,2,79,0
G,6,4.556617e-02,1,1.195684e-01,1,2,84,0
G,6,3.368989e-02,1,1.195684e-01,1,1,102,0
G,6,1.055801e-02,1,1.195684e-01,1,1,125,0
G,6,4.556617e-02,1,1.195684e-01,1,2,133,0
G,6,9.693231e-02,1,1.195684e-01,1,2,138,0
G,7,8.949312e-02,1,8.949312e-02,1,2,30,0
G,7,8.831355e-02,1,8.949312e-02,1,1,33,0
G,7,2.135035e-02,1,8.949312e-02,1,1,50,1
G,7,2.801230e-02,1,8.949312e-02,1,1,71,1
G,7,5.115724e-02,1,8.949312e-02,1,1,110,0
G,7,8.949312e-02,1,8.949312e-02,1,2,121,0
G,8,2.792670e-02,1,7.554272e-02,1,1,18,0
G,8,4.318273e-02,1,7.554272e-02,1,1,20,0
G,8,3.003701e-02,1,7.554272e-02,1,1,68,1
G,8,5.741378e-02,1,7.554272e-02,1,1,91,0
G,9,6.155204e-02,1,6.155204e-02,1,1,8,1
G,9,1.837771e-03,1,6.155204e-02,1,1,10,1
G,9,1.529921e-03,1,6.155204e-02,1,1,61,0
G,9,3.315013e-02,1,6.155204e-02,1,1,109,0
G,9,2.275462e-02,1,6.155204e-02,1,2,112,1
G,9,1.509469e-02,1,6.155204e-02,1,1,114,2
G,9,2.275462e-02,1,6.155204e-02,1,2,118,1
G,10,1.613985e-02,1,5.412205e-02,1,1,11,2
G,10,7.255547e-04,1,5.412205e-02,1,1,57,2
G,10,1.015649e-02,1,5.412205e-02,1,1,66,0
G,10,4.845141e-03,1,5.412205e-02,1,1,106,3
G,11,1.054619e-02,1,4.774231e-02,1,2,2,1
G,11,1.054619e-02,1,4.774231e-02,1,2,51,1
G,11,1.620862e-05,1,4.774231e-02,1,2,78,2
G,11,3.268417e-02,1,4.774231e-02,1,1,124,0
G,11,1.620862e-05,1,4.774231e-02,1,2,139,2
G,12,3.290984e-02,1,4.317871e-02,1,1,35,1
G,12,3.003086e-03,1,4.317871e-02,1,1,37,0
G,12,5.411652e-03,1,4.317871e-02,1,2,80,3
G,12,4.317871e-02,1,4.317871e-02,1,1,122,1
G,12,5.411652e-03,1,4.317871e-02,1,2,137,3
G,13,2.216334e-03,1,3.701741e-02,1,1,21,3
G,13,5.912999e-04,1,3.701741e-02,1,1,29,5
G,14,2.174258e-02,1,3.324762e-02,1,1,99,2
G,14,3.729336e-03,1,3.324762e-02,1,1,111,1
G,14,1.963353e-02,1,3.324762e-02,1,1,119,0
G,15,1.502486e-02,1,3.048208e-02,1,1,7,1
G,15,5.362483e-04,1,3.048208e-02,1,2,75,1
G,15,2.092324e-02,1,3.048208e-02,1,1,93,2
G,15,5.222054e-03,1,3.048208e-02,1,1,113,1
G,15,5.362483e-04,1,3.048208e-02,1,2,142,1
G,16,6.116046e-03,1,2.858940e-02,1,1,9,0
G,16,1.361888e-02,1,2.858940e-02,1,1,65,1
G,16,1.051667e-02,1,2.858940e-02,1,1,105,2
G,17,1.034882e-02,1,2.598359e-02,1,1,26,3
G,17,5.248638e-03,1,2.598359e-02,1,1,64,3
G,18,1.526343e-04,1,2.467486e-02,1,1,27,4
G,18,5.952190e-03,1,2.467486e-02,1,1,36,2
G,18,1.356494e-04,1,2.467486e-02,1,1,115,5
G,18,5.867889e-03,1,2.467486e-02,1,1,120,2
G,19,3.412466e-05,1,2.248530e-02,1,1,25,6
G,20,6.368988e-03,1,2.060759e-02,1,1,96,1
G,21,3.612930e-04,1,1.958952e-02,1,2,87,2
G,21,3.612930e-04,1,1.958952e-02,1,2,130,2
G,22,2.431842e-03,1,1.894734e-02,1,1,6,4
G,22,1.343139e-04,1,1.894734e-02,1,2,86,2
G,22,1.343139e-04,1,1.894734e-02,1,2,131,2
G,23,1.164671e-02,1,1.768543e-02,1,1,60,3
G,23,5.488085e-03,1,1.768543e-02,1,2,83,2
G,23,5.488085e-03,1,1.768543e-02,1,2,134,2
G,25,1.106660e-03,1,1.603350e-02,1,1,34,5
G,27,2.918657e-04,1,1.410949e-02,1,1,22,1
G,27,2.124624e-03,1,1.410949e-02,1,1,98,4
G,29,9.195219e-03,1,1.211789e-02,1,1,101,3
G,29,8.307754e-03,1,1.211789e-02,1,1,116,1
G,31,1.196795e-03,1,1.068825e-02,1,1,63,3
G,33,2.616752e-09,1,9.983140e-03,1,2,85,0
G,33,2.616752e-09,1,9.983140e-03,1,2,132,0
G,34,7.002479e-06,1,9.898056e-03,1,1,13,6
G,34,6.694416e-05,1,9.898056e-03,1,1,39,1
G,37,3.324919e-03,1,9.034828e-03,1,2,81,1
G,37,3.324919e-03,1,9.034828e-03,1,2,136,1
G,38,8.092151e-04,1,8.625160e-03,1,1,126,2
G,42,5.534122e-11,1,7.205466e-03,1,1,62,0
G,42,1.087644e-04,1,7.205466e-03,1,1,70,4
G,42,7.117720e-03,1,7.205466e-03,1,1,97,4
G,43,3.374653e-03,1,7.012581e-03,1,1,90,4
G,44,1.880255e-05,1,6.782695e-03,1,1,19,1
G,56,2.389433e-03,1,4.866061e-03,1,1,3,5
G,57,1.915009e-09,1,4.720345e-03,1,1,40,2
G,59,6.254077e-06,1,4.496035e-03,1,1,52,4
G,60,2.010405e-05,1,4.326607e-03,1,1,12,7
G,62,8.949133e-04,1,4.059216e-03,1,1,73,2
G,65,1.392539e-04,1,3.746641e-03,1,2,89,12
G,65,1.392539e-04,1,3.746641e-03,1,2,128,12
G,71,7.818728e-07,1,3.435531e-03,1,1,74,1
G,73,1.597524e-07,1,3.264772e-03,1,1,14,7
L,3,4.225789e-01,1,4.225789e-01,1,2,31,0
L,3,6.293933e-04,1,4.225789e-01,1,1,47,1
L,3,2.679463e-02,1,4.225789e-01,1,1,56,1
L,3,4.225789e-01,1,4.225789e-01,1,2,110,0
L,4,2.010715e-01,1,3.171104e-01,1,4,16,0
L,4,2.010715e-01,1,3.171104e-01,1,4,54,0
L,4,2.010715e-01,1,3.171104e-01,1,4,77,0
L,4,8.456276e-02,1,3.171104e-01,1,2,80,1
L,4,5.585318e-03,1,3.171104e-01,1,2,82,0
L,4,5.205517e-02,1,3.171104e-01,1,1,108,0
L,4,1.094618e-01,1,3.171104e-01,1,1,109,0
L,4,5.585318e-03,1,3.171104e-01,1,2,135,0
L,4,8.456276e-02,1,3.171104e-01,1,2,137,1
L,4,2.010715e-01,1,3.171104e-01,1,4,140,0
L,5,1.886093e-01,1,2.379650e-01,1,4,1,0
L,5,1.548055e-02,1,2.379650e-01,1,1,5,0
L,5,1.886093e-01,1,2.379650e-01,1,4,45,0
L,5,2.379650e-01,1,2.379650e-01,1,1,49,0
L,5,6.510513e-02,1,2.379650e-01,1,1,53,0
L,5,1.886093e-01,1,2.379650e-01,1,4,84,0
L,5,1.886093e-01,1,2.379650e-01,1,4,133,0
L,6,6.730803e-02,1,1.785729e-01,1,1,23,0
L,6,1.698427e-01,1,1.785729e-01,1,1,43,0
L,6,1.785729e-01,1,1.785729e-01,1,2,100,0
L,6,1.785729e-01,1,1.785729e-01,1,2,102,0
L,7,1.486950e-01,1,1.486950e-01,1,1,30,0
L,7,7.071272e-02,1,1.486950e-01,1,2,32,0
L,7,1.661008e-02,1,1.486950e-01,1,1,41,0
L,7,1.340041e-01,1,1.486950e-01,1,2,44,0
L,7,7.699095e-02,1,1.486950e-01,1,3,46,0
L,7,7.699095e-02,1,1.486950e-01,1,3,76,0
L,7,1.340041e-01,1,1.486950e-01,1,2,91,0
L,7,3.051123e-02,1,1.486950e-01,1,1,92,0
L,7,6.253527e-02,1,1.486950e-01,1,1,106,1
L,7,1.918778e-03,1,1.486950e-01,1,1,107,1
L,7,7.071272e-02,1,1.486950e-01,1,2,119,0
L,7,8.856712e-04,1,1.486950e-01,1,1,123,0
L,7,8.094843e-02,1,1.486950e-01,1,1,124,0
L,7,7.699095e-02,1,1.486950e-01,1,3,141,0
L,8,3.663383e-02,1,1.275237e-01,1,1,28,0
L,8,5.031255e-03,1,1.275237e-01,1,1,33,0
L,8,1.275237e-01,1,1.275237e-01,1,2,58,0
L,8,1.275237e-01,1,1.275237e-01,1,2,61,0
L,8,1.005590e-01,1,1.275237e-01,1,1,104,0
L,8,3.081350e-02,1,1.275237e-01,1,1,127,1
L,9,4.527669e-02,1,1.076579e-01,1,2,4,1
L,9,4.123596e-02,1,1.076579e-01,1,1,37,0
L,9,6.826309e-02,1,1.076579e-01,1,1,42,0
L,9,7.432383e-02,1,1.076579e-01,1,1,94,0
L,9,4.527669e-02,1,1.076579e-01,1,2,125,1
L,10,6.403222e-02,1,8.976480e-02,1,1,17,0
L,10,4.886728e-02,1,8.976480e-02,1,1,55,0
L,10,7.508711e-03,1,8.976480e-02,1,1,71,0
L,10,1.263148e-02,1,8.976480e-02,1,2,79,1
L,10,6.610235e-03,1,8.976480e-02,1,2,88,0
L,10,6.610235e-03,1,8.976480e-02,1,2,129,0
L,10,1.263148e-02,1,8.976480e-02,1,2,138,1
L,11,5.348756e-03,1,7.409712e-02,1,1,59,0
L,11,4.249410e-02,1,7.409712e-02,1,1,66,0
L,11,4.939808e-02,1,7.409712e-02,1,1,95,1
L,12,1.676661e-02,1,6.065862e-02,1,1,8,1
L,13,4.931252e-02,1,5.106586e-02,1,1,10,0
L,13,4.475003e-03,1,5.106586e-02,1,1,38,1
L,13,1.415734e-03,1,5.106586e-02,1,1,48,0
L,13,6.515251e-04,1,5.106586e-02,1,1,112,0
L,14,1.580226e-03,1,4.470746e-02,1,1,51,0
L,14,4.952878e-05,1,4.470746e-02,1,1,72,0
L,14,2.469282e-05,1,4.470746e-02,1,1,118,1
L,14,2.169485e-02,1,4.470746e-02,1,1,121,0
L,14,2.603622e-02,1,4.470746e-02,1,1,122,0
L,15,3.280370e-03,1,3.988631e-02,1,1,15,3
L,15,1.347532e-02,1,3.988631e-02,1,1,115,1
L,16,2.259760e-04,1,3.683860e-02,1,1,24,0
L,16,8.824862e-03,1,3.683860e-02,1,1,114,1
L,17,1.490063e-03,1,3.356809e-02,1,1,103,0
L,18,1.645594e-02,1,3.022807e-02,1,1,36,1
L,18,2.149119e-04,1,3.022807e-02,1,1,50,3
L,19,1.353744e-02,1,2.873263e-02,1,1,20,0
L,19,1.062753e-02,1,2.873263e-02,1,1,98,2
L,20,2.695182e-02,1,2.695182e-02,1,1,35,1
L,20,6.320986e-03,1,2.695182e-02,1,1,105,2
L,20,4.976178e-03,1,2.695182e-02,1,1,113,1
L,22,9.503146e-03,1,2.291468e-02,1,1,18,0
L,22,3.428247e-03,1,2.291468e-02,1,1,126,0
L,23,1.313139e-02,1,2.089792e-02,1,1,2,1
L,23,1.570823e-03,1,2.089792e-02,1,1,68,0
L,23,2.089792e-02,1,2.089792e-02,1,1,101,1
L,24,1.874453e-02,1,1.980903e-02,1,1,9,1
L,24,7.240375e-03,1,1.980903e-02,1,1,27,2
L,25,1.796978e-03,1,1.858129e-02,1,1,57,2
L,25,5.528566e-03,1,1.858129e-02,1,1,93,2
L,26,4.432726e-04,1,1.726365e-02,1,1,11,2
L,27,2.881619e-04,1,1.589923e-02,1,1,22,1
L,27,9.520966e-03,1,1.589923e-02,1,2,67,2
L,27,3.002430e-03,1,1.589923e-02,1,1,69,3
L,27,1.736073e-04,1,1.589923e-02,1,1,99,2
L,27,9.520966e-03,1,1.589923e-02,1,2,111,2
L,28,2.359524e-03,1,1.452476e-02,1,1,29,3
L,29,1.810870e-04,1,1.363866e-02,1,2,75,4
L,29,1.810870e-04,1,1.363866e-02,1,2,142,4
L,30,1.186562e-03,1,1.279335e-02,1,1,64,2
L,34,5.758224e-05,1,1.019629e-02,1,2,85,0
L,34,1.118079e-03,1,1.019629e-02,1,1,120,2
L,34,5.758224e-05,1,1.019629e-02,1,2,132,0
L,35,2.013155e-03,1,9.564336e-03,1,1,96,3
L,36,1.256679e-03,1,8.909677e-03,1,1,26,1
L,37,7.349564e-04,1,8.246032e-03,1,1,6,4
L,37,3.153718e-03,1,8.246032e-03,1,1,65,1
L,38,1.548613e-03,1,7.838085e-03,1,1,25,3
L,38,1.325314e-03,1,7.838085e-03,1,2,78,0
L,38,1.325314e-03,1,7.838085e-03,1,2,139,0
L,41,1.662688e-03,1,6.770560e-03,1,1,39,0
L,41,5.351031e-04,1,6.770560e-03,1,1,62,0
L,42,3.330334e-03,1,6.466399e-03,1,1,63,3
L,43,1.139565e-03,1,6.136979e-03,1,1,52,0
L,44,8.439329e-05,1,5.828823e-03,1,1,19,0
L,45,8.686106e-05,1,5.623775e-03,1,1,40,1
L,46,3.344848e-04,1,5.392447e-03,1,2,86,3
L,46,3.344848e-04,1,5.392447e-03,1,2,131,3
L,47,3.052335e-06,1,5.140254e-03,1,1,21,6
L,47,1.100385e-04,1,5.140254e-03,1,1,60,3
L,47,1.014611e-03,1,5.140254e-03,1,1,70,0
L,52,3.937938e-04,1,4.146820e-03,1,1,97,1
L,53,2.263585e-05,1,3.926850e-03,1,1,90,8
L,59,5.171594e-05,1,2.923057e-03,1,2,83,5
L,59,5.171594e-05,1,2.923057e-03,1,2,134,5
L,60,6.680787e-04,1,2.839379e-03,1,1,3,3
L,60,1.155399e-04,1,2.839379e-03,1,1,34,1
L,63,3.194325e-04,1,2.586176e-03,1,2,87,3
L,63,3.194325e-04,1,2.586176e-03,1,2,130,3
L,66,4.288568e-05,1,2.331594e-03,1,1,116,5
L,69,4.118574e-05,1,2.081233e-03,1,1,7,5
L,72,6.742549e-06,1,1.799716e-03,1,1,74,1
L,83,1.012973e-04,1,1.259054e-03,1,1,13,2
L,85,1.230708e-04,1,1.180023e-03,1,1,73,2
L,93,9.959854e-05,1,8.977654e-04,1,2,89,6
L,93,9.959854e-05,1,8.977654e-04,1,2,128,6
L,103,3.348513e-04,1,6.558568e-04,1,2,81,6
L,103,3.348513e-04,1,6.558568e-04,1,2,136,6
L,130,1.358114e-04,1,3.606214e-04,1,1,14,6
L,142,1.152839e-04,1,2.848812e-04,1,1,12,9
S,1,3.702852e-01,1,3.702852e-01,1,5,1,0
S,1,2.902484e-01,1,3.702852e-01,1,2,5,1
S,1,3.702852e-01,1,3.702852e-01,1,5,31,0
S,1,3.702852e-01,1,3.702852e-01,1,5,41,0
S,1,3.702852e-01,1,3.702852e-01,1,5,46,0
S,1,2.902484e-01,1,3.702852e-01,1,2,47,1
S,1,3.702852e-01,1,3.702852e-01,1,5,117,0
S,2,8.424413e-02,1,2.149494e-01,1,3,44,2
S,2,1.369802e-01,1,2.149494e-01,1,1,45,1
S,2,3.815266e-02,1,2.149494e-01,1,1,55,0
S,2,1.371111e-01,1,2.149494e-01,1,2,76,0
S,2,8.424413e-02,1,2.149494e-01,1,3,79,2
S,2,5.568211e-02,1,2.149494e-01,1,1,94,0
S,2,8.424413e-02,1,2.149494e-01,1,3,138,2
S,2,1.371111e-01,1,2.149494e-01,1,2,141,0
S,3,1.521652e-01,1,1.521652e-01,1,3,16,1
S,3,6.185478e-02,1,1.521652e-01,1,1,17,0
S,3,5.077022e-02,1,1.521652e-01,1,1,28,0
S,3,1.521652e-01,1,1.521652e-01,1,3,32,1
S,3,1.078473e-02,1,1.521652e-01,1,1,35,0
S,3,9.358306e-02,1,1.521652e-01,1,1,49,2
S,3,1.193888e-01,1,1.521652e-01,1,1,58,1
S,3,9.706256e-02,1,1.521652e-01,1,1,107,0
S,3,1.521652e-01,1,1.521652e-01,1,3,110,1
S,4,1.126890e-01,1,1.126890e-01,1,3,23,1
S,4,2.000185e-02,1,1.126890e-01,1,1,33,0
S,4,3.474734e-04,1,1.126890e-01,1,1,48,2
S,4,1.230133e-02,1,1.126890e-01,1,1,54,1
S,4,1.928483e-02,1,1.126890e-01,1,1,56,2
S,4,1.126890e-01,1,1.126890e-01,1,3,100,1
S,4,4.792111e-02,1,1.126890e-01,1,1,109,0
S,4,1.126890e-01,1,1.126890e-01,1,3,122,1
S,4,3.135694e-02,1,1.126890e-01,1,1,123,1
S,5,1.785221e-02,1,8.176951e-02,1,1,43,2
S,5,9.085501e-03,1,8.176951e-02,1,1,50,2
S,5,5.210902e-02,1,8.176951e-02,1,2,80,2
S,5,4.842547e-03,1,8.176951e-02,1,2,82,0
S,5,6.647822e-02,1,8.176951e-02,1,1,118,1
S,5,4.842547e-03,1,8.176951e-02,1,2,135,0
S,5,5.210902e-02,1,8.176951e-02,1,2,137,2
S,6,3.862729e-02,1,6.055608e-02,1,1,10,1
S,6,1.212280e-02,1,6.055608e-02,1,1,42,1
S,6,3.137381e-02,1,6.055608e-02,1,1,66,1
S,6,6.055608e-02,1,6.055608e-02,1,2,84,2
S,6,1.860350e-02,1,6.055608e-02,1,1,91,4
S,6,1.610730e-02,1,6.055608e-02,1,1,92,2
S,6,6.055608e-02,1,6.055608e-02,1,2,133,2
S,7,8.711733e-03,1,5.001308e-02,1,1,15,3
S,7,5.001308e-02,1,5.001308e-02,1,2,20,2
S,7,5.001308e-02,1,5.001308e-02,1,2,24,2
S,7,8.953751e-03,1,5.001308e-02,1,1,71,3
S,7,3.924028e-02,1,5.001308e-02,1,2,77,2
S,7,3.924028e-02,1,5.001308e-02,1,2,140,2
S,8,3.037181e-02,1,3.870991e-02,1,1,8,3
S,8,2.466855e-02,1,3.870991e-02,1,1,30,3
S,8,6.845830e-04,1,3.870991e-02,1,1,59,4
S,8,8.252910e-03,1,3.870991e-02,1,1,102,1
S,8,3.563160e-03,1,3.870991e-02,1,1,104,0
S,8,3.703821e-02,1,3.870991e-02,1,1,106,2
S,8,4.378570e-03,1,3.870991e-02,1,1,121,2
S,8,2.324815e-02,1,3.870991e-02,1,1,124,2
S,9,1.564693e-03,1,3.225084e-02,1,1,4,3
S,9,4.121739e-04,1,3.225084e-02,1,1,61,3
S,9,2.468646e-02,1,3.225084e-02,1,1,93,2
S,9,4.778626e-03,1,3.225084e-02,1,1,112,2
S,9,4.863959e-03,1,3.225084e-02,1,1,113,2
S,9,4.874723e-03,1,3.225084e-02,1,1,115,6
S,10,8.455832e-03,1,2.536750e-02,1,1,95,3
S,10,1.941759e-02,1,2.536750e-02,1,1,105,2
S,10,2.513758e-03,1,2.536750e-02,1,1,108,5
S,10,9.503724e-03,1,2.536750e-02,1,1,114,4
S,10,4.873087e-04,1,2.536750e-02,1,1,127,0
S,11,4.316831e-03,1,2.066506e-02,1,1,18,2
S,11,3.125961e-05,1,2.066506e-02,1,1,38,7
S,11,1.046184e-03,1,2.066506e-02,1,1,51,3
S,11,2.395949e-03,1,2.066506e-02,1,2,88,3
S,11,1.318175e-02,1,2.066506e-02,1,1,119,2
S,11,2.395949e-03,1,2.066506e-02,1,2,129,3
S,12,6.729418e-04,1,1.799400e-02,1,1,11,4
S,12,1.694500e-03,1,1.799400e-02,1,1,26,4
S,12,1.178554e-02,1,1.799400e-02,1,2,27,4
S,12,1.178554e-02,1,1.799400e-02,1,2,72,4
S,13,1.855839e-03,1,1.443631e-02,1,1,29,6
S,13,1.324333e-03,1,1.443631e-02,1,1,37,7
S,13,4.986254e-03,1,1.443631e-02,1,1,69,3
S,14,4.847889e-03,1,1.192290e-02,1,2,36,7
S,14,5.933904e-04,1,1.192290e-02,1,1,68,6
S,14,1.557568e-03,1,1.192290e-02,1,1,98,3
S,14,9.953032e-03,1,1.192290e-02,1,1,103,4
S,14,4.847889e-03,1,1.192290e-02,1,2,125,7
S,14,1.505110e-03,1,1.192290e-02,1,1,126,1
S,15,8.513219e-03,1,1.038181e-02,1,1,65,6
S,15,1.873149e-03,1,1.038181e-02,1,1,67,7
S,16,1.349048e-03,1,8.786812e-03,1,1,6,2
S,16,1.242388e-03,1,8.786812e-03,1,1,25,5
S,16,2.061703e-03,1,8.786812e-03,1,1,90,2
S,17,1.714235e-04,1,7.695534e-03,1,1,2,9
S,17,1.108578e-03,1,7.695534e-03,1,1,21,4
S,17,1.519148e-03,1,7.695534e-03,1,2,75,3
S,17,1.519148e-03,1,7.695534e-03,1,2,142,3
S,18,6.138456e-03,1,6.700849e-03,1,1,96,6
S,18,2.771492e-03,1,6.700849e-03,1,1,99,7
S,18,1.352445e-03,1,6.700849e-03,1,1,101,5
S,19,4.591286e-03,1,6.008572e-03,1,1,22,5
S,19,2.227525e-03,1,6.008572e-03,1,1,39,5
S,20,2.958945e-03,1,5.562213e-03,1,1,57,5
S,20,1.805384e-04,1,5.562213e-03,1,1,111,8
S,21,1.027046e-03,1,4.843270e-03,1,1,9,8
S,25,2.248117e-07,1,3.196370e-03,1,1,62,3
S,25,2.083314e-04,1,3.196370e-03,1,1,64,6
S,25,1.200956e-04,1,3.196370e-03,1,2,78,8
S,25,1.200956e-04,1,3.196370e-03,1,2,139,8
S,26,7.782036e-04,1,2.801497e-03,1,2,83,9
S,26,7.782036e-04,1,2.801497e-03,1,2,134,9
S,27,1.876541e-04,1,2.546230e-03,1,1,19,4
S,27,8.139521e-06,1,2.546230e-03,1,1,34,10
S,27,3.385318e-04,1,2.546230e-03,1,1,60,9
S,28,1.489579e-04,1,2.299233e-03,1,2,85,6
S,28,6.022158e-04,1,2.299233e-03,1,1,120,5
S,28,1.489579e-04,1,2.299233e-03,1,2,132,6
S,29,3.291475e-06,1,2.057482e-03,1,2,86,9
S,29,3.291475e-06,1,2.057482e-03,1,2,131,9
S,30,1.170625e-03,1,1.820644e-03,1,1,52,11
S,31,5.986419e-04,1,1.638161e-03,1,1,7,8
S,34,1.706158e-04,1,1.169171e-03,1,1,3,10
S,36,1.617472e-04,1,1.012696e-03,1,1,40,6
S,37,1.066645e-04,1,9.651821e-04,1,1,70,9
S,37,1.322166e-04,1,9.651821e-04,1,1,97,8
S,38,1.997924e-04,1,9.447597e-04,1,1,13,11
S,38,5.892242e-05,1,9.447597e-04,1,1,73,7
S,38,2.059105e-05,1,9.447597e-04,1,2,87,13
S,38,2.059105e-05,1,9.447597e-04,1,2,130,13
S,39,1.573478e-04,1,9.095593e-04,1,1,116,16
S,43,2.678745e-05,1,7.944780e-04,1,2,89,10
S,43,2.678745e-05,1,7.944780e-04,1,2,128,10
S,48,4.058423e-05,1,6.397035e-04,1,1,63,14
S,49,2.348205e-04,1,6.108823e-04,1,2,81,15
S,49,2.348205e-04,1,6.108823e-04,1,2,136,15
S,57,6.100937e-05,1,4.183603e-04,1,1,74,19
S,101,3.008110e-06,1,1.030721e-04,1,1,12,26
S,104,7.665942e-07,1,9.449511e-05,1,1,14,30
R,1,5.603448e-02,1,3.959360e-01,1,1,1,0
R,1,3.959360e-01,1,3.959360e-01,1,3,5,0
R,1,2.974138e-01,1,3.959360e-01,1,4,10,0
R,1,2.974138e-01,1,3.959360e-01,1,4,24,0
R,1,2.019704e-01,1,3.959360e-01,1,1,32,0
R,1,2.974138e-01,1,3.959360e-01,1,4,33,0
R,1,3.959360e-01,1,3.959360e-01,1,3,38,0
R,1,2.974138e-01,1,3.959360e-01,1,4,47,0
R,1,3.959360e-01,1,3.959360e-01,1,3,54,0
R,1,1.416256e-02,1,3.959360e-01,1,1,72,1
R,1,3.448276e-02,1,3.959360e-01,1,1,110,0
R,2,2.355136e-01,1,2.355136e-01,1,3,31,0
R,2,1.599347e-01,1,2.355136e-01,1,2,44,0
R,2,4.437213e-02,1,2.355136e-01,1,1,45,0
R,2,1.567653e-01,1,2.355136e-01,1,3,49,0
R,2,1.599347e-01,1,2.355136e-01,1,2,53,0
R,2,1.567653e-01,1,2.355136e-01,1,3,66,0
R,2,1.567653e-01,1,2.355136e-01,1,3,67,0
R,2,2.355136e-01,1,2.355136e-01,1,3,88,0
R,2,1.392900e-02,1,2.355136e-01,1,1,92,0
R,2,1.201376e-01,1,2.355136e-01,1,1,100,0
R,2,2.730593e-02,1,2.355136e-01,1,2,103,0
R,2,2.730593e-02,1,2.355136e-01,1,2,123,0
R,2,2.355136e-01,1,2.355136e-01,1,3,129,0
R,3,1.427004e-01,1,1.427004e-01,1,1,21,0
R,3,1.398725e-01,1,1.427004e-01,1,1,23,0
R,3,4.845313e-02,1,1.427004e-01,1,1,55,0
R,3,4.590221e-03,1,1.427004e-01,1,2,77,0
R,3,2.019554e-02,1,1.427004e-01,1,1,107,0
R,3,4.590221e-03,1,1.427004e-01,1,2,140,0
R,4,1.490339e-03,1,1.130004e-01,1,1,8,1
R,4,1.130004e-01,1,1.130004e-01,1,1,15,0
R,4,3.135073e-02,1,1.130004e-01,1,1,27,0
R,4,1.310150e-02,1,1.130004e-01,1,1,35,0
R,4,2.457535e-02,1,1.130004e-01,1,2,76,0
R,4,5.764252e-02,1,1.130004e-01,1,2,83,0
R,4,8.320001e-02,1,1.130004e-01,1,1,108,0
R,4,8.488212e-02,1,1.130004e-01,1,1,117,0
R,4,5.764252e-02,1,1.130004e-01,1,2,134,0
R,4,2.457535e-02,1,1.130004e-01,1,2,141,0
R,5,2.071184e-03,1,8.401971e-02,1,1,17,0
R,5,3.654525e-02,1,8.401971e-02,1,1,22,0
R,5,9.730267e-03,1,8.401971e-02,1,1,30,0
R,5,4.207519e-02,1,8.401971e-02,1,1,48,0
R,5,7.456822e-02,1,8.401971e-02,1,1,56,0
R,5,1.505022e-03,1,8.401971e-02,1,1,69,1
R,5,5.490312e-02,1,8.401971e-02,1,2,84,0
R,5,8.401971e-02,1,8.401971e-02,1,1,95,0
R,5,3.670678e-03,1,8.401971e-02,1,1,98,0
R,5,3.655727e-03,1,8.401971e-02,1,1,102,0
R,5,5.490312e-02,1,8.401971e-02,1,2,133,0
R,6,1.503719e-02,1,6.653285e-02,1,1,9,0
R,6,1.918291e-02,1,6.653285e-02,1,1,20,0
R,6,3.265789e-02,1,6.653285e-02,1,1,37,0
R,6,2.714844e-03,1,6.653285e-02,1,1,50,0
R,6,4.014512e-03,1,6.653285e-02,1,1,64,0
R,6,2.549383e-02,1,6.653285e-02,1,1,65,0
R,6,2.672186e-03,1,6.653285e-02,1,2,80,0
R,6,2.672186e-03,1,6.653285e-02,1,2,137,0
R,7,4.609981e-02,1,4.703184e-02,1,1,16,0
R,7,3.532874e-02,1,4.703184e-02,1,1,29,0
R,7,5.540018e-03,1,4.703184e-02,1,1,58,0
R,7,2.399136e-02,1,4.703184e-02,1,1,96,0
R,8,4.400311e-03,1,3.730112e-02,1,1,51,0
R,8,2.464634e-03,1,3.730112e-02,1,1,61,0
R,8,9.544931e-03,1,3.730112e-02,1,1,104,0
R,8,7.883989e-05,1,3.730112e-02,1,1,112,1
R,8,3.730112e-02,1,3.730112e-02,1,1,113,0
R,8,2.156054e-03,1,3.730112e-02,1,1,121,0
R,9,2.018635e-03,1,3.322992e-02,1,1,18,1
R,9,2.557787e-03,1,3.322992e-02,1,1,36,0
R,9,5.905127e-03,1,3.322992e-02,1,2,75,0
R,9,1.177842e-02,1,3.322992e-02,1,2,79,0
R,9,2.256607e-02,1,3.322992e-02,1,2,82,0
R,9,6.521744e-03,1,3.322992e-02,1,1,91,0
R,9,2.816876e-03,1,3.322992e-02,1,1,94,0
R,9,6.423384e-03,1,3.322992e-02,1,1,115,0
R,9,2.256607e-02,1,3.322992e-02,1,2,135,0
R,9,1.177842e-02,1,3.322992e-02,1,2,138,0
R,9,5.905127e-03,1,3.322992e-02,1,2,142,0
R,10,4.770541e-03,1,2.631384e-02,1,1,2,0
R,10,1.636942e-03,1,2.631384e-02,1,1,57,1
R,10,1.398688e-02,1,2.631384e-02,1,1,71,0
R,10,3.654426e-03,1,2.631384e-02,1,1,119,0
R,10,2.085853e-03,1,2.631384e-02,1,1,127,1
R,11,9.981112e-03,1,2.152177e-02,1,1,25,0
R,11,1.948693e-02,1,2.152177e-02,1,1,109,0
R,11,1.621931e-02,1,2.152177e-02,1,1,122,0
R,12,1.896711e-03,1,1.738705e-02,1,1,68,0
R,12,5.443719e-03,1,1.738705e-02,1,2,78,0
R,12,5.026625e-05,1,1.738705e-02,1,2,86,0
R,12,4.467344e-03,1,1.738705e-02,1,1,116,0
R,12,6.023036e-03,1,1.738705e-02,1,1,125,0
R,12,5.026625e-05,1,1.738705e-02,1,2,131,0
R,12,5.443719e-03,1,1.738705e-02,1,2,139,0
R,13,8.416184e-03,1,1.491567e-02,1,1,4,0
R,13,1.504288e-03,1,1.491567e-02,1,1,11,0
R,13,2.391929e-03,1,1.491567e-02,1,1,63,0
R,13,2.931921e-03,1,1.491567e-02,1,1,99,0
R,13,3.061343e-05,1,1.491567e-02,1,1,114,0
R,14,4.966310e-04,1,1.242116e-02,1,1,39,0
R,14,9.504213e-03,1,1.242116e-02,1,1,59,0
R,14,2.595946e-05,1,1.242116e-02,1,2,85,0
R,14,1.170109e-02,1,1.242116e-02,1,1,105,0
R,14,6.672176e-04,1,1.242116e-02,1,1,120,0
R,14,2.595946e-05,1,1.242116e-02,1,2,132,0
R,15,8.768475e-03,1,1.053853e-02,1,1,26,0
R,15,5.623115e-05,1,1.053853e-02,1,1,93,0
R,15,5.828538e-03,1,1.053853e-02,1,1,124,0
R,16,2.865660e-04,1,9.448341e-03,1,1,106,1
R,16,1.886246e-03,1,9.448341e-03,1,1,111,0
R,16,9.203846e-04,1,9.448341e-03,1,1,118,0
R,18,9.738249e-04,1,7.236268e-03,1,1,7,1
R,18,4.090065e-03,1,7.236268e-03,1,1,97,0
R,21,5.341928e-03,1,5.341928e-03,1,1,6,0
R,21,1.871274e-05,1,5.341928e-03,1,1,19,0
R,21,1.772757e-06,1,5.341928e-03,1,1,70,0
R,21,1.209452e-03,1,5.341928e-03,1,1,73,0
R,21,3.977159e-04,1,5.341928e-03,1,1,74,0
R,21,4.475029e-05,1,5.341928e-03,1,1,90,0
R,22,4.452670e-08,1,4.747211e-03,1,1,40,2
R,22,1.400093e-03,1,4.747211e-03,1,1,126,0
R,27,1.307541e-04,1,2.828275e-03,1,1,52,0
R,27,2.857863e-04,1,2.828275e-03,1,2,87,1
R,27,2.857863e-04,1,2.828275e-03,1,2,130,1
R,29,1.329063e-03,1,2.504032e-03,1,1,34,0
R,29,3.316755e-07,1,2.504032e-03,1,1,62,0
R,30,7.704647e-05,1,2.287930e-03,1,1,101,0
R,33,1.038961e-04,1,1.817675e-03,1,1,3,0
R,35,1.178593e-06,1,1.638540e-03,1,1,60,3
R,50,3.252693e-06,1,6.407725e-04,1,1,12,2
R,51,1.907711e-04,1,6.074565e-04,1,1,13,0
R,51,2.013544e-05,1,6.074565e-04,1,2,81,1
R,51,2.013544e-05,1,6.074565e-04,1,2,136,1
R,64,9.725250e-05,1,3.411884e-04,1,2,89,0
R,64,9.725250e-05,1,3.411884e-04,1,2,128,0
R,68,4.150121e-07,1,2.829696e-04,1,1,14,3
