1 , E ,0.539738 , 0.202989, 0.000336,0.000421
1 , H ,-758.657132 , -681.728960, 0.205479,0.028322
1 , Q ,0.477496 , 0.156550, 0.000505,0.000183
1 , F ,-1117.780772 , -1059.447588, 0.152459,0.034202
1 , Y ,-3725.016290 , -4583.227489, 0.239714,0.057701
1 , C ,-1118.729638 , -1068.019870, 0.169492,0.035020
1 , N ,-1042.065811 , -990.749486, 0.206677,0.032425
1 , K ,0.624519 , 0.027702, 0.000008,0.000043
1 , D ,-719.709093 , -607.919488, 0.098876,0.022589
2 , E ,0.687584 , 0.908014, 0.008407,0.000333
2 , H ,1.632005 , 1.209116, 0.000001,0.000540
2 , Q ,0.705807 , 0.964167, 0.008769,0.000128
2 , F ,0.993652 , 0.785579, 0.000121,0.000135
2 , Y ,0.979705 , 0.852430, 0.000242,0.000077
2 , C ,1.020144 , 0.896788, 0.000196,0.000162
2 , N ,1.097778 , 0.718811, 0.000016,0.000168
2 , K ,0.847019 , 1.076535, 0.003596,0.000276
2 , D ,1.202546 , 0.884958, 0.000015,0.000475
3 , E ,0.410058 , 0.205115, 0.002393,0.000407
3 , H ,-751.262759 , -640.016289, 0.112466,0.019318
3 , Q ,0.906314 , 0.509795, 0.000030,0.000481
3 , F ,0.524985 , 0.523783, 0.006698,0.000187
3 , Y ,-646.353971 , -529.478144, 0.064039,0.016647
3 , C ,0.436283 , 0.604472, 0.024955,0.000126
3 , N ,0.407677 , 0.588911, 0.030323,0.000206
3 , K ,0.286297 , 0.116524, 0.005829,0.000218
3 , D ,0.565824 , 0.751991, 0.013822,0.000154
4 , E ,0.906312 , 0.968706, 0.001162,0.000166
4 , H ,0.547863 , 0.756786, 0.016504,0.000067
4 , Q ,0.626673 , 0.678874, 0.005358,0.000183
4 , F ,0.630883 , 0.692256, 0.005509,0.000045
4 , Y ,-814.150744 , -699.836986, 0.082320,0.027701
4 , C ,0.590473 , 0.951367, 0.021412,0.000104
4 , N ,-794.791463 , -676.440088, 0.080699,0.023097
4 , K ,0.777319 , 0.484997, 0.000180,0.000186
4 , D ,-802.668432 , -670.765178, 0.050802,0.024941
5 , E ,0.738385 , 0.742578, 0.002191,0.000059
5 , H ,1.438687 , 1.939340, 0.000262,0.001698
5 , Q ,0.878849 , 0.962199, 0.001533,0.000037
5 , F ,0.867345 , 0.908119, 0.001286,0.000231
5 , Y ,-885.784428 , -765.442482, 0.074830,0.030134
5 , C ,-755.811263 , -625.581947, 0.053012,0.024167
5 , N ,-731.140971 , -602.089242, 0.072607,0.024293
5 , K ,1.001609 , 0.586181, 0.000017,0.000228
5 , D ,0.526590 , 0.966353, 0.035944,0.000120
6 , E ,0.093982 , -0.343423, 0.000255,0.000252
6 , H ,-180.302353 , -163.253099, 0.632212,0.004980
6 , Q ,-0.097682 , -0.342695, 0.006854,0.000369
6 , F ,-328.510083 , -312.170017, 0.551282,0.009857
6 , Y ,-231.281670 , -224.815747, 0.712297,0.003610
6 , C ,-160.094536 , -144.282170, 0.702703,0.003763
6 , N ,-334.922281 , -313.567866, 0.518325,0.007487
6 , K ,0.328147 , -0.168410, 0.000069,0.000293
6 , D ,-269.772891 , -256.244023, 0.557093,0.006962
7 , E ,0.506207 , 0.381010, 0.003071,0.000456
7 , H ,-605.318945 , -530.745247, 0.090395,0.018582
7 , Q ,0.498880 , 0.312655, 0.001896,0.000180
7 , F ,-446.748670 , -359.681761, 0.076471,0.018127
7 , Y ,-597.089229 , -489.055469, 0.098266,0.017224
7 , C ,-607.706585 , -532.079338, 0.068182,0.019849
7 , N ,-589.293833 , -508.768672, 0.063694,0.017833
7 , K ,0.453954 , 0.263404, 0.001926,0.000935
7 , D ,-525.196212 , -430.633292, 0.081818,0.015795
8 , E ,0.531190 , 0.546756, 0.007120,0.000469
8 , H ,0.912773 , 0.714384, 0.000187,0.000919
8 , Q ,0.929519 , 1.115745, 0.001352,0.001673
8 , F ,1.329140 , 1.248080, 0.000035,0.003421
8 , Y ,0.615942 , 0.593454, 0.003621,0.000357
8 , C ,0.576316 , 0.529167, 0.003977,0.000699
8 , N ,0.946454 , 0.910443, 0.000508,0.001079
8 , K ,0.456031 , 0.377624, 0.005789,0.000413
8 , D ,1.137969 , 0.887790, 0.000038,0.000282
9 , E ,0.656738 , 0.954484, 0.013012,0.001692
9 , H ,0.739260 , 0.572772, 0.000669,0.000673
9 , Q ,1.131943 , 1.544573, 0.001382,0.002440
9 , F ,0.907563 , 0.605320, 0.000088,0.000694
9 , Y ,0.664365 , 0.515498, 0.001128,0.000296
9 , C ,0.862080 , 0.688715, 0.000324,0.000631
9 , N ,0.713431 , 0.509415, 0.000564,0.001229
9 , K ,1.033481 , 1.362595, 0.001758,0.002673
9 , D ,0.957397 , 0.629870, 0.000053,0.001057
10 , Q ,-0.393644 , -0.517247, 0.908953,0.012899
10 , F ,0.699584 , 0.245208, 0.000056,0.019359
10 , Y ,-0.391282 , -0.003997, 165.663409,0.025282
10 , C ,0.383799 , 0.272942, 0.012771,0.019602
10 , N ,0.668606 , 0.376244, 0.000554,0.024108
11 , E ,0.542435 , 0.549635, 0.006197,0.000503
11 , H ,0.439787 , 0.546496, 0.018365,0.000317
11 , Q ,1.258560 , 0.942895, 0.000008,0.002642
11 , F ,0.405466 , 0.463841, 0.017611,0.000280
11 , Y ,0.513802 , 0.561828, 0.009530,0.000277
11 , C ,1.351868 , 1.732003, 0.000231,0.004723
11 , N ,0.562663 , 0.628100, 0.007913,0.000145
11 , K ,0.367207 , 0.274090, 0.008116,0.000392
11 , D ,0.578943 , 0.461460, 0.002267,0.000144
12 , E ,0.658336 , 0.566967, 0.001797,0.000294
12 , H ,0.610834 , 0.776151, 0.009943,0.000126
12 , Q ,0.771656 , 0.828451, 0.002400,0.000333
12 , F ,0.676121 , 0.647634, 0.002493,0.000196
12 , Y ,-658.469817 , -534.296292, 0.055866,0.026775
12 , C ,0.469578 , 0.729451, 0.029203,0.000065
12 , N ,0.739806 , 1.002371, 0.007244,0.000122
12 , K ,0.736522 , 0.583567, 0.000732,0.000328
12 , D ,0.828314 , 0.907216, 0.001957,0.000145
13 , E ,-1173.907356 , -1101.211468, 0.104167,0.032248
13 , H ,0.696816 , 0.197479, 0.000025,0.000039
13 , Q ,-1064.172996 , -974.173639, 0.068750,0.034758
13 , F ,0.667209 , 0.203116, 0.000045,0.002149
13 , Y ,1.233918 , 0.329196, 0.000000,0.000527
13 , C ,0.728608 , 0.301844, 0.000055,0.000707
13 , N ,0.517171 , 0.086619, 0.000112,0.000479
13 , K ,-1005.838144 , -908.685973, 0.089552,0.034885
13 , D ,1.382258 , 0.355761, 0.000000,0.000998
14 , E ,-941.320266 , -812.868717, 0.073684,0.030139
14 , H ,0.585949 , 0.197653, 0.000152,0.001118
14 , Q ,-1108.493232 , -1028.047125, 0.093168,0.034628
14 , F ,1.273452 , 0.471768, 0.000000,0.001662
14 , Y ,0.846451 , 0.252275, 0.000004,0.003805
14 , C ,0.720388 , 0.316440, 0.000074,0.001541
14 , N ,1.080186 , 0.156298, 0.000000,0.002406
14 , K ,0.478946 , 0.732404, 0.027520,0.000461
14 , D ,0.981037 , 0.202160, 0.000000,0.000347
15 , E ,0.161927 , 0.301540, 0.116707,0.014723
15 , H ,1.864351 , 0.938830, 0.000000,0.018725
15 , Q ,-2031.608670 , -2189.887511, 0.052632,0.059557
15 , F ,0.653985 , 0.338899, 0.000285,0.004989
15 , Y ,0.421533 , 0.319529, 0.007140,0.010296
15 , C ,0.564705 , 0.382030, 0.001490,0.009253
15 , N ,1.292843 , 0.897172, 0.000005,0.005401
15 , K ,0.357783 , 0.411077, 0.032814,0.003435
15 , D ,-0.193532 , -0.453431, 0.017246,0.016721
16 , E ,-748.781567 , -639.997310, 0.058140,0.026388
16 , H ,1.059535 , 0.482267, 0.000002,0.000299
16 , Q ,-1949.932030 , -2038.747769, 0.108696,0.047246
16 , F ,0.681922 , 0.335684, 0.000163,0.001111
16 , Y ,0.899392 , 0.476963, 0.000027,0.001083
16 , C ,0.704738 , 0.437349, 0.000324,0.000654
16 , N ,0.783283 , 0.374236, 0.000052,0.001498
16 , K ,0.172900 , 0.305935, 0.081075,0.002001
16 , D ,1.161749 , 0.484548, 0.000000,0.002621
17 , E ,0.550272 , 0.866060, 0.023085,0.002016
17 , H ,0.869991 , 0.462377, 0.000036,0.000578
17 , Q ,0.481459 , 0.825125, 0.036084,0.000266
17 , F ,0.977920 , 0.528495, 0.000014,0.000377
17 , Y ,0.784725 , 0.453173, 0.000120,0.000493
17 , C ,0.879193 , 0.585413, 0.000109,0.000470
17 , N ,1.099564 , 0.679648, 0.000011,0.000489
17 , K ,0.446885 , 0.762462, 0.036659,0.002443
17 , D ,1.094346 , 0.582398, 0.000004,0.002250
18 , E ,1.010327 , 0.791651, 0.000099,0.000290
18 , H ,0.988757 , 1.249228, 0.001823,0.000159
18 , Q ,0.991897 , 0.650700, 0.000038,0.000401
18 , F ,1.003316 , 1.100890, 0.000804,0.000545
18 , Y ,0.730809 , 0.959122, 0.006761,0.000328
18 , C ,0.584659 , 0.946711, 0.022577,0.000082
18 , N ,0.813286 , 0.996137, 0.003510,0.000280
18 , K ,0.884802 , 0.614281, 0.000130,0.000104
18 , D ,0.777614 , 0.873204, 0.002926,0.000224
19 , E ,-735.605152 , -639.712224, 0.066007,0.025112
19 , H ,0.599110 , 0.338488, 0.000578,0.000094
19 , Q ,-572.380772 , -532.293324, 0.453968,0.021309
19 , F ,0.704080 , 0.461332, 0.000415,0.000321
19 , Y ,0.748817 , 0.471321, 0.000238,0.000027
19 , C ,0.595839 , 0.194814, 0.000122,0.000233
19 , N ,1.136426 , 0.697261, 0.000005,0.001298
19 , K ,0.358566 , 0.480099, 0.030483,0.000931
19 , D ,0.545198 , 0.242127, 0.000471,0.000109
20 , E ,-1071.338495 , -994.111459, 0.118959,0.034027
20 , H ,0.868962 , 0.466824, 0.000037,0.000125
20 , Q ,-1734.143685 , -1836.339857, 0.281457,0.034437
20 , F ,0.848593 , 0.422951, 0.000032,0.000103
20 , Y ,1.010002 , 0.440439, 0.000003,0.000144
20 , C ,0.713687 , 0.111238, 0.000006,0.000037
20 , N ,0.756498 , 0.309755, 0.000037,0.000213
20 , K ,-2054.968448 , -2142.911560, 0.098266,0.049450
20 , D ,1.024932 , 0.274106, 0.000000,0.000746
21 , E ,-1104.165933 , -1066.542629, 0.264045,0.030725
21 , H ,1.126635 , 0.606299, 0.000003,0.000267
21 , Q ,-1064.959888 , -1156.199792, 0.542725,0.017755
21 , F ,0.501679 , 0.230758, 0.000797,0.000016
21 , Y ,0.796814 , 0.274735, 0.000013,0.000352
21 , C ,0.951275 , 0.520489, 0.000019,0.000117
21 , N ,1.106223 , 0.502685, 0.000001,0.000394
21 , K ,-1935.255660 , -2053.005650, 0.174797,0.046645
21 , D ,0.750454 , 0.219529, 0.000014,0.000397
22 , E ,0.984214 , 0.925031, 0.000356,0.000558
22 , H ,0.611873 , 0.597271, 0.003831,0.000587
22 , Q ,0.571883 , 0.382576, 0.001291,0.000106
22 , F ,0.895396 , 0.843522, 0.000643,0.000086
22 , Y ,0.698632 , 0.741306, 0.003333,0.000384
22 , C ,0.746355 , 1.090007, 0.009283,0.000063
22 , N ,0.698882 , 0.884121, 0.006571,0.000127
22 , K ,0.830658 , 0.679965, 0.000457,0.000034
22 , D ,0.758272 , 0.714721, 0.001438,0.000234
23 , E ,0.419549 , 0.404825, 0.010958,0.000260
23 , H ,0.494380 , 0.637176, 0.016677,0.000606
23 , Q ,0.666804 , 0.451074, 0.000625,0.000952
23 , F ,0.654798 , 0.637381, 0.003024,0.000171
23 , Y ,0.594058 , 0.700931, 0.008412,0.000291
23 , C ,0.465550 , 0.765849, 0.033539,0.000133
23 , N ,0.496679 , 0.694276, 0.019936,0.000151
23 , K ,0.711372 , 0.613385, 0.001299,0.000054
23 , D ,0.532742 , 0.560561, 0.007589,0.000543
24 , E ,0.803477 , 0.783640, 0.001292,0.000857
24 , H ,0.439739 , 0.434063, 0.010308,0.000734
24 , Q ,0.375268 , 0.300460, 0.008867,0.000597
24 , F ,0.595703 , 0.568607, 0.003915,0.000227
24 , Y ,0.533706 , 0.546026, 0.006904,0.000416
24 , C ,0.512222 , 0.649316, 0.014279,0.000828
24 , N ,0.452076 , 0.487080, 0.012120,0.000588
24 , K ,0.544071 , 0.437468, 0.002998,0.000113
24 , D ,0.453688 , 0.384482, 0.006301,0.000218
25 , E ,0.716634 , 0.578042, 0.000902,0.000367
25 , H ,0.384771 , 0.523182, 0.028901,0.000274
25 , Q ,0.455843 , 0.305712, 0.003239,0.000498
25 , F ,0.711589 , 0.684302, 0.002067,0.000224
25 , Y ,0.561959 , 0.601414, 0.007100,0.000285
25 , C ,0.404228 , 0.743805, 0.049965,0.000297
25 , N ,-531.430779 , -439.544861, 0.059028,0.019368
25 , K ,0.756114 , 0.642599, 0.000893,0.000066
25 , D ,0.583392 , 0.544581, 0.003869,0.000436
26 , E ,1.004267 , 0.883175, 0.000215,0.000505
26 , H ,1.575150 , 2.089352, 0.000098,0.005871
26 , Q ,0.779951 , 0.468258, 0.000146,0.000193
26 , F ,0.689354 , 0.740171, 0.003710,0.000094
26 , Y ,0.464711 , 0.707686, 0.028717,0.000157
26 , C ,-807.671902 , -698.117205, 0.069959,0.026532
26 , N ,0.493151 , 0.711847, 0.022402,0.000046
26 , K ,0.591651 , 0.476927, 0.002185,0.000106
26 , D ,1.640762 , 2.277218, 0.000106,0.005345
27 , E ,0.686640 , 0.607128, 0.001641,0.000326
27 , H ,0.609621 , 0.629634, 0.004759,0.000518
27 , Q ,0.509143 , 0.296686, 0.001388,0.000682
27 , F ,0.843421 , 0.819875, 0.001002,0.000304
27 , Y ,0.738581 , 0.738560, 0.002065,0.000799
27 , C ,0.741944 , 0.965690, 0.006008,0.000312
27 , N ,0.289003 , 0.436400, 0.048008,0.000383
27 , K ,0.723584 , 0.584428, 0.000882,0.000091
27 , D ,0.498898 , 0.443308, 0.005529,0.000168
28 , E ,-0.562618 , -0.397941, 14.149017,0.001338
28 , H ,-0.116836 , -0.022305, 0.615757,0.006291
28 , Q ,0.122146 , 0.114744, 0.094977,0.003449
28 , F ,-0.551960 , -0.586621, 3.583535,0.001118
28 , Y ,-0.783558 , -1.097084, 4.640139,0.005309
28 , C ,-0.000000 , -0.000000, 0.250000,0.000000
28 , N ,0.975108 , 1.186123, 0.002288,0.000035
28 , K ,1.313827 , 1.859754, 0.001056,0.025855
28 , D ,0.016370 , -0.064992, 0.138056,0.008160
29 , E ,0.956782 , 0.813929, 0.000235,0.000286
29 , H ,-444.761198 , -347.835617, 0.090535,0.015930
29 , Q ,0.393374 , 0.197340, 0.002856,0.000299
29 , F ,0.600348 , 0.622960, 0.005258,0.000129
29 , Y ,0.429727 , 0.696836, 0.036779,0.000198
29 , C ,-821.764796 , -696.741885, 0.073529,0.027767
29 , N ,0.453479 , 0.692585, 0.028920,0.000359
29 , K ,0.576002 , 0.464166, 0.002438,0.000255
29 , D ,-618.159878 , -524.914987, 0.078689,0.022107
30 , E ,-3541.617161 , -4343.560539, 0.316667,0.049028
30 , H ,0.474784 , 0.013336, 0.000084,0.000096
30 , Q ,-10130.330629 , -15369.920826, 0.468835,0.070747
30 , F ,0.541642 , 0.126872, 0.000126,0.000138
30 , Y ,1.001709 , 0.195151, 0.000000,0.001142
30 , C ,0.362387 , -0.232391, 0.000015,0.000238
30 , N ,0.897676 , 0.184624, 0.000001,0.000400
30 , K ,-1884.622625 , -2023.264215, 0.181287,0.043210
30 , D ,0.680697 , 0.149980, 0.000018,0.000126
31 , E ,-4082.520446 , -5030.781572, 0.259414,0.058268
31 , H ,0.748716 , 0.041194, 0.000001,0.000026
31 , Q ,-1105.757429 , -1222.263607, 0.572500,0.021995
31 , F ,0.578514 , 0.142566, 0.000084,0.000092
31 , Y ,0.692634 , 0.021117, 0.000002,0.000162
31 , C ,0.807667 , -0.130578, 0.000000,0.000070
31 , N ,0.686443 , 0.132626, 0.000012,0.000059
31 , K ,-987.000850 , -918.507112, 0.119318,0.033193
31 , D ,0.943693 , 0.366881, 0.000004,0.000162
32 , E ,-4211.257062 , -5184.128430, 0.242424,0.061059
32 , H ,0.795008 , 0.017722, 0.000000,0.000046
32 , Q ,-1157.677735 , -1275.803175, 0.547945,0.022759
32 , F ,0.693305 , 0.114282, 0.000009,0.000125
32 , Y ,0.637900 , -0.011373, 0.000004,0.000177
32 , C ,0.533199 , -0.246585, 0.000001,0.000071
32 , N ,0.510465 , 0.069731, 0.000101,0.000076
32 , K ,-1135.111802 , -1071.646363, 0.136364,0.034412
32 , D ,0.938234 , 0.373058, 0.000004,0.000325
33 , E ,-1986.496696 , -2134.829617, 0.223529,0.044567
33 , H ,0.772244 , 0.036274, 0.000001,0.000054
33 , Q ,-613.213886 , -613.364916, 0.515464,0.016094
33 , F ,0.561314 , 0.113998, 0.000075,0.000155
33 , Y ,0.626367 , -0.004804, 0.000005,0.000152
33 , C ,0.622885 , -0.234417, 0.000000,0.000081
33 , N ,0.540779 , 0.078474, 0.000066,0.000190
33 , K ,0.194371 , 0.732140, 0.160714,0.000786
33 , D ,0.836671 , 0.312661, 0.000010,0.000202
34 , E ,-2013.162030 , -2169.817053, 0.230392,0.046346
34 , H ,0.674830 , 0.018479, 0.000003,0.000100
34 , Q ,-3089.582291 , -3899.762144, 0.520505,0.032302
34 , F ,0.718158 , 0.155001, 0.000010,0.000151
34 , Y ,0.759112 , 0.055446, 0.000001,0.000111
34 , C ,0.639364 , -0.171495, 0.000000,0.000171
34 , N ,0.761948 , 0.165847, 0.000006,0.000330
34 , K ,-824.661229 , -733.877071, 0.163399,0.032757
34 , D ,0.890819 , 0.315392, 0.000005,0.000340
35 , E ,-1845.713570 , -1985.146993, 0.258706,0.042876
35 , H ,0.654894 , -0.003961, 0.000003,0.000016
35 , Q ,-1199.399988 , -1319.889438, 0.534743,0.023987
35 , F ,0.639585 , 0.149672, 0.000034,0.000237
35 , Y ,0.657567 , 0.043551, 0.000006,0.000125
35 , C ,1.010345 , 0.560433, 0.000005,0.061072
35 , N ,0.742416 , 0.153756, 0.000006,0.000074
35 , K ,-846.682547 , -748.164443, 0.100000,0.028333
35 , D ,0.993293 , 0.390896, 0.000002,0.000222
36 , E ,0.411283 , 0.622014, 0.033395,0.000295
36 , H ,0.780750 , 0.855456, 0.002492,0.000132
36 , Q ,-877.315661 , -756.564447, 0.065534,0.026000
36 , F ,0.745549 , 0.574404, 0.000602,0.000163
36 , Y ,0.775854 , 0.616795, 0.000582,0.000095
36 , C ,1.192054 , 0.691410, 0.000002,0.000965
36 , N ,0.627859 , 0.561784, 0.002572,0.000269
36 , K ,0.461959 , 0.670661, 0.025771,0.000228
36 , D ,0.541914 , 0.568975, 0.007352,0.000239
37 , E ,-1802.239396 , -1921.154897, 0.246753,0.039783
37 , H ,0.752056 , 0.047787, 0.000001,0.000231
37 , Q ,-9204.317545 , -13842.785010, 0.505535,0.054643
37 , F ,0.575210 , 0.071839, 0.000035,0.000092
37 , Y ,0.952520 , 0.121553, 0.000000,0.000244
37 , C ,0.807794 , -0.130074, 0.000000,0.000029
37 , N ,0.607927 , 0.107367, 0.000034,0.002238
37 , K ,-1888.385813 , -1992.995743, 0.161538,0.043831
37 , D ,0.678775 , 0.224987, 0.000047,0.001223
38 , E ,0.576865 , 0.548068, 0.004340,0.000150
38 , H ,0.436155 , 0.559095, 0.020528,0.000290
38 , Q ,0.589128 , 0.546350, 0.003739,0.000226
38 , F ,0.474990 , 0.647122, 0.021249,0.000817
38 , Y ,0.434345 , 0.604949, 0.026054,0.000605
38 , C ,0.546044 , 0.640478, 0.010410,0.000390
38 , N ,0.573489 , 0.751167, 0.012719,0.000106
38 , K ,0.772642 , 0.595804, 0.000506,0.000648
38 , D ,0.426246 , 0.583138, 0.024617,0.000160
39 , E ,0.947317 , 0.833947, 0.000309,0.000513
39 , H ,0.411427 , 0.607398, 0.032340,0.000681
39 , Q ,0.777795 , 0.580982, 0.000424,0.000594
39 , F ,0.604019 , 0.799508, 0.011835,0.000182
39 , Y ,-672.846258 , -558.864034, 0.076923,0.021053
39 , C ,0.508733 , 0.698001, 0.018793,0.000387
39 , N ,0.533847 , 0.850891, 0.025258,0.000205
39 , K ,0.888873 , 0.767435, 0.000407,0.000314
39 , D ,0.510317 , 0.771812, 0.024020,0.000076
40 , E ,-875.913654 , -864.007274, 0.291262,0.030595
40 , H ,1.296872 , 0.167709, 0.000000,0.000234
40 , Q ,-1792.587024 , -1909.951981, 0.230769,0.040824
40 , F ,0.851045 , 0.265979, 0.000005,0.000097
40 , Y ,1.039981 , 0.201379, 0.000000,0.001576
40 , C ,1.068442 , 0.511797, 0.000003,0.000433
40 , N ,0.768972 , 0.167202, 0.000005,0.000374
40 , K ,-1054.984870 , -1014.274259, 0.222222,0.031867
40 , D ,1.249286 , 0.215773, 0.000000,0.000212
41 , E ,0.793921 , 0.329283, 0.000027,0.000122
41 , H ,-825.187109 , -713.341994, 0.065015,0.024171
41 , Q ,0.853996 , 0.336493, 0.000011,0.000339
41 , F ,0.730596 , 0.922460, 0.005745,0.000183
41 , Y ,-832.293610 , -726.043051, 0.105398,0.025824
41 , C ,-827.734330 , -704.964998, 0.070621,0.028362
41 , N ,-780.593719 , -652.186612, 0.062315,0.027455
41 , K ,0.572971 , 0.168500, 0.000130,0.000486
41 , D ,0.725675 , 1.041206, 0.009365,0.000182
42 , E ,0.924439 , 0.273256, 0.000002,0.000410
42 , H ,-1284.866617 , -1203.600517, 0.050595,0.040007
42 , Q ,0.664820 , 0.187933, 0.000037,0.000317
42 , F ,0.668364 , 0.872846, 0.008580,0.000129
42 , Y ,-869.231169 , -765.329281, 0.143646,0.034498
42 , C ,-1282.646490 , -1206.213159, 0.096866,0.038177
42 , N ,-1196.364106 , -1117.506156, 0.107735,0.035284
42 , K ,0.678482 , 0.176103, 0.000026,0.000143
42 , D ,0.846166 , 1.303383, 0.007624,0.000377
43 , E ,1.058454 , 0.322829, 0.000000,0.000843
43 , H ,-1332.442659 , -1259.604874, 0.052941,0.040519
43 , Q ,0.629026 , 0.155830, 0.000044,0.000309
43 , F ,0.707885 , 0.926233, 0.007230,0.000328
43 , Y ,-867.504927 , -763.311619, 0.137097,0.035058
43 , C ,-940.169256 , -828.925181, 0.123919,0.029342
43 , N ,-924.365085 , -814.542273, 0.100279,0.028875
43 , K ,0.645375 , 0.152844, 0.000033,0.000072
43 , D ,0.673277 , 1.079620, 0.016067,0.000668
44 , E ,0.713287 , 0.233932, 0.000031,0.000176
44 , H ,-921.977141 , -800.276408, 0.058104,0.031086
44 , Q ,0.703553 , 0.186474, 0.000019,0.000578
44 , F ,0.618452 , 0.798503, 0.009977,0.000481
44 , Y ,-1864.912837 , -1968.857149, 0.134048,0.044730
44 , C ,-1150.698525 , -1080.091876, 0.112121,0.034852
44 , N ,-903.829559 , -786.526854, 0.091667,0.029677
44 , K ,0.609125 , 0.150152, 0.000057,0.000132
44 , D ,0.567586 , 0.873854, 0.020546,0.000426
45 , E ,0.894269 , 0.367859, 0.000009,0.000266
45 , H ,-755.128413 , -643.278470, 0.060127,0.026800
45 , Q ,0.806642 , 0.342074, 0.000025,0.000471
45 , F ,0.624129 , 0.804544, 0.009856,0.000413
45 , Y ,-965.159906 , -859.673764, 0.093333,0.032619
45 , C ,-1111.490559 , -1013.166229, 0.046584,0.036764
45 , N ,-812.855318 , -693.625256, 0.049689,0.027860
45 , K ,0.626523 , 0.204985, 0.000086,0.000189
45 , D ,0.668506 , 0.989366, 0.013089,0.000107
46 , E ,0.427112 , 0.088996, 0.000497,0.000289
46 , H ,-771.719123 , -675.825897, 0.195382,0.022479
46 , Q ,0.515794 , 0.109147, 0.000155,0.000824
46 , F ,1.668961 , 1.980181, 0.000031,0.003751
46 , Y ,-950.156932 , -918.828300, 0.273214,0.030654
46 , C ,-757.623170 , -652.382914, 0.100604,0.021185
46 , N ,-804.951960 , -703.008007, 0.211974,0.020916
46 , K ,0.500986 , 0.133658, 0.000264,0.000093
46 , D ,0.328855 , 0.602890, 0.061329,0.000754
47 , E ,0.650593 , 0.309917, 0.000200,0.000307
47 , H ,-733.178834 , -606.391119, 0.066667,0.024098
47 , Q ,0.835327 , 0.342459, 0.000016,0.000428
47 , F ,0.693983 , 0.795852, 0.004684,0.000274
47 , Y ,-911.435026 , -801.792554, 0.081886,0.030015
47 , C ,-867.246942 , -742.563851, 0.085044,0.028563
47 , N ,-819.809843 , -699.348652, 0.071875,0.027277
47 , K ,0.691771 , 0.282201, 0.000077,0.000192
47 , D ,0.727875 , 0.979114, 0.007379,0.000866
48 , E ,3.463428 , 3.994100, 0.000000,0.015335
48 , Y ,1.108983 , 0.291453, 0.000000,0.043462
48 , K ,0.821575 , 0.588246, 0.001331,0.018523
48 , D ,-0.204489 , -0.235092, 0.234924,0.005461
49 , E ,0.830674 , 0.570853, 0.000187,0.000609
49 , H ,0.572458 , 0.737464, 0.012300,0.000332
49 , Q ,0.918995 , 0.797149, 0.000347,0.000057
49 , F ,1.075806 , 0.770244, 0.000034,0.000114
49 , Y ,0.529904 , 0.714205, 0.016629,0.000148
49 , C ,0.462184 , 0.720177, 0.029622,0.000285
49 , N ,0.493545 , 0.728138, 0.024117,0.000150
49 , K ,0.785515 , 0.441174, 0.000102,0.000208
49 , D ,0.816985 , 0.930137, 0.002550,0.000505
50 , E ,1.036305 , 0.794618, 0.000073,0.001969
50 , H ,0.548676 , 0.723354, 0.014620,0.001980
50 , Q ,0.847402 , 0.687826, 0.000389,0.000124
50 , F ,0.470633 , 0.598747, 0.017933,0.000308
50 , Y ,0.449816 , 0.733071, 0.036437,0.002017
50 , C ,0.937916 , 1.483589, 0.006020,0.001009
50 , N ,0.519184 , 0.679942, 0.015491,0.001014
50 , K ,0.936476 , 0.781234, 0.000248,0.001384
50 , D ,0.589738 , 0.904300, 0.018987,0.000109
51 , E ,0.724941 , 0.536377, 0.000589,0.000204
51 , H ,0.491695 , 0.611605, 0.015376,0.000150
51 , Q ,0.693319 , 0.587642, 0.001349,0.000043
51 , F ,0.593963 , 0.723706, 0.009366,0.000067
51 , Y ,2.103651 , 3.154890, 0.000038,0.004634
51 , C ,0.502163 , 0.694326, 0.019987,0.000506
51 , N ,1.381231 , 1.549576, 0.000095,0.001323
51 , K ,0.682604 , 0.584183, 0.001525,0.000136
51 , D ,0.597889 , 0.800270, 0.012433,0.000409
52 , E ,0.352790 , 0.411700, 0.028385,0.002799
52 , H ,0.826888 , 0.742404, 0.000777,0.000989
52 , Q ,0.374233 , 0.882226, 0.075126,0.002105
52 , F ,0.306412 , 0.193739, 0.010108,0.002642
52 , Y ,0.104465 , 0.121029, 0.082962,0.011900
52 , C ,0.182480 , 0.179549, 0.073331,0.000098
52 , N ,0.656538 , 0.497313, 0.001020,0.002208
52 , K ,0.232873 , 0.263299, 0.044348,0.008951
52 , D ,0.107223 , 0.055326, 0.062083,0.003053
53 , E ,0.576662 , 0.830686, 0.016833,0.000611
53 , H ,0.855946 , 0.550423, 0.000108,0.000100
53 , Q ,-743.268657 , -616.038031, 0.046332,0.027915
53 , F ,0.522000 , 0.472314, 0.004917,0.000226
53 , Y ,0.793214 , 0.629800, 0.000507,0.000148
53 , C ,0.910976 , 0.916923, 0.000826,0.000033
53 , N ,0.654424 , 0.468408, 0.000842,0.000341
53 , K ,0.577362 , 0.737808, 0.011059,0.000757
53 , D ,0.740922 , 0.435885, 0.000188,0.000141
54 , E ,0.712523 , 1.338839, 0.022686,0.004707
54 , H ,0.404796 , 0.191606, 0.003191,0.015282
54 , Q ,0.672024 , 1.055734, 0.014996,0.000588
54 , F ,1.364221 , 0.688719, 0.000000,0.002492
54 , Y ,0.474388 , 0.232552, 0.001319,0.001843
54 , C ,2.125991 , 1.353631, 0.000000,0.015741
54 , N ,1.408714 , 0.568228, 0.000000,0.001280
54 , K ,-1662.132014 , -1711.312747, 0.052632,0.052285
54 , D ,1.441387 , 0.532374, 0.000000,0.005623
55 , E ,0.497636 , 0.531618, 0.009786,0.000998
55 , H ,1.105643 , 1.091942, 0.000211,0.001267
55 , Q ,0.851481 , 0.877563, 0.001255,0.000907
55 , F ,0.970634 , 0.944219, 0.000487,0.000498
55 , Y ,0.980692 , 0.969558, 0.000499,0.000178
55 , C ,0.653836 , 0.706205, 0.004670,0.000947
55 , N ,0.706107 , 0.667970, 0.001991,0.000173
55 , K ,0.797981 , 0.925571, 0.003013,0.000168
55 , D ,1.302719 , 1.166015, 0.000027,0.001556
56 , E ,0.834721 , 0.574420, 0.000182,0.000043
56 , H ,0.853050 , 0.693345, 0.000377,0.000087
56 , Q ,0.831619 , 0.683062, 0.000466,0.000040
56 , F ,0.450887 , 0.774087, 0.038671,0.000091
56 , Y ,0.744467 , 0.699347, 0.001561,0.000079
56 , C ,0.861697 , 0.791369, 0.000677,0.000090
56 , N ,0.702218 , 0.701494, 0.002570,0.000019
56 , K ,0.699339 , 0.426395, 0.000320,0.000459
56 , D ,1.270390 , 1.144807, 0.000051,0.001884
57 , E ,0.575164 , 0.460636, 0.002395,0.000241
57 , H ,0.601753 , 0.669332, 0.006583,0.000147
57 , Q ,0.806325 , 0.668569, 0.000579,0.000169
57 , F ,0.710583 , 0.589535, 0.001105,0.000213
57 , Y ,0.634126 , 0.735982, 0.006570,0.000103
57 , C ,0.613427 , 0.773692, 0.009592,0.000363
57 , N ,0.580625 , 0.611386, 0.006096,0.000182
57 , K ,1.015121 , 0.827568, 0.000124,0.000434
57 , D ,0.765222 , 0.584391, 0.000513,0.000909
58 , E ,0.443297 , 0.343534, 0.005320,0.000521
58 , H ,0.457159 , 0.506011, 0.013226,0.000388
58 , Q ,0.552036 , 0.440689, 0.002821,0.000303
58 , F ,0.803956 , 0.601416, 0.000344,0.000290
58 , Y ,0.483505 , 0.544618, 0.011974,0.000176
58 , C ,0.544751 , 0.617303, 0.009365,0.000278
58 , N ,0.472717 , 0.413932, 0.006003,0.000704
58 , K ,0.540192 , 0.473689, 0.004159,0.000638
58 , D ,0.685117 , 0.563476, 0.001218,0.000205
59 , E ,0.628358 , 0.469020, 0.001271,0.000218
59 , H ,0.350790 , 0.544153, 0.042716,0.000224
59 , Q ,0.447893 , 0.286826, 0.003079,0.000160
59 , F ,-592.558291 , -504.097445, 0.056034,0.018859
59 , Y ,-578.980800 , -470.767503, 0.063395,0.017882
59 , C ,0.529828 , 0.659159, 0.013399,0.000254
59 , N ,0.361786 , 0.587360, 0.044597,0.000100
59 , K ,0.413262 , 0.178983, 0.001738,0.000240
59 , D ,0.410214 , 0.588664, 0.029798,0.000098
60 , E ,0.577901 , 0.411980, 0.001553,0.000311
60 , H ,1.271749 , 1.644431, 0.000370,0.003479
60 , Q ,0.427679 , 0.295483, 0.004344,0.000296
60 , F ,-582.820128 , -485.806974, 0.055866,0.017040
60 , Y ,-564.126830 , -453.509347, 0.062871,0.020241
60 , C ,0.507351 , 0.622645, 0.013959,0.000079
60 , N ,1.492701 , 1.982311, 0.000158,0.003564
60 , K ,0.542416 , 0.299320, 0.000893,0.000097
60 , D ,0.583218 , 0.825702, 0.015582,0.000061
61 , E ,0.626569 , 0.455556, 0.001157,0.000107
61 , H ,0.450184 , 0.642757, 0.025551,0.000163
61 , Q ,0.515862 , 0.369101, 0.002483,0.000253
61 , F ,0.366257 , 0.555293, 0.038885,0.000120
61 , Y ,0.433403 , 0.690957, 0.035100,0.000131
61 , C ,0.563413 , 0.732313, 0.013023,0.000067
61 , N ,0.422404 , 0.622586, 0.030367,0.000051
61 , K ,0.634904 , 0.358123, 0.000415,0.000081
61 , D ,0.481119 , 0.649276, 0.020021,0.000165
62 , E ,0.632621 , 0.455512, 0.001064,0.000033
62 , H ,0.414312 , 0.601155, 0.030043,0.000172
62 , Q ,0.502671 , 0.355297, 0.002635,0.000182
62 , F ,0.401276 , 0.606282, 0.034432,0.000085
62 , Y ,1.808172 , 2.474661, 0.000049,0.004299
62 , C ,0.566082 , 0.735023, 0.012821,0.000130
62 , N ,0.368648 , 0.552010, 0.037720,0.000177
62 , K ,0.593122 , 0.333620, 0.000600,0.000148
62 , D ,0.506303 , 0.685266, 0.018222,0.000152
63 , E ,0.660141 , 0.473132, 0.000847,0.000068
63 , H ,0.437053 , 0.638875, 0.028275,0.000127
63 , Q ,0.494295 , 0.355012, 0.002938,0.000150
63 , F ,0.381382 , 0.585674, 0.038066,0.000116
63 , Y ,0.374172 , 0.623456, 0.045649,0.000068
63 , C ,0.558053 , 0.712314, 0.012665,0.000081
63 , N ,0.389997 , 0.586225, 0.035390,0.000257
63 , K ,0.614115 , 0.346589, 0.000499,0.000316
63 , D ,0.478151 , 0.657090, 0.021140,0.000046
64 , E ,0.588163 , 0.418960, 0.001424,0.000224
64 , H ,0.410051 , 0.593577, 0.030414,0.000176
64 , Q ,0.554393 , 0.393342, 0.001807,0.000347
64 , F ,0.381131 , 0.591090, 0.038688,0.000135
64 , Y ,1.301089 , 1.918604, 0.000725,0.003154
64 , C ,0.509573 , 0.648412, 0.015402,0.000110
64 , N ,0.377527 , 0.561272, 0.036164,0.000112
64 , K ,0.628422 , 0.355852, 0.000448,0.000167
64 , D ,0.457198 , 0.612569, 0.021617,0.000182
65 , E ,1.436458 , 0.891650, 0.000001,0.015565
65 , H ,0.448830 , 0.649515, 0.026497,0.000191
65 , Q ,0.516492 , 0.367129, 0.002430,0.000374
65 , F ,0.379150 , 0.577165, 0.037465,0.000102
65 , Y ,0.404659 , 0.667542, 0.041008,0.000059
65 , C ,0.516724 , 0.669202, 0.015644,0.000078
65 , N ,0.408003 , 0.603969, 0.032466,0.000280
65 , K ,0.637102 , 0.353186, 0.000382,0.000162
65 , D ,0.487463 , 0.665782, 0.020131,0.000180
66 , E ,0.594962 , 0.428123, 0.001409,0.000146
66 , H ,0.453770 , 0.644511, 0.024959,0.000195
66 , Q ,0.535388 , 0.397644, 0.002420,0.000209
66 , F ,0.349219 , 0.529732, 0.040972,0.000105
66 , Y ,0.436871 , 0.709715, 0.035960,0.000051
66 , C ,0.524685 , 0.678340, 0.015049,0.000139
66 , N ,0.412630 , 0.591969, 0.029671,0.000090
66 , K ,0.695021 , 0.397810, 0.000256,0.000081
66 , D ,0.451053 , 0.607826, 0.022340,0.000050
67 , E ,0.597468 , 0.448833, 0.001629,0.000254
67 , H ,0.452015 , 0.648570, 0.025707,0.000221
67 , Q ,0.501704 , 0.362708, 0.002843,0.000095
67 , F ,0.402389 , 0.597147, 0.032870,0.000043
67 , Y ,0.406338 , 0.674417, 0.041338,0.000041
67 , C ,0.533479 , 0.681231, 0.014032,0.000178
67 , N ,0.467618 , 0.656506, 0.023428,0.000143
67 , K ,0.642210 , 0.367655, 0.000408,0.000250
67 , D ,0.479638 , 0.649872, 0.020295,0.000019
68 , E ,0.649164 , 0.473053, 0.000986,0.000144
68 , H ,0.455161 , 0.642266, 0.024349,0.000320
68 , Q ,0.552396 , 0.394838, 0.001889,0.000207
68 , F ,0.375252 , 0.564249, 0.037010,0.000059
68 , Y ,0.452078 , 0.730621, 0.033879,0.000123
68 , C ,0.594222 , 0.756924, 0.010770,0.000183
68 , N ,0.398694 , 0.588212, 0.033190,0.000156
68 , K ,0.633321 , 0.363397, 0.000447,0.000144
68 , D ,0.474961 , 0.640089, 0.020404,0.000137
69 , E ,0.699209 , 0.513237, 0.000705,0.000088
69 , H ,0.579424 , 0.764734, 0.012648,0.000220
69 , Q ,0.602873 , 0.273377, 0.000278,0.000281
69 , F ,-1549.940197 , -1626.429594, 0.221636,0.036415
69 , Y ,-690.601119 , -574.933775, 0.131579,0.020860
69 , C ,-706.416784 , -581.286921, 0.093484,0.022358
69 , N ,-742.076437 , -632.833842, 0.114286,0.024078
69 , K ,0.871335 , 0.461575, 0.000035,0.000293
69 , D ,-546.013943 , -446.341381, 0.062745,0.023593
70 , E ,-2836.816990 , -3134.978148, 0.208661,0.069631
70 , H ,1.013129 , 0.264627, 0.000000,0.000566
70 , Q ,-739.234452 , -683.253651, 0.259434,0.030330
70 , F ,0.776896 , 0.118758, 0.000002,0.000086
70 , Y ,1.020260 , 0.175644, 0.000000,0.000154
70 , C ,0.798612 , 0.382221, 0.000045,0.000483
70 , N ,0.712980 , 0.229462, 0.000029,0.000405
70 , K ,-879.693719 , -804.179952, 0.186364,0.038682
70 , D ,0.816511 , 0.209946, 0.000004,0.000226
72 , H ,0.734381 , 0.164475, 0.000009,0.000353
72 , Q ,-1968.037106 , -2138.502120, 0.277778,0.045154
72 , F ,0.765988 , 0.125852, 0.000003,0.000081
72 , Y ,0.777443 , 0.137487, 0.000003,0.000234
72 , C ,0.613542 , 0.264446, 0.000211,0.001266
72 , N ,0.741028 , 0.239630, 0.000021,0.000181
72 , K ,-847.049271 , -755.384610, 0.152542,0.031447
72 , D ,0.829893 , 0.238716, 0.000005,0.000068
73 , E ,0.525360 , 0.775580, 0.021339,0.000185
73 , H ,0.548850 , 0.581343, 0.007353,0.000328
73 , Q ,0.716908 , 0.742810, 0.002799,0.000397
73 , F ,0.690047 , 0.570476, 0.001237,0.000453
73 , Y ,0.484947 , 0.638522, 0.018221,0.000340
73 , C ,0.507443 , 0.492897, 0.006866,0.000318
73 , N ,0.620161 , 0.645293, 0.004395,0.002491
73 , K ,0.462167 , 0.452279, 0.009171,0.000505
73 , D ,0.651453 , 0.641463, 0.003225,0.000658
74 , E ,0.428704 , 0.650220, 0.031852,0.000413
74 , H ,1.374336 , 1.402946, 0.000040,0.003686
74 , Q ,0.530009 , 0.551339, 0.007468,0.001305
74 , F ,0.554426 , 0.376070, 0.001571,0.000702
74 , Y ,0.340940 , 0.394301, 0.024105,0.001476
74 , C ,0.422528 , 0.414362, 0.011212,0.000221
74 , N ,0.590640 , 0.579320, 0.004408,0.000673
74 , K ,1.378830 , 1.220310, 0.000011,0.005786
74 , D ,0.494288 , 0.444601, 0.005694,0.000953
75 , E ,-3471.068628 , -4235.477669, 0.248175,0.051201
75 , H ,0.803797 , 0.146105, 0.000002,0.000582
75 , Q ,-3934.127158 , -4828.308512, 0.248731,0.059110
75 , F ,1.030808 , 0.288498, 0.000000,0.000013
75 , Y ,0.636725 , 0.051620, 0.000010,0.000434
75 , C ,0.693997 , 0.090242, 0.000006,0.000627
75 , N ,1.093477 , 0.274931, 0.000000,0.001039
75 , K ,-2256.090616 , -2383.897563, 0.127660,0.050928
75 , D ,1.061153 , 0.252024, 0.000000,0.000374
76 , E ,-2025.859232 , -2166.112745, 0.209677,0.042826
76 , H ,1.108085 , 0.237168, 0.000000,0.000245
76 , Q ,-3714.027886 , -4565.068385, 0.263959,0.054790
76 , F ,0.830197 , 0.239007, 0.000005,0.000265
76 , Y ,1.097122 , 0.220598, 0.000000,0.001258
76 , C ,0.919824 , 0.066574, 0.000000,0.000346
76 , N ,1.151854 , 0.316949, 0.000000,0.000857
76 , K ,-1233.439448 , -1174.838401, 0.123711,0.037730
76 , D ,1.129113 , 0.300488, 0.000000,0.000360
77 , E ,-1957.705403 , -2095.000365, 0.168067,0.048319
77 , H ,0.587667 , 0.107223, 0.000048,0.004153
77 , Q ,0.123445 , 0.823185, 0.242373,0.001241
77 , F ,0.881272 , 0.269218, 0.000003,0.000127
77 , Y ,0.804345 , 0.150265, 0.000002,0.001376
77 , C ,0.387472 , -0.028059, 0.000202,0.000419
77 , N ,1.394670 , 0.504122, 0.000000,0.000441
77 , K ,-1015.966299 , -969.033723, 0.125000,0.035201
77 , D ,1.095531 , 0.292972, 0.000000,0.000079
78 , E ,-3624.457492 , -4479.872016, 0.250000,0.056193
78 , H ,1.018574 , 0.196296, 0.000000,0.000112
78 , Q ,-4138.419038 , -5142.176816, 0.261084,0.062818
78 , F ,0.869879 , 0.265383, 0.000004,0.000138
78 , Y ,1.063542 , 0.180931, 0.000000,0.000631
78 , C ,0.827702 , 0.070314, 0.000000,0.000474
78 , N ,1.217246 , 0.395859, 0.000000,0.002085
78 , K ,-1711.040237 , -1689.695582, 0.115385,0.059213
78 , D ,1.017098 , 0.231852, 0.000000,0.000503
79 , E ,-1909.592249 , -2035.048670, 0.219298,0.041686
79 , H ,0.669682 , 0.148561, 0.000021,0.000550
79 , Q ,-4300.527037 , -5322.730024, 0.256158,0.060658
79 , F ,0.871674 , 0.261840, 0.000003,0.000072
79 , Y ,0.954624 , 0.153204, 0.000000,0.000050
79 , C ,0.666103 , 0.075206, 0.000008,0.000919
79 , N ,1.457995 , 0.431433, 0.000000,0.000710
79 , K ,-2043.236290 , -2190.084953, 0.146667,0.047556
79 , D ,1.128852 , 0.352413, 0.000000,0.000291
80 , E ,-3575.807772 , -4350.946038, 0.201835,0.054625
80 , H ,1.080318 , 0.228855, 0.000000,0.000094
80 , Q ,-3962.759208 , -4924.405346, 0.296089,0.054513
80 , F ,0.727581 , 0.206242, 0.000017,0.000240
80 , Y ,0.862733 , 0.116797, 0.000001,0.000209
80 , C ,0.496918 , 0.019508, 0.000063,0.000275
80 , N ,1.115762 , 0.360350, 0.000000,0.003717
80 , K ,-805.215727 , -731.739620, 0.055556,0.026014
80 , D ,1.082340 , 0.371408, 0.000000,0.000436
81 , E ,-1993.835187 , -2140.369227, 0.231343,0.044094
81 , H ,1.049061 , 0.226688, 0.000000,0.000583
81 , Q ,-3972.012621 , -4879.774887, 0.213954,0.063162
81 , F ,0.677952 , 0.163694, 0.000022,0.000303
81 , Y ,0.909471 , 0.174071, 0.000001,0.000234
81 , C ,0.738348 , 0.086101, 0.000003,0.000387
81 , N ,1.326391 , 0.425690, 0.000000,0.001237
81 , K ,-1312.282111 , -1263.562232, 0.163636,0.036959
81 , D ,1.191563 , 0.302541, 0.000000,0.000323
82 , E ,-1852.558997 , -1974.967640, 0.242647,0.039509
82 , H ,0.859953 , 0.168936, 0.000001,0.000489
82 , Q ,-4173.045371 , -5187.466613, 0.259434,0.061847
82 , F ,0.859366 , 0.221802, 0.000002,0.000044
82 , Y ,0.610822 , 0.056207, 0.000016,0.000440
82 , C ,0.399399 , 0.032056, 0.000380,0.000125
82 , N ,0.943060 , 0.292876, 0.000002,0.000849
82 , K ,-1188.145801 , -1156.399078, 0.156250,0.039128
82 , D ,0.991159 , 0.243310, 0.000000,0.000874
83 , E ,-2010.828161 , -2182.163505, 0.221239,0.050865
83 , H ,0.923423 , 0.173079, 0.000000,0.000454
83 , Q ,-1967.290198 , -2122.522956, 0.250000,0.044871
83 , F ,0.848685 , 0.221278, 0.000003,0.001310
83 , Y ,0.800513 , 0.128701, 0.000002,0.001198
83 , C ,0.571993 , 0.001781, 0.000014,0.000200
83 , N ,1.528903 , 0.506594, 0.000000,0.000295
83 , K ,-1871.003855 , -1934.838029, 0.090000,0.047775
83 , D ,1.117574 , 0.291047, 0.000000,0.002348
84 , E ,-4025.759856 , -4913.185624, 0.200000,0.060032
84 , H ,1.022279 , 0.172227, 0.000000,0.000959
84 , Q ,-4108.607208 , -5087.354105, 0.245192,0.061722
84 , F ,0.977662 , 0.316112, 0.000001,0.000605
84 , Y ,0.927575 , 0.172549, 0.000000,0.001786
84 , C ,0.787827 , 0.080163, 0.000001,0.000481
84 , N ,0.764323 , 0.223033, 0.000011,0.000592
84 , K ,-2926.865841 , -3504.482432, 0.176471,0.056286
84 , D ,1.217046 , 0.363579, 0.000000,0.000449
85 , E ,-953.447931 , -847.524754, 0.242857,0.041071
85 , H ,1.227352 , 0.261528, 0.000000,0.001811
85 , Q ,0.060580 , 0.812929, 0.291713,0.000299
85 , F ,0.790871 , 0.230587, 0.000008,0.000290
85 , Y ,0.867029 , 0.114290, 0.000000,0.000334
85 , C ,0.504236 , -0.068419, 0.000016,0.000021
85 , N ,1.028879 , 0.255812, 0.000000,0.001273
85 , K ,-2900.205496 , -3179.595752, 0.173913,0.063012
85 , D ,0.638639 , 0.179237, 0.000055,0.006918
86 , E ,-3664.520049 , -4467.627419, 0.267717,0.050695
86 , H ,0.897851 , 0.168066, 0.000001,0.000447
86 , Q ,-1238.827884 , -1193.882977, 0.253807,0.044494
86 , F ,0.874144 , 0.223991, 0.000002,0.000872
86 , Y ,0.967483 , 0.204564, 0.000000,0.001678
86 , C ,0.805839 , 0.073708, 0.000001,0.000534
86 , N ,1.299505 , 0.326405, 0.000000,0.003676
86 , K ,-1376.681485 , -1305.026849, 0.159574,0.044505
86 , D ,1.066028 , 0.336293, 0.000000,0.000165
87 , E ,-1698.218146 , -1802.963887, 0.285714,0.034031
87 , H ,1.044339 , 0.174245, 0.000000,0.001105
87 , Q ,-3997.589041 , -4938.368256, 0.242718,0.059399
87 , F ,0.778342 , 0.231094, 0.000010,0.000087
87 , Y ,1.110379 , 0.221670, 0.000000,0.000815
87 , C ,0.777726 , 0.071175, 0.000001,0.000446
87 , N ,0.590981 , 0.152658, 0.000082,0.000044
87 , K ,-1429.045983 , -1360.348930, 0.132075,0.049929
87 , D ,0.911474 , 0.219670, 0.000001,0.000527
88 , E ,-4022.179812 , -4954.016518, 0.236842,0.059377
88 , H ,0.907503 , 0.146866, 0.000000,0.001433
88 , Q ,-4200.788821 , -5198.093587, 0.258883,0.061515
88 , F ,0.622212 , 0.147618, 0.000045,0.000068
88 , Y ,0.808748 , 0.103324, 0.000001,0.001127
88 , C ,0.758291 , 0.102116, 0.000002,0.000739
88 , N ,0.964309 , 0.359604, 0.000003,0.000590
88 , K ,-1078.305042 , -1030.022174, 0.075000,0.039000
88 , D ,0.916415 , 0.294637, 0.000002,0.000104
89 , E ,-3331.493648 , -4020.234844, 0.251852,0.049108
89 , H ,0.916125 , 0.158168, 0.000000,0.000501
89 , Q ,-3751.486282 , -4583.710516, 0.248869,0.054872
89 , F ,0.871235 , 0.270786, 0.000004,0.000322
89 , Y ,0.759324 , 0.141999, 0.000004,0.000812
89 , C ,0.675508 , 0.078843, 0.000007,0.000438
89 , N ,1.134152 , 0.322420, 0.000000,0.002549
89 , K ,-1512.967579 , -1422.600761, 0.115385,0.049022
89 , D ,1.100633 , 0.332553, 0.000000,0.000067
90 , E ,1.019573 , 1.202684, 0.000811,0.002002
90 , H ,0.555749 , 0.584040, 0.006836,0.000091
90 , Q ,0.540342 , 0.617309, 0.009696,0.000367
90 , F ,0.832793 , 0.654831, 0.000371,0.000885
90 , Y ,0.492942 , 0.530869, 0.009935,0.000455
90 , C ,0.875820 , 0.855614, 0.000843,0.000331
90 , N ,0.456221 , 0.404338, 0.007026,0.000566
90 , K ,0.570122 , 0.608640, 0.006695,0.001153
90 , D ,0.551036 , 0.590613, 0.007536,0.000205
91 , E ,-4090.272421 , -5074.017326, 0.192308,0.069218
91 , H ,1.146592 , 0.260466, 0.000000,0.000427
91 , Q ,-1887.543858 , -2029.546636, 0.209581,0.047456
91 , F ,1.258037 , 0.280090, 0.000000,0.001383
91 , Y ,1.184410 , 0.097721, 0.000000,0.001583
91 , C ,1.102537 , 0.148661, 0.000000,0.000024
91 , N ,0.887718 , 0.335732, 0.000006,0.000320
91 , K ,-2589.818998 , -2777.659225, 0.087719,0.070791
91 , D ,0.960858 , 0.241313, 0.000001,0.001886
92 , E ,0.482825 , 0.634693, 0.018673,0.000481
92 , H ,0.611212 , 0.688232, 0.006538,0.000164
92 , Q ,0.884888 , 0.857785, 0.000785,0.000495
92 , F ,0.922275 , 0.798821, 0.000342,0.001557
92 , Y ,0.965835 , 1.013665, 0.000510,0.001707
92 , C ,0.513503 , 0.598187, 0.011419,0.000366
92 , N ,0.559264 , 0.556043, 0.005688,0.000805
92 , K ,0.554850 , 0.574144, 0.006786,0.000452
92 , D ,0.732030 , 0.746291, 0.002402,0.000734
93 , E ,0.883595 , 1.139046, 0.003180,0.001631
93 , H ,0.702109 , 0.684806, 0.002349,0.000348
93 , Q ,0.477388 , 0.517857, 0.011262,0.000416
93 , F ,0.718193 , 0.619494, 0.001263,0.000098
93 , Y ,1.685667 , 1.851224, 0.000015,0.003115
93 , C ,0.724411 , 0.685392, 0.001831,0.000307
93 , N ,0.569121 , 0.554829, 0.004949,0.000840
93 , K ,1.009409 , 0.958343, 0.000323,0.001383
93 , D ,0.674181 , 0.620406, 0.002192,0.000206
94 , E ,-2076.107328 , -2190.142802, 0.082418,0.052824
94 , H ,1.106715 , 0.468361, 0.000001,0.000156
94 , Q ,-772.711072 , -642.654688, 0.054348,0.028336
94 , F ,1.141303 , 0.421947, 0.000000,0.000214
94 , Y ,1.219856 , 0.543606, 0.000000,0.000531
94 , C ,1.260975 , 0.644572, 0.000001,0.000051
94 , N ,0.768649 , 0.397028, 0.000080,0.000912
94 , K ,-843.450281 , -734.328370, 0.047619,0.033459
94 , D ,0.728467 , 0.192495, 0.000014,0.000242
95 , E ,-1726.773515 , -1813.433076, 0.082278,0.042491
95 , H ,0.739476 , 0.363449, 0.000091,0.000197
95 , Q ,-870.998428 , -758.087215, 0.057534,0.028383
95 , F ,0.941705 , 0.386387, 0.000005,0.000355
95 , Y ,0.601119 , 0.317725, 0.000452,0.000906
95 , C ,-1.539740 , -2.026872, 0.000007,0.019802
95 , N ,0.555363 , 0.377727, 0.001521,0.002355
95 , K ,0.406625 , 0.689756, 0.043873,0.000570
95 , D ,0.740079 , 0.376455, 0.000101,0.000318
96 , E ,-1789.670562 , -1890.069109, 0.072993,0.044368
96 , H ,0.680449 , 0.345058, 0.000187,0.000338
96 , Q ,0.479688 , 0.916118, 0.044453,0.000116
96 , F ,1.006660 , 0.447736, 0.000004,0.000090
96 , Y ,0.703072 , 0.412890, 0.000259,0.000500
96 , C ,0.759335 , 0.450865, 0.000167,0.000153
96 , N ,0.466163 , 0.321468, 0.003333,0.000839
96 , K ,0.463291 , 0.730247, 0.031846,0.000642
96 , D ,0.725055 , 0.381352, 0.000134,0.000551
97 , E ,-952.824244 , -859.371543, 0.109489,0.024828
97 , H ,0.649312 , 0.339260, 0.000273,0.000139
97 , Q ,0.468654 , 0.871408, 0.043382,0.000150
97 , F ,0.761286 , 0.335393, 0.000048,0.000482
97 , Y ,0.676719 , 0.429129, 0.000454,0.000194
97 , C ,0.889148 , 0.536118, 0.000056,0.000208
97 , N ,1.262583 , 0.862977, 0.000004,0.001289
97 , K ,0.507814 , 0.842402, 0.030097,0.000411
97 , D ,0.337683 , 0.157658, 0.004261,0.000301
98 , E ,-962.827338 , -894.381508, 0.104839,0.028057
98 , H ,0.710008 , 0.378490, 0.000163,0.000244
98 , Q ,0.496507 , 0.885799, 0.036540,0.000432
98 , F ,0.854742 , 0.397563, 0.000022,0.000497
98 , Y ,0.749658 , 0.479380, 0.000254,0.000178
98 , C ,0.943431 , 0.568083, 0.000035,0.000098
98 , N ,-1.070516 , -1.555624, 0.000008,0.016899
98 , K ,0.418083 , 0.695688, 0.039631,0.000446
98 , D ,0.389558 , 0.199305, 0.003045,0.000362
99 , E ,-3828.883822 , -4630.497546, 0.166667,0.067570
99 , H ,0.980112 , 0.194545, 0.000000,0.000184
99 , Q ,-1973.134263 , -2135.284036, 0.207865,0.051453
99 , F ,1.238082 , 0.431684, 0.000000,0.002145
99 , Y ,0.923542 , 0.124381, 0.000000,0.000285
99 , C ,0.890747 , 0.063841, 0.000000,0.000152
99 , N ,1.461222 , 0.496346, 0.000000,0.003829
99 , K ,-2380.112283 , -2576.771830, 0.061225,0.065806
99 , D ,0.980608 , 0.310617, 0.000001,0.000421
100 , E ,-3780.953054 , -4587.602387, 0.180952,0.062464
100 , H ,0.946075 , 0.214839, 0.000001,0.000174
100 , Q ,-4444.506194 , -5507.176374, 0.214612,0.069279
100 , F ,1.134941 , 0.374678, 0.000000,0.000188
100 , Y ,1.006672 , 0.202224, 0.000000,0.000160
100 , C ,0.451805 , 0.081977, 0.000304,0.000834
100 , N ,1.226308 , 0.380474, 0.000000,0.000776
100 , K ,-5112.079013 , -6338.900845, 0.106383,0.078467
100 , D ,0.867795 , 0.319907, 0.000007,0.000571
101 , E ,-4892.632067 , -5987.965715, 0.120370,0.080618
101 , H ,0.835339 , 0.214720, 0.000003,0.000779
101 , Q ,-2925.967718 , -3249.383098, 0.214286,0.068842
101 , F ,0.804336 , 0.199228, 0.000004,0.001520
101 , Y ,1.098008 , 0.297287, 0.000000,0.000540
101 , C ,0.905517 , 0.429379, 0.000015,0.000163
101 , N ,1.523885 , 0.789080, 0.000000,0.000635
101 , K ,-4111.066218 , -4984.628134, 0.090909,0.070083
101 , D ,0.715168 , 0.266851, 0.000045,0.000543
102 , E ,-5192.213000 , -7128.353093, 0.137931,0.105232
102 , H ,0.837231 , 0.170029, 0.000002,0.001508
102 , Q ,-10908.422666 , -16444.861003, 0.370370,0.078532
102 , F ,0.590859 , 0.109311, 0.000047,0.003511
102 , Y ,2.011917 , 0.582999, 0.000000,0.000055
102 , C ,0.808616 , 0.298923, 0.000015,0.001223
102 , N ,0.284468 , 0.123726, 0.008391,0.014348
102 , K ,-18617.545649 , -31756.841008, 0.100000,0.290000
102 , D ,0.924203 , 0.329698, 0.000003,0.001972
103 , E ,1.455492 , 1.545364, 0.000028,0.007363
103 , H ,1.720629 , 2.357247, 0.000072,0.002825
103 , Q ,0.276433 , 0.329036, 0.033810,0.000482
103 , F ,0.378277 , 0.242822, 0.005345,0.000543
103 , Y ,0.241966 , 0.298895, 0.039441,0.000886
103 , C ,1.466642 , 1.198984, 0.000003,0.004225
103 , N ,0.318201 , 0.350749, 0.023409,0.001489
103 , K ,0.491340 , 0.480387, 0.007086,0.000768
103 , D ,1.224871 , 0.694024, 0.000001,0.006676
104 , E ,0.178621 , 0.311533, 0.075167,0.001502
104 , H ,1.774151 , 2.436964, 0.000056,0.003020
104 , Q ,1.380665 , 1.335060, 0.000023,0.003938
104 , F ,0.377695 , 0.236044, 0.005055,0.000217
104 , Y ,1.596641 , 2.197151, 0.000130,0.002708
104 , C ,0.197210 , 0.219576, 0.041130,0.000221
104 , N ,0.312736 , 0.312797, 0.020049,0.001277
104 , K ,1.467307 , 1.365142, 0.000011,0.003259
104 , D ,1.147925 , 0.527488, 0.000000,0.005866
105 , E ,0.133171 , 0.222029, 0.079186,0.000821
105 , H ,1.906458 , 2.590695, 0.000030,0.002828
105 , Q ,1.093717 , 1.053680, 0.000147,0.002837
105 , F ,0.388030 , 0.263530, 0.005625,0.000428
105 , Y ,0.372866 , 0.507043, 0.027970,0.000950
105 , C ,0.222318 , 0.228263, 0.033052,0.000280
105 , N ,0.302387 , 0.310697, 0.022242,0.001442
105 , K ,0.362434 , 0.374438, 0.017129,0.000780
105 , D ,0.211225 , 0.209867, 0.033313,0.000566
106 , E ,0.153369 , 0.285198, 0.084891,0.000560
106 , H ,0.332114 , 0.405611, 0.027049,0.001270
106 , Q ,0.264835 , 0.308589, 0.034097,0.000218
106 , F ,0.404015 , 0.268044, 0.004711,0.000288
106 , Y ,0.231807 , 0.286243, 0.040572,0.001170
106 , C ,0.173018 , 0.207876, 0.049471,0.000275
106 , N ,0.718227 , 0.745029, 0.001768,0.003291
106 , K ,0.473679 , 0.503926, 0.010631,0.001152
106 , D ,1.142602 , 0.520831, 0.000001,0.006332
107 , E ,-4631.184165 , -5705.773352, 0.112903,0.082813
107 , H ,0.891588 , 0.232869, 0.000002,0.000216
107 , Q ,-1186.894782 , -1147.619424, 0.276753,0.042994
107 , F ,0.604032 , 0.088126, 0.000028,0.000583
107 , Y ,0.462452 , 0.061478, 0.000200,0.001065
107 , C ,0.887086 , 0.260512, 0.000002,0.000994
107 , N ,1.074653 , 0.464558, 0.000001,0.002728
107 , K ,-1369.768169 , -1278.346381, 0.058140,0.051345
107 , D ,0.888483 , 0.275582, 0.000003,0.000362
108 , E ,-4521.936291 , -5579.916321, 0.155172,0.078082
108 , H ,0.827816 , 0.233960, 0.000005,0.000289
108 , Q ,-1697.932374 , -1849.570675, 0.316062,0.041746
108 , F ,0.607221 , 0.083613, 0.000025,0.000984
108 , Y ,0.628116 , 0.071285, 0.000015,0.001887
108 , C ,0.747442 , 0.214481, 0.000014,0.001883
108 , N ,0.839953 , 0.313367, 0.000011,0.001926
108 , K ,-1401.722429 , -1341.358134, 0.069767,0.055706
108 , D ,1.161717 , 0.314864, 0.000000,0.000511
109 , E ,-4584.630596 , -5677.895672, 0.158730,0.080667
109 , H ,0.763224 , 0.200558, 0.000009,0.000381
109 , Q ,-1702.229073 , -1854.102308, 0.322115,0.040941
109 , F ,0.652918 , 0.096642, 0.000014,0.000373
109 , Y ,0.742400 , 0.093578, 0.000003,0.001738
109 , C ,0.852955 , 0.239668, 0.000003,0.001784
109 , N ,1.003376 , 0.384473, 0.000002,0.001968
109 , K ,-1410.765358 , -1352.187114, 0.066667,0.057284
109 , D ,1.228541 , 0.372590, 0.000000,0.000346
110 , E ,-4682.680969 , -5818.922305, 0.154930,0.076638
110 , H ,0.634888 , 0.133541, 0.000030,0.000470
110 , Q ,-559.318307 , -512.192588, 0.346939,0.022223
110 , F ,0.688473 , 0.128499, 0.000012,0.000149
110 , Y ,0.734309 , 0.134420, 0.000006,0.000165
110 , C ,0.797581 , 0.246245, 0.000009,0.000611
110 , N ,1.266890 , 0.584762, 0.000000,0.000783
110 , K ,-670.368945 , -622.457361, 0.190476,0.024619
110 , D ,0.715690 , 0.183866, 0.000015,0.000483
111 , E ,0.644561 , 0.689491, 0.004671,0.000109
111 , H ,0.998669 , 0.906397, 0.000269,0.000196
111 , Q ,0.538798 , 0.583351, 0.008178,0.000133
111 , F ,1.111577 , 0.710057, 0.000012,0.000194
111 , Y ,0.748939 , 0.754974, 0.002105,0.000219
111 , C ,0.754665 , 0.675963, 0.001176,0.000273
111 , N ,0.829659 , 0.650308, 0.000371,0.000145
111 , K ,0.799452 , 0.772986, 0.001291,0.000058
111 , D ,0.764079 , 0.704392, 0.001270,0.000157
112 , E ,1.696275 , 2.292378, 0.000085,0.002540
112 , H ,0.493366 , 0.320195, 0.002200,0.000246
112 , Q ,-815.691693 , -720.731252, 0.133333,0.022687
112 , F ,0.667898 , 0.683862, 0.003442,0.000114
112 , Y ,0.815843 , 0.556756, 0.000196,0.000183
112 , C ,0.700991 , 0.298348, 0.000080,0.000412
112 , N ,0.688139 , 0.469554, 0.000545,0.000176
112 , K ,0.579652 , 0.855281, 0.017312,0.000235
112 , D ,0.866784 , 0.366891, 0.000013,0.000238
113 , E ,-1052.871019 , -1029.732622, 0.268116,0.035591
113 , H ,0.854016 , 0.453366, 0.000041,0.000067
113 , Q ,-1160.739116 , -1118.913104, 0.185990,0.033437
113 , F ,0.582614 , 0.145515, 0.000079,0.000238
113 , Y ,1.006361 , 0.396484, 0.000002,0.000150
113 , C ,1.220213 , 0.554443, 0.000000,0.000146
113 , N ,1.148643 , 0.265477, 0.000000,0.000229
113 , K ,-3286.037219 , -4095.750209, 0.360215,0.046778
113 , D ,0.826754 , 0.309874, 0.000012,0.000109
114 , E ,-725.111901 , -607.612067, 0.078219,0.022557
114 , H ,0.680740 , 0.483325, 0.000698,0.000098
114 , Q ,-845.299300 , -742.903420, 0.137530,0.024635
114 , F ,0.776882 , 0.376604, 0.000059,0.000078
114 , Y ,0.721310 , 0.431401, 0.000242,0.000014
114 , C ,0.687861 , 0.501945, 0.000739,0.000076
114 , N ,0.646346 , 0.438322, 0.000761,0.000130
114 , K ,-730.602223 , -612.355407, 0.086514,0.022503
114 , D ,0.497293 , 0.390295, 0.003755,0.000074
115 , E ,0.523617 , 0.231411, 0.000584,0.000244
115 , H ,-1183.047999 , -1125.043987, 0.151762,0.034405
115 , Q ,0.561506 , 0.274091, 0.000517,0.000170
115 , F ,0.736537 , 0.829235, 0.003574,0.000117
115 , Y ,-1086.607292 , -1010.224222, 0.062622,0.034477
115 , C ,-805.849702 , -711.340513, 0.081395,0.026370
115 , N ,-1757.568457 , -1875.040844, 0.202439,0.043871
115 , K ,0.612529 , 0.163699, 0.000065,0.000254
115 , D ,0.506268 , 0.860020, 0.032571,0.000339
116 , E ,1.015141 , 0.546628, 0.000010,0.000079
116 , H ,-921.036174 , -816.065797, 0.088306,0.028834
116 , Q ,0.980394 , 0.669704, 0.000053,0.000095
116 , F ,0.893496 , 0.827210, 0.000585,0.000098
116 , Y ,-1865.110081 , -1976.403073, 0.192308,0.045171
116 , C ,-1112.452588 , -1073.053683, 0.239521,0.032588
116 , N ,-819.280151 , -741.436860, 0.251691,0.031517
116 , K ,0.560391 , 0.118024, 0.000084,0.000301
116 , D ,-1865.457148 , -1974.052572, 0.170213,0.045729
117 , E ,1.034607 , 0.561654, 0.000008,0.000152
117 , H ,-837.650062 , -717.675760, 0.112080,0.021348
117 , Q ,0.818824 , 0.556255, 0.000192,0.000067
117 , F ,0.629754 , 0.626503, 0.003817,0.000151
117 , Y ,-1041.808387 , -994.143163, 0.189809,0.031129
117 , C ,-863.190051 , -779.365656, 0.198529,0.030163
117 , N ,0.099970 , 0.685252, 0.235072,0.000069
117 , K ,0.560542 , 0.070281, 0.000045,0.000262
117 , D ,-1191.627810 , -1140.007292, 0.185784,0.035074
118 , E ,-1258.393881 , -1181.172330, 0.086957,0.037535
118 , H ,0.832230 , 0.232662, 0.000004,0.000052
118 , Q ,-878.481467 , -775.867554, 0.062458,0.028496
118 , F ,0.786963 , 0.391280, 0.000060,0.000044
118 , Y ,0.859004 , 0.387320, 0.000019,0.000069
118 , C ,0.710819 , 0.436075, 0.000293,0.000117
118 , N ,0.777459 , 0.454250, 0.000133,0.000074
118 , K ,-851.503621 , -729.390466, 0.073022,0.028907
118 , D ,0.814774 , 0.370792, 0.000031,0.000093
119 , E ,0.764017 , 0.020755, 0.000001,0.001862
119 , H ,-566.917119 , -502.300830, 0.225080,0.013659
119 , Q ,0.649017 , -0.060255, 0.000001,0.001597
119 , F ,-594.889581 , -537.226956, 0.070326,0.011588
119 , Y ,-597.335679 , -532.900646, 0.250000,0.014036
119 , C ,-716.187763 , -632.542554, 0.151365,0.023942
119 , N ,-557.096493 , -500.463954, 0.240642,0.012076
119 , K ,0.185389 , -0.101053, 0.002035,0.000053
119 , D ,-487.652335 , -406.437036, 0.109181,0.014752
120 , E ,0.804453 , 1.085545, 0.005540,0.000247
120 , H ,0.942439 , 0.484046, 0.000015,0.000171
120 , Q ,0.500426 , 0.879235, 0.035362,0.000162
120 , F ,0.765195 , 0.620781, 0.000672,0.000159
120 , Y ,1.031060 , 0.708955, 0.000037,0.000115
120 , C ,0.789723 , 0.882535, 0.002648,0.000044
120 , N ,0.850671 , 0.502286, 0.000071,0.000111
120 , K ,0.578187 , 0.672165, 0.008584,0.000249
120 , D ,0.901413 , 0.443293, 0.000018,0.000020
122 , H ,0.612780 , 0.746531, 0.008455,0.000171
122 , Q ,0.602284 , 0.494977, 0.002169,0.000111
122 , F ,0.476324 , 0.646527, 0.020337,0.000121
122 , Y ,0.363372 , 0.560506, 0.040221,0.000076
122 , C ,0.429430 , 0.684511, 0.035449,0.000244
122 , N ,0.544216 , 0.662647, 0.011470,0.000100
122 , K ,0.607656 , 0.412144, 0.001019,0.000118
122 , D ,0.499747 , 0.632569, 0.015531,0.000142
123 , E ,0.938180 , 0.096897, 0.000000,0.000702
123 , H ,-734.279785 , -616.979605, 0.058275,0.020141
123 , Q ,0.610474 , 0.096965, 0.000028,0.000485
123 , F ,0.848499 , 0.663388, 0.000320,0.000374
123 , Y ,-1085.156197 , -1023.962532, 0.162844,0.033397
123 , C ,-1225.200172 , -1157.278437, 0.110714,0.038727
123 , N ,-1701.283536 , -1812.465337, 0.228261,0.042206
123 , K ,1.008018 , -0.113750, 0.000000,0.000032
123 , D ,0.531271 , 0.962694, 0.034212,0.000248
124 , E ,0.309904 , 0.604217, 0.069498,0.001481
124 , H ,0.522085 , 0.470062, 0.004893,0.000331
124 , Q ,0.264189 , 0.394811, 0.052060,0.000811
124 , F ,0.533008 , 0.370483, 0.001950,0.001192
124 , Y ,1.244293 , 1.075046, 0.000028,0.001773
124 , C ,0.980061 , 0.615044, 0.000026,0.001630
124 , N ,0.819429 , 0.687719, 0.000498,0.001347
124 , K ,0.360726 , 0.471185, 0.028980,0.000439
124 , D ,0.398552 , 0.189768, 0.002428,0.000525
125 , E ,0.418215 , 0.542229, 0.023806,0.000169
125 , H ,0.781381 , 0.633449, 0.000607,0.000147
125 , Q ,0.559374 , 0.720424, 0.012992,0.000288
125 , F ,0.922462 , 0.646617, 0.000097,0.000813
125 , Y ,0.689025 , 0.577544, 0.001287,0.000407
125 , C ,0.929492 , 0.726225, 0.000176,0.000113
125 , N ,0.670319 , 0.559069, 0.001465,0.000224
125 , K ,1.044918 , 0.872494, 0.000078,0.004695
125 , D ,0.780192 , 0.597255, 0.000466,0.000154
126 , E ,0.968892 , 0.885556, 0.000252,0.002528
126 , H ,-591.506754 , -501.131533, 0.081395,0.016977
126 , Q ,0.371333 , 0.320829, 0.010832,0.000498
126 , F ,1.470183 , 1.572391, 0.000033,0.002777
126 , Y ,0.243501 , 0.379535, 0.056489,0.000416
126 , C ,0.321371 , 0.415742, 0.032518,0.000563
126 , N ,0.296677 , 0.415130, 0.041333,0.000651
126 , K ,0.293315 , 0.251041, 0.016907,0.000362
126 , D ,0.314441 , 0.341686, 0.024343,0.000677
127 , E ,0.555055 , 0.825196, 0.019196,0.001166
127 , H ,0.569517 , 0.527576, 0.004037,0.000531
127 , Q ,1.280001 , 1.558238, 0.000283,0.001698
127 , F ,0.871249 , 0.591472, 0.000129,0.000189
127 , Y ,0.759602 , 0.665399, 0.001069,0.001956
127 , C ,0.579995 , 0.353707, 0.000868,0.000918
127 , N ,0.775572 , 0.605561, 0.000529,0.000857
127 , K ,0.674534 , 0.823049, 0.006678,0.002106
127 , D ,0.568975 , 0.401427, 0.001625,0.000145
128 , E ,0.831705 , 0.773494, 0.000878,0.000635
128 , H ,0.550036 , 0.761878, 0.016470,0.000064
128 , Q ,0.731650 , 0.537205, 0.000549,0.000054
128 , F ,0.697253 , 0.921403, 0.007874,0.000172
128 , Y ,2.509100 , 4.212660, 0.000021,0.006382
128 , C ,0.615965 , 0.834871, 0.012149,0.000104
128 , N ,0.499879 , 0.749508, 0.024263,0.000525
128 , K ,0.700928 , 0.588157, 0.001221,0.000159
128 , D ,0.326479 , 0.546466, 0.052235,0.000579
129 , E ,0.731866 , 0.648565, 0.001286,0.000412
129 , H ,0.543822 , 0.733034, 0.015762,0.000182
129 , Q ,-0.371520 , -1.051986, 0.000006,0.019261
129 , F ,1.583999 , 2.038517, 0.000104,0.001528
129 , Y ,0.321245 , 0.587495, 0.061375,0.000285
129 , C ,0.559505 , 0.724005, 0.013243,0.000290
129 , N ,0.426823 , 0.705697, 0.038129,0.000191
129 , K ,0.786533 , 0.692261, 0.000879,0.000147
129 , D ,0.386501 , 0.668994, 0.046895,0.000530
130 , E ,1.119715 , 1.004762, 0.000102,0.001309
130 , H ,0.575404 , 0.780980, 0.014184,0.000266
130 , Q ,0.869400 , 0.607898, 0.000143,0.000480
130 , F ,0.795903 , 1.048868, 0.005142,0.000308
130 , Y ,-628.020393 , -516.350158, 0.063889,0.018192
130 , C ,0.677260 , 0.919994, 0.009521,0.000512
130 , N ,0.437557 , 0.694387, 0.033992,0.000022
130 , K ,0.880067 , 0.760305, 0.000435,0.000072
130 , D ,0.400703 , 0.638763, 0.038879,0.000671
131 , E ,0.831972 , 0.763927, 0.000818,0.000596
131 , H ,0.693593 , 0.932781, 0.008454,0.000115
131 , Q ,0.720316 , 0.533276, 0.000625,0.000137
131 , F ,0.744520 , 0.946896, 0.005623,0.000865
131 , Y ,0.338964 , 0.626944, 0.059197,0.000085
131 , C ,0.587947 , 0.805057, 0.013940,0.000634
131 , N ,0.478171 , 0.735938, 0.027719,0.000081
131 , K ,0.906113 , 0.804741, 0.000425,0.000456
131 , D ,0.394144 , 0.621329, 0.038554,0.000506
132 , E ,0.989537 , 0.895461, 0.000278,0.000740
132 , H ,0.695102 , 0.927347, 0.008204,0.000121
132 , Q ,0.774818 , 0.544700, 0.000321,0.000185
132 , F ,0.726695 , 0.969774, 0.007244,0.000316
132 , Y ,-619.992167 , -503.482103, 0.060345,0.016442
132 , C ,0.589600 , 0.775204, 0.012229,0.000207
132 , N ,0.464588 , 0.749000, 0.032366,0.000292
132 , K ,0.945363 , 0.822755, 0.000295,0.000257
132 , D ,0.426314 , 0.648218, 0.032494,0.000401
133 , E ,1.001760 , 0.903402, 0.000249,0.000243
133 , H ,0.607554 , 0.811713, 0.011910,0.000371
133 , Q ,1.130821 , 0.762976, 0.000013,0.000341
133 , F ,0.772499 , 0.990242, 0.005136,0.000442
133 , Y ,0.393261 , 0.709883, 0.049659,0.000202
133 , C ,0.582458 , 0.772160, 0.013020,0.000409
133 , N ,0.523993 , 0.816297, 0.024559,0.000044
133 , K ,0.699797 , 0.615041, 0.001515,0.000150
133 , D ,0.420140 , 0.670963, 0.036356,0.000215
134 , E ,0.858871 , 0.770621, 0.000613,0.000275
134 , H ,0.663667 , 0.887195, 0.009309,0.000174
134 , Q ,0.957486 , 0.673404, 0.000077,0.000213
134 , F ,0.671132 , 0.882472, 0.008731,0.000307
134 , Y ,0.335911 , 0.618226, 0.059557,0.000098
134 , C ,0.574830 , 0.774899, 0.013932,0.000197
134 , N ,0.423266 , 0.672757, 0.035862,0.000170
134 , K ,0.861211 , 0.751928, 0.000519,0.000835
134 , D ,0.410048 , 0.678277, 0.040525,0.000225
135 , E ,1.033890 , 0.899607, 0.000163,0.000620
135 , H ,0.570666 , 0.766295, 0.013935,0.000378
135 , Q ,0.814667 , 0.604620, 0.000312,0.000103
135 , F ,0.809987 , 1.075048, 0.004987,0.000308
135 , Y ,-588.257209 , -478.601864, 0.057637,0.016367
135 , C ,0.566898 , 0.772036, 0.014799,0.000262
135 , N ,0.469387 , 0.740067, 0.030035,0.000102
135 , K ,0.701852 , 0.623239, 0.001546,0.000225
135 , D ,0.449320 , 0.718141, 0.033452,0.001242
136 , E ,0.821835 , 0.759661, 0.000908,0.000502
136 , H ,0.629111 , 0.853019, 0.011343,0.000183
136 , Q ,0.877105 , 0.616579, 0.000145,0.000345
136 , F ,0.770925 , 1.031462, 0.006149,0.000743
136 , Y ,-569.270081 , -459.236458, 0.059621,0.015713
136 , C ,0.608527 , 0.800633, 0.011342,0.000409
136 , N ,1.881868 , 2.698293, 0.000048,0.004652
136 , K ,0.853845 , 0.757002, 0.000597,0.000251
136 , D ,0.448873 , 0.697996, 0.031606,0.000477
137 , E ,0.833763 , 0.770985, 0.000839,0.000523
137 , H ,0.531563 , 0.704649, 0.015739,0.000237
137 , Q ,0.981757 , 0.697361, 0.000062,0.000526
137 , F ,0.799828 , 1.047597, 0.004963,0.000929
137 , Y ,2.153716 , 3.326438, 0.000027,0.006960
137 , C ,0.632286 , 0.877518, 0.012056,0.000129
137 , N ,0.445351 , 0.676509, 0.030102,0.000073
137 , K ,0.766212 , 0.663947, 0.000943,0.000504
137 , D ,0.358029 , 0.551292, 0.041978,0.000731
138 , E ,-0.187094 , -0.666721, 0.000012,0.015670
138 , H ,0.675286 , 0.726996, 0.004056,0.000035
138 , Q ,0.588200 , 0.440225, 0.001690,0.000109
138 , F ,1.041393 , 0.616036, 0.000013,0.000611
138 , Y ,0.532684 , 0.693123, 0.014676,0.000058
138 , C ,0.572551 , 0.656833, 0.008484,0.000062
138 , N ,0.562114 , 0.545398, 0.005037,0.000266
138 , K ,0.739824 , 0.599263, 0.000797,0.000300
138 , D ,0.580106 , 0.566574, 0.004664,0.000062
139 , E ,0.574610 , 0.458864, 0.002360,0.000420
139 , H ,0.619157 , 0.714006, 0.006907,0.000058
139 , Q ,0.677570 , 0.561256, 0.001364,0.000108
139 , F ,0.643745 , 0.383004, 0.000468,0.000212
139 , Y ,0.405620 , 0.548497, 0.026403,0.000307
139 , C ,0.575077 , 0.644189, 0.007711,0.000057
139 , N ,0.776610 , 0.725182, 0.001229,0.000104
139 , K ,0.778275 , 0.704517, 0.001047,0.000251
139 , D ,0.637743 , 0.621025, 0.003316,0.000241
140 , E ,0.546521 , 0.388643, 0.001937,0.000170
140 , H ,0.541184 , 0.605151, 0.009000,0.000137
140 , Q ,0.673413 , 0.536714, 0.001185,0.000080
140 , F ,0.739761 , 0.459852, 0.000237,0.000272
140 , Y ,0.422319 , 0.594282, 0.026936,0.000163
140 , C ,0.480493 , 0.545661, 0.012453,0.000055
140 , N ,0.687635 , 0.642367, 0.002108,0.000118
140 , K ,0.876965 , 0.755875, 0.000439,0.000446
140 , D ,0.524518 , 0.524104, 0.006813,0.000106
141 , E ,0.538055 , 0.355454, 0.001615,0.000456
141 , H ,0.523150 , 0.529266, 0.007168,0.000105
141 , Q ,0.542070 , 0.425677, 0.002762,0.000323
141 , F ,0.919082 , 0.536157, 0.000035,0.000233
141 , Y ,0.359251 , 0.517715, 0.035665,0.000233
141 , C ,0.425117 , 0.474358, 0.015353,0.000332
141 , N ,0.712059 , 0.672829, 0.001870,0.000239
141 , K ,0.650079 , 0.562067, 0.001947,0.000200
141 , D ,0.467666 , 0.469084, 0.009295,0.000117
142 , E ,0.578843 , 0.325396, 0.000697,0.000251
142 , H ,0.387326 , 0.506554, 0.026453,0.000506
142 , Q ,0.575077 , 0.347493, 0.000896,0.000101
142 , F ,-1.405778 , -1.865294, 0.000008,0.019773
142 , Y ,-547.782911 , -452.837941, 0.064706,0.016287
142 , C ,0.654564 , 0.777635, 0.006366,0.000354
142 , N ,1.226820 , 1.505582, 0.000304,0.003391
142 , K ,0.574582 , 0.363259, 0.001045,0.000185
142 , D ,0.439566 , 0.533322, 0.017760,0.000293
143 , E ,0.834508 , 0.222298, 0.000004,0.000091
143 , H ,-708.659165 , -583.868300, 0.052948,0.023495
143 , Q ,0.745159 , 0.279625, 0.000032,0.000080
143 , F ,-969.531127 , -853.876776, 0.048565,0.031797
143 , Y ,0.498505 , 0.859816, 0.034120,0.000079
143 , C ,0.618470 , 0.946717, 0.017168,0.000062
143 , N ,-732.271115 , -608.944071, 0.049603,0.020961
143 , K ,0.928121 , 0.320743, 0.000003,0.000010
143 , D ,0.424219 , 0.822250, 0.052742,0.000221
