1 , E ,-5.582648 , -6.251446, 0.000032,0.045265
1 , H ,-3590.376423 , -3097.554275, 0.257066,0.034271
1 , Q ,0.583785 , 0.169466, 0.000841,0.000211
1 , F ,-3760.039540 , -3217.069444, 0.184524,0.038378
1 , Y ,-4886.807970 , -4528.876817, 0.252089,0.048135
1 , C ,-3665.462036 , -3123.186921, 0.232372,0.036086
1 , N ,-4602.534794 , -4248.473072, 0.255348,0.044074
1 , K ,-9.348237 , -10.045635, 0.000048,0.038064
1 , D ,-3088.990769 , -2526.570850, 0.144374,0.032309
2 , E ,0.767390 , 1.047454, 0.014035,0.000481
2 , H ,1.147814 , 0.820350, 0.000190,0.000247
2 , Q ,0.697562 , 1.033928, 0.021954,0.000210
2 , F ,1.019665 , 0.832651, 0.000741,0.000023
2 , Y ,1.017554 , 0.863310, 0.000894,0.000260
2 , C ,1.059594 , 0.881611, 0.000652,0.000335
2 , N ,0.985576 , 0.632477, 0.000322,0.000314
2 , K ,0.751715 , 1.045527, 0.015600,0.000161
2 , D ,1.094492 , 0.742906, 0.000204,0.000260
3 , E ,0.442257 , 0.196104, 0.005006,0.000463
3 , H ,-3232.995249 , -2675.495456, 0.148221,0.025501
3 , Q ,0.595990 , 0.310053, 0.002196,0.000088
3 , F ,0.575694 , 0.552626, 0.010848,0.000133
3 , Y ,-2789.024650 , -2217.619863, 0.093525,0.023572
3 , C ,-1867.634024 , -1484.438749, 0.046569,0.021285
3 , N ,-1769.924745 , -1313.224021, 0.059226,0.021575
3 , K ,0.765224 , 0.067952, 0.000000,0.021633
3 , D ,-1229.086265 , -777.095016, 0.017884,0.025605
4 , E ,0.784742 , 0.816009, 0.005669,0.000286
4 , H ,-1310.435698 , -822.295205, 0.025152,0.025202
4 , Q ,0.906177 , 0.225994, 0.000003,0.023064
4 , F ,0.716194 , 0.812072, 0.009750,0.000144
4 , Y ,-3292.272890 , -2669.231593, 0.106635,0.036836
4 , C ,-2200.566422 , -1636.823155, 0.045271,0.024737
4 , N ,-3032.967290 , -2369.597888, 0.109160,0.030759
4 , K ,0.862671 , 0.524317, 0.000567,0.000198
4 , D ,-2777.271240 , -2118.772655, 0.078049,0.030693
5 , E ,0.735512 , 0.781072, 0.007439,0.000165
5 , H ,-1817.033200 , -1329.204607, 0.030950,0.028495
5 , Q ,0.742155 , 0.855807, 0.009331,0.000088
5 , F ,0.931216 , 1.040117, 0.004004,0.000057
5 , Y ,-3297.890957 , -2641.601222, 0.104492,0.032216
5 , C ,-3330.296817 , -2682.034455, 0.063158,0.039258
5 , N ,-3150.454041 , -2492.328156, 0.108000,0.036485
5 , K ,0.924886 , 0.539087, 0.000319,0.000135
5 , D ,-2975.881055 , -2305.407382, 0.079929,0.037613
6 , E ,0.232014 , -0.463082, 0.000079,0.000350
6 , H ,-1609.583586 , -1484.509381, 0.677656,0.004719
6 , Q ,-0.242586 , -0.494463, 0.023489,0.000074
6 , F ,-1936.779036 , -1768.327874, 0.557196,0.011290
6 , Y ,-1623.286053 , -1491.877373, 0.688931,0.006176
6 , C ,-1334.577265 , -1193.589156, 0.730072,0.003527
6 , N ,-2030.053839 , -1839.875131, 0.560976,0.011662
6 , K ,0.332985 , -0.269748, 0.000219,0.000100
6 , D ,-1695.583721 , -1512.801579, 0.648387,0.005958
7 , E ,0.601854 , 0.417702, 0.004296,0.002448
7 , H ,-1684.586121 , -1325.880843, 0.119792,0.026937
7 , Q ,0.421883 , 0.236753, 0.008156,0.000528
7 , F ,-1629.184998 , -1159.344529, 0.120000,0.024015
7 , Y ,-1671.109846 , -1257.839553, 0.160194,0.020725
7 , C ,-2201.446839 , -1752.166107, 0.089109,0.024589
7 , N ,-2113.662888 , -1679.402137, 0.149171,0.021113
7 , K ,0.527926 , 0.315280, 0.004641,0.000386
7 , D ,-1274.697252 , -1111.573648, 0.042017,0.022527
8 , E ,-1700.367048 , -1524.844225, 0.020408,0.018117
8 , H ,0.728710 , 0.654044, 0.004463,0.000291
8 , Q ,0.515308 , 0.558681, 0.018592,0.000590
8 , F ,0.579367 , 0.604673, 0.013199,0.000824
8 , Y ,0.507690 , 0.490731, 0.014904,0.000385
8 , C ,0.643099 , 0.592117, 0.007353,0.000438
8 , N ,1.202623 , 1.044789, 0.000360,0.001060
8 , K ,0.493883 , 0.400597, 0.010746,0.000809
8 , D ,0.616130 , 0.461426, 0.004807,0.000677
9 , E ,-1535.415388 , -878.620793, 0.037500,0.052148
9 , H ,1.724585 , 1.167867, 0.000004,0.001870
9 , Q ,-2274.159357 , -1714.919892, 0.037313,0.036322
9 , F ,1.512719 , 0.932880, 0.000008,0.001088
9 , Y ,0.873327 , 0.679105, 0.001297,0.001196
9 , C ,1.196632 , 0.900678, 0.000173,0.001407
9 , N ,0.816041 , 0.423193, 0.000475,0.007442
9 , K ,-1768.814147 , -1403.074459, 0.018519,0.033128
9 , D ,1.107080 , 0.657025, 0.000104,0.001077
10 , E ,-19125.312215 , -27616.526548, 0.214286,0.219388
10 , H ,-0.088598 , -0.298799, 0.032436,0.019570
10 , Y ,2.219993 , 0.906077, 0.000000,0.013550
10 , C ,1.475308 , 0.666364, 0.000002,0.000461
11 , E ,0.490758 , 0.509004, 0.018359,0.000913
11 , H ,-1921.069990 , -1692.717608, 0.028846,0.020054
11 , Q ,1.160040 , 0.715506, 0.000055,0.003170
11 , F ,-1655.786739 , -1554.440320, 0.032727,0.018456
11 , Y ,-1176.223087 , -1095.157939, 0.034483,0.019986
11 , C ,-1894.927797 , -1692.614561, 0.083067,0.016587
11 , N ,-557.016522 , -502.038537, 0.048443,0.021119
11 , K ,0.476583 , 0.331933, 0.008633,0.001119
11 , D ,0.596812 , 0.457572, 0.005571,0.000287
12 , E ,0.588214 , 0.477550, 0.006776,0.000116
12 , H ,-1368.697391 , -936.284391, 0.036160,0.027735
12 , Q ,0.728659 , 0.786367, 0.007833,0.000178
12 , F ,0.711242 , 0.713671, 0.006775,0.000114
12 , Y ,-2678.790260 , -2063.013314, 0.079196,0.029687
12 , C ,-1865.321999 , -1365.072076, 0.066356,0.026431
12 , N ,-1483.887163 , -1010.587604, 0.040055,0.024020
12 , K ,0.628528 , 0.484478, 0.004734,0.000178
12 , D ,0.739024 , 0.800655, 0.007691,0.000140
13 , E ,-6478.576700 , -6584.713867, 0.098592,0.069431
13 , H ,0.659197 , 0.116571, 0.000213,0.000539
13 , Q ,-4240.231189 , -3658.072091, 0.091463,0.052080
13 , F ,0.834320 , 0.194549, 0.000055,0.000954
13 , Y ,0.707370 , 0.196335, 0.000256,0.000456
13 , C ,0.854121 , 0.273512, 0.000089,0.000876
13 , N ,-784.542855 , -784.629413, 0.096053,0.103636
13 , K ,-2026.008144 , -1422.900102, 0.031746,0.031452
13 , D ,0.877613 , 0.050344, 0.000008,0.000454
14 , E ,-4232.459198 , -3774.487825, 0.123457,0.047287
14 , H ,0.937288 , 0.248103, 0.000026,0.000048
14 , Q ,-3927.834472 , -3410.079470, 0.107784,0.049563
14 , F ,0.919841 , 0.265035, 0.000037,0.000256
14 , Y ,0.583082 , 0.147664, 0.000720,0.004680
14 , C ,0.645918 , 0.186114, 0.000479,0.000845
14 , N ,1.247795 , 0.204547, 0.000000,0.000289
14 , K ,-2863.086066 , -2304.250268, 0.028571,0.039510
14 , D ,0.740541 , 0.103275, 0.000074,0.001918
15 , E ,-664.366703 , -188.188651, 0.125000,0.117188
15 , H ,0.994541 , 0.413357, 0.000061,0.004121
15 , Q ,-2314.889075 , -1977.625212, 0.120000,0.066133
15 , F ,0.225087 , 0.229835, 0.101094,0.021968
15 , Y ,1.777192 , 0.823609, 0.000000,0.005681
15 , C ,0.580851 , 0.358394, 0.003618,0.007397
15 , N ,-38.579582 , -55.666933, 0.000171,0.224490
15 , K ,-8023.036256 , -9168.867063, 0.250000,0.187500
15 , D ,2.378585 , 1.074676, 0.000000,0.046199
16 , E ,-2766.828717 , -2303.921982, 0.133333,0.032778
16 , H ,0.872494 , 0.387337, 0.000185,0.000852
16 , Q ,-2855.814470 , -2263.868411, 0.098266,0.034802
16 , F ,0.791097 , 0.300906, 0.000230,0.000602
16 , Y ,1.023505 , 0.481806, 0.000069,0.000444
16 , C ,0.736523 , 0.445422, 0.001271,0.000578
16 , N ,0.654795 , 0.317493, 0.001261,0.002645
16 , K ,-3277.039150 , -2851.802518, 0.050847,0.026716
16 , D ,0.885681 , 0.332454, 0.000101,0.004912
17 , E ,-2342.847959 , -1889.585774, 0.037736,0.045479
17 , H ,0.961422 , 0.520113, 0.000190,0.000235
17 , Q ,-2964.975298 , -2350.799056, 0.101266,0.034706
17 , F ,0.793017 , 0.342873, 0.000332,0.002051
17 , Y ,1.126408 , 0.605620, 0.000056,0.001046
17 , C ,0.772086 , 0.426477, 0.000766,0.000083
17 , N ,0.935624 , 0.566565, 0.000361,0.017787
17 , K ,-1594.995551 , -1178.560753, 0.019231,0.033062
17 , D ,0.938887 , 0.353017, 0.000064,0.000967
18 , E ,1.022804 , 0.882555, 0.000908,0.000295
18 , H ,0.809150 , 0.988084, 0.008819,0.000355
18 , Q ,0.906467 , 0.590154, 0.000556,0.001178
18 , F ,0.991688 , 1.051394, 0.002538,0.000047
18 , Y ,0.947011 , 1.200363, 0.006020,0.000174
18 , C ,-2664.600704 , -2004.694862, 0.033742,0.032841
18 , N ,0.782349 , 0.981749, 0.010361,0.000165
18 , K ,0.883675 , 0.597383, 0.000725,0.000112
18 , D ,0.739885 , 0.869221, 0.010043,0.000791
19 , E ,-3141.603816 , -2589.053885, 0.108392,0.035422
19 , H ,0.615927 , 0.332109, 0.002076,0.000063
19 , Q ,-3496.609096 , -3118.608585, 0.466667,0.034456
19 , F ,0.739862 , 0.460889, 0.001365,0.000122
19 , Y ,0.636196 , 0.349172, 0.001862,0.000334
19 , C ,0.574415 , 0.153674, 0.000818,0.000027
19 , N ,0.747732 , 0.040314, 0.000000,0.023294
19 , K ,0.335053 , 0.496019, 0.056520,0.000722
19 , D ,0.990672 , 0.429839, 0.000067,0.000127
20 , E ,-4230.643901 , -3776.567843, 0.166667,0.047272
20 , H ,0.792158 , 0.222037, 0.000000,0.025230
20 , Q ,-7627.141669 , -8138.293338, 0.333333,0.053057
20 , F ,0.922347 , 0.379672, 0.000097,0.000022
20 , Y ,0.609038 , 0.223994, 0.000991,0.000554
20 , C ,0.917802 , 0.087846, 0.000007,0.000005
20 , N ,0.716040 , 0.270812, 0.000412,0.000288
20 , K ,-8544.017854 , -8867.972825, 0.186207,0.072073
20 , D ,0.923303 , 0.191159, 0.000018,0.001048
21 , E ,-4560.959999 , -4248.677011, 0.304598,0.040849
21 , H ,0.810544 , 0.251458, 0.000000,0.025987
21 , Q ,-2737.275785 , -2477.968206, 0.529412,0.018551
21 , F ,0.796095 , 0.201861, 0.000000,0.024075
21 , Y ,0.816667 , 0.253808, 0.000114,0.000032
21 , C ,0.868269 , 0.434481, 0.000281,0.000044
21 , N ,0.816389 , 0.301345, 0.000000,0.025735
21 , K ,-7933.852356 , -8419.506708, 0.257463,0.061516
21 , D ,0.918036 , 0.233978, 0.000029,0.000171
22 , E ,0.858692 , 0.802638, 0.002766,0.002042
22 , H ,0.648195 , 0.713151, 0.011739,0.000507
22 , Q ,0.795746 , 0.620502, 0.002017,0.001023
22 , F ,0.657858 , 0.610885, 0.007089,0.000253
22 , Y ,0.671961 , 0.661854, 0.007687,0.000508
22 , C ,-1936.818527 , -1450.737462, 0.040650,0.027750
22 , N ,-1172.845477 , -852.616805, 0.035211,0.022987
22 , K ,0.784007 , 0.628368, 0.002347,0.000288
22 , D ,0.720603 , 0.624000, 0.004259,0.000464
23 , E ,0.691160 , 0.654567, 0.006225,0.000150
23 , H ,-1322.171430 , -890.358217, 0.031429,0.028268
23 , Q ,0.632823 , 0.369642, 0.002331,0.001683
23 , F ,0.696921 , 0.672359, 0.006466,0.000274
23 , Y ,0.657343 , 0.794772, 0.014503,0.000348
23 , C ,-2441.425170 , -1941.262182, 0.053192,0.027386
23 , N ,-1424.406503 , -1071.668825, 0.048257,0.020457
23 , K ,0.611554 , 0.509812, 0.006391,0.000085
23 , D ,-1526.038816 , -1261.246912, 0.028881,0.021417
24 , E ,0.746388 , 0.753388, 0.006007,0.000538
24 , H ,0.466065 , 0.400074, 0.014079,0.000617
24 , Q ,0.482779 , 0.413875, 0.012893,0.000524
24 , F ,0.674869 , 0.568731, 0.004806,0.000162
24 , Y ,0.389744 , 0.335543, 0.020071,0.000430
24 , C ,-1014.188724 , -773.776583, 0.022124,0.026669
24 , N ,-1290.065041 , -1277.064793, 0.015873,0.018887
24 , K ,0.741242 , 0.615757, 0.003293,0.000767
24 , D ,0.463870 , 0.356805, 0.011265,0.001187
25 , E ,0.603788 , 0.470845, 0.005534,0.000507
25 , H ,-1247.264322 , -1024.696164, 0.039548,0.020314
25 , Q ,0.622299 , 0.337199, 0.001991,0.000098
25 , F ,0.676844 , 0.631426, 0.006484,0.000140
25 , Y ,0.531593 , 0.561362, 0.016658,0.000380
25 , C ,-2286.974819 , -1790.369618, 0.068100,0.031988
25 , N ,-2568.561817 , -2059.715485, 0.102273,0.025431
25 , K ,0.538583 , 0.465950, 0.009960,0.000279
25 , D ,0.537649 , 0.519518, 0.012985,0.000534
26 , E ,0.757509 , 0.644243, 0.003342,0.000220
26 , H ,-2404.833781 , -1867.326332, 0.108504,0.030760
26 , Q ,0.591368 , 0.398216, 0.004168,0.000224
26 , F ,0.896074 , 0.904129, 0.003151,0.000234
26 , Y ,-2105.335338 , -1557.643819, 0.023055,0.025524
26 , C ,-3099.574541 , -2536.684296, 0.141509,0.032477
26 , N ,-1701.722055 , -1231.745495, 0.056848,0.026925
26 , K ,0.680230 , 0.580435, 0.004911,0.000226
26 , D ,-2551.045091 , -2046.946095, 0.094463,0.022278
27 , E ,0.675223 , 0.544796, 0.004064,0.000500
27 , H ,-596.453829 , -574.679177, 0.031250,0.021383
27 , Q ,0.890573 , 0.613529, 0.000721,0.001971
27 , F ,0.661977 , 0.661046, 0.008537,0.000232
27 , Y ,0.513972 , 0.476767, 0.013413,0.000476
27 , C ,-1259.402549 , -938.477973, 0.023585,0.032739
27 , N ,-1241.920104 , -839.361351, 0.058621,0.025706
27 , K ,0.622811 , 0.472632, 0.004723,0.000215
27 , D ,0.699432 , 0.538676, 0.003226,0.000776
28 , E ,0.184804 , 0.213587, 0.104811,0.008371
28 , H ,-5794.860270 , -5349.042143, 0.166667,0.097222
28 , Q ,-2120.945526 , -2319.744725, 0.111111,0.037037
28 , F ,1.580609 , 0.877261, 0.000001,0.026332
28 , Y ,1.577930 , 2.119166, 0.001157,0.021115
28 , C ,5.060937 , 7.333518, 0.000000,0.009998
28 , N ,-0.246120 , -0.180202, 0.722891,0.014691
29 , E ,0.860601 , 0.701829, 0.001672,0.000476
29 , H ,-2419.982889 , -1841.530532, 0.058442,0.029010
29 , Q ,0.640833 , 0.355990, 0.001907,0.000545
29 , F ,0.772567 , 0.783805, 0.005390,0.000167
29 , Y ,-2106.765151 , -1567.334252, 0.054878,0.027681
29 , C ,-2923.745257 , -2292.383187, 0.096875,0.029754
29 , N ,-1958.540047 , -1499.888526, 0.057576,0.031917
29 , K ,0.675642 , 0.545457, 0.004279,0.000714
29 , D ,-2094.912644 , -1550.279509, 0.120141,0.024949
30 , E ,-7771.500359 , -8436.141906, 0.356223,0.057691
30 , H ,0.830907 , 0.060573, 0.000015,0.000127
30 , Q ,-16806.849830 , -22357.352949, 0.500000,0.060674
30 , F ,0.734373 , 0.116574, 0.000083,0.000497
30 , Y ,0.868963 , 0.040307, 0.000008,0.000447
30 , C ,-12.421964 , -13.137959, 0.000061,0.028297
30 , N ,0.738404 , 0.146970, 0.000112,0.000041
30 , K ,-7569.666614 , -7878.067002, 0.221429,0.062636
30 , D ,-6.131315 , -6.834907, 0.000033,0.040002
31 , E ,-7551.292933 , -8179.606415, 0.381166,0.051144
31 , H ,0.465861 , -0.085957, 0.000311,0.000175
31 , Q ,-4028.337116 , -3836.903690, 0.583756,0.029147
31 , F ,0.414872 , 0.029433, 0.001738,0.000356
31 , Y ,1.012429 , 0.076346, 0.000002,0.000374
31 , C ,1.137999 , -0.213503, 0.000000,0.000129
31 , N ,0.739144 , 0.142516, 0.000105,0.000215
31 , K ,-3469.449607 , -2905.680335, 0.190141,0.045366
31 , D ,0.794198 , 0.182125, 0.000079,0.000009
32 , E ,-7040.957273 , -7538.215415, 0.389610,0.046973
32 , H ,0.634402 , -0.087855, 0.000038,0.000517
32 , Q ,-16007.851609 , -21120.268984, 0.513011,0.054069
32 , F ,0.598317 , 0.093450, 0.000365,0.000321
32 , Y ,1.133547 , 0.104195, 0.000001,0.000123
32 , C ,1.042307 , -0.250857, 0.000000,0.000115
32 , N ,0.808814 , 0.201834, 0.000080,0.000628
32 , K ,-4777.005227 , -4312.032018, 0.197531,0.063761
32 , D ,0.864318 , 0.223349, 0.000050,0.000078
33 , E ,-3235.035298 , -2860.217740, 0.351351,0.028561
33 , H ,0.531793 , -0.106931, 0.000110,0.000076
33 , Q ,-2863.341002 , -2576.684381, 0.454198,0.022272
33 , F ,0.655531 , 0.118510, 0.000225,0.000294
33 , Y ,1.059709 , 0.086665, 0.000001,0.000241
33 , C ,-20.730309 , -21.400805, 0.000101,0.028383
33 , N ,0.811867 , 0.170323, 0.000055,0.000193
33 , K ,-3449.294040 , -2864.362228, 0.250000,0.026899
33 , D ,0.945212 , 0.254131, 0.000025,0.000253
34 , E ,-7217.341756 , -7796.878259, 0.382199,0.054732
34 , H ,0.676332 , -0.053319, 0.000032,0.000406
34 , Q ,-16141.744871 , -21405.259177, 0.532051,0.053676
34 , F ,0.621583 , 0.118197, 0.000349,0.000303
34 , Y ,-10.179895 , -10.860768, 0.000052,0.046213
34 , C ,0.903388 , -0.242208, 0.000000,0.000142
34 , N ,0.690024 , 0.118434, 0.000154,0.000844
34 , K ,-3644.922848 , -3134.169995, 0.175573,0.048890
34 , D ,0.851129 , 0.228488, 0.000062,0.000315
35 , E ,-4482.051049 , -4233.331646, 0.382075,0.036184
35 , H ,0.730790 , -0.068436, 0.000014,0.000444
35 , Q ,-4258.477229 , -4240.320437, 0.518033,0.038567
35 , F ,0.580886 , 0.095163, 0.000454,0.000162
35 , Y ,1.118559 , 0.085540, 0.000001,0.000326
35 , C ,-19.480948 , -20.152302, 0.000095,0.032487
35 , N ,0.803442 , 0.192634, 0.000079,0.000115
35 , K ,-3678.639454 , -3112.960432, 0.186567,0.035498
35 , D ,0.792135 , 0.199021, 0.000095,0.000115
36 , E ,-1547.238052 , -1154.943415, 0.082707,0.030256
36 , H ,0.746699 , 0.816131, 0.007815,0.000032
36 , Q ,-3244.529905 , -2633.031829, 0.125532,0.029812
36 , F ,1.555621 , 1.057330, 0.000008,0.002578
36 , Y ,0.781454 , 0.650999, 0.002756,0.000243
36 , C ,0.818362 , 0.476225, 0.000642,0.000325
36 , N ,0.679034 , 0.657463, 0.007093,0.000092
36 , K ,-1830.212834 , -1379.113899, 0.025000,0.027943
36 , D ,0.575464 , 0.538675, 0.010326,0.000427
37 , E ,-8152.806458 , -8749.564742, 0.347518,0.052613
37 , H ,1.234437 , 0.001524, 0.000000,0.000459
37 , Q ,-6829.096056 , -7512.669884, 0.508897,0.040518
37 , F ,0.714110 , 0.128458, 0.000127,0.000672
37 , Y ,1.024271 , 0.038078, 0.000001,0.000390
37 , C ,0.732186 , -0.286823, 0.000001,0.000071
37 , N ,0.656849 , 0.090871, 0.000176,0.000151
37 , K ,-15128.764510 , -19339.840197, 0.204082,0.104332
37 , D ,0.854867 , 0.256962, 0.000076,0.000575
38 , E ,0.852081 , 0.821300, 0.003212,0.000275
38 , H ,-1312.668607 , -984.022707, 0.036900,0.021605
38 , Q ,0.823871 , 0.717167, 0.002543,0.000453
38 , F ,-1790.021853 , -1256.673712, 0.035714,0.028865
38 , Y ,-1273.532102 , -830.180159, 0.043307,0.027195
38 , C ,0.639772 , 0.682815, 0.011054,0.000419
38 , N ,-1137.916452 , -820.236435, 0.043321,0.025712
38 , K ,0.750523 , 0.561390, 0.002264,0.000302
38 , D ,-1545.971923 , -1180.192971, 0.038835,0.025576
39 , E ,0.892113 , 0.754516, 0.001624,0.000217
39 , H ,-2110.600019 , -1653.010798, 0.059016,0.026668
39 , Q ,1.131936 , 0.790487, 0.000182,0.000419
39 , F ,-1351.172237 , -931.533491, 0.025105,0.027798
39 , Y ,-2413.008089 , -1848.256114, 0.085859,0.026898
39 , C ,-1600.508486 , -1167.055633, 0.046205,0.022707
39 , N ,-2247.707798 , -1716.446374, 0.038095,0.028634
39 , K ,0.958490 , 0.858737, 0.001488,0.000337
39 , D ,-1846.092323 , -1400.934114, 0.039548,0.032634
40 , E ,-3782.926855 , -3567.253665, 0.451456,0.026717
40 , H ,-10.180493 , -10.866782, 0.000052,0.042323
40 , Q ,-3825.790071 , -3609.660715, 0.424658,0.029482
40 , F ,0.966745 , 0.302524, 0.000030,0.000250
40 , Y ,0.954447 , 0.142491, 0.000008,0.000115
40 , C ,1.068131 , 0.453616, 0.000033,0.000673
40 , N ,0.755162 , 0.190042, 0.000136,0.000599
40 , K ,-4417.507362 , -4117.467821, 0.208633,0.049842
40 , D ,1.046266 , 0.082704, 0.000001,0.000071
41 , E ,1.151568 , 0.395813, 0.000008,0.000053
41 , H ,-3514.936023 , -2873.834473, 0.085873,0.039585
41 , Q ,0.864826 , 0.251389, 0.000064,0.000028
41 , F ,-1421.047956 , -1026.257969, 0.024129,0.027437
41 , Y ,-4783.367320 , -4274.074879, 0.149215,0.039751
41 , C ,-3311.924729 , -2645.258157, 0.060760,0.039795
41 , N ,-3192.548578 , -2577.184917, 0.097983,0.036926
41 , K ,0.815785 , 0.182004, 0.000061,0.000562
41 , D ,-2211.570613 , -1738.056265, 0.030457,0.047560
42 , E ,1.278571 , 0.369785, 0.000001,0.001203
42 , H ,-4548.304463 , -3981.661944, 0.084302,0.052577
42 , Q ,0.683731 , 0.164140, 0.000254,0.000572
42 , F ,-1503.461547 , -1053.518375, 0.027523,0.023767
42 , Y ,-4251.859127 , -3833.714850, 0.228070,0.041372
42 , C ,-4079.420293 , -3600.872753, 0.144186,0.045398
42 , N ,-3923.917523 , -3388.285159, 0.100000,0.047392
42 , K ,0.875716 , 0.216344, 0.000041,0.000042
42 , D ,-2585.090464 , -2026.118817, 0.054945,0.030079
43 , E ,1.485034 , 0.377356, 0.000000,0.003990
43 , H ,-4406.299660 , -3836.186324, 0.098361,0.051065
43 , Q ,0.632955 , 0.113174, 0.000289,0.000082
43 , F ,-1505.328558 , -1045.797230, 0.027864,0.024313
43 , Y ,-4327.404266 , -3893.458247, 0.232673,0.040400
43 , C ,-4031.364617 , -3566.096480, 0.168490,0.043144
43 , N ,-3972.110706 , -3436.558100, 0.121588,0.045746
43 , K ,0.915940 , 0.237415, 0.000031,0.000090
43 , D ,-2596.341019 , -1922.391452, 0.040816,0.032096
44 , E ,0.749809 , 0.175168, 0.000126,0.001081
44 , H ,-3461.322762 , -2795.223273, 0.121581,0.038002
44 , Q ,0.680810 , 0.144641, 0.000218,0.000081
44 , F ,-1032.033946 , -641.502827, 0.034682,0.027262
44 , Y ,-4830.225132 , -4395.097630, 0.203980,0.047186
44 , C ,-3542.171752 , -2902.594276, 0.160377,0.036552
44 , N ,-4467.982933 , -3935.318551, 0.151741,0.047680
44 , K ,0.981658 , 0.194474, 0.000009,0.000102
44 , D ,-2601.300237 , -2002.116454, 0.051136,0.037971
45 , E ,1.187090 , 0.425050, 0.000006,0.000397
45 , H ,-3453.136907 , -2772.687262, 0.108761,0.039067
45 , Q ,0.908131 , 0.332151, 0.000079,0.000918
45 , F ,-1164.638753 , -795.474230, 0.031519,0.027022
45 , Y ,-4718.553299 , -4239.087275, 0.158568,0.048801
45 , C ,-3352.268174 , -2679.290274, 0.075325,0.039154
45 , N ,-3084.992328 , -2498.447158, 0.101744,0.034777
45 , K ,0.894000 , 0.235251, 0.000039,0.000014
45 , D ,0.555772 , 0.869012, 0.036677,0.000929
46 , E ,0.429017 , 0.062228, 0.002011,0.000772
46 , H ,-3324.615589 , -2816.552400, 0.279180,0.030740
46 , Q ,0.588016 , 0.101239, 0.000429,0.000203
46 , F ,-1537.294195 , -1254.380855, 0.059900,0.020253
46 , Y ,-3300.189940 , -2837.534241, 0.282700,0.028872
46 , C ,-3376.294315 , -2717.983684, 0.126241,0.037325
46 , N ,-4064.293522 , -3648.138394, 0.222395,0.039750
46 , K ,0.504741 , 0.112068, 0.001278,0.000232
46 , D ,-2236.828698 , -1644.696925, 0.082667,0.029179
47 , E ,0.771960 , 0.310692, 0.000317,0.001023
47 , H ,-3324.103992 , -2708.875877, 0.116216,0.036568
47 , Q ,0.592843 , 0.174258, 0.000795,0.000183
47 , F ,-983.116384 , -687.385803, 0.028490,0.024124
47 , Y ,-3369.593133 , -2728.539396, 0.146341,0.030623
47 , C ,-3065.585193 , -2455.795938, 0.115646,0.035191
47 , N ,-2727.810019 , -2130.798479, 0.083333,0.028241
47 , K ,0.762893 , 0.220801, 0.000162,0.000051
47 , D ,-1344.555423 , -901.425908, 0.036842,0.036471
48 , E ,-3937.022898 , -4265.846036, 0.142857,0.069116
48 , H ,0.632313 , 0.241277, 0.001131,0.049028
48 , Q ,-3185.962860 , -3495.525082, 0.040000,0.064000
48 , F ,-0.346679 , -0.174122, 1.948338,0.027264
48 , Y ,-6094.940248 , -5526.038196, 0.222222,0.020576
48 , C ,1.536947 , 0.846005, 0.000001,0.034412
49 , H ,-1155.563503 , -722.741760, 0.023810,0.029477
49 , Q ,0.650595 , 0.513148, 0.004495,0.000258
49 , F ,1.172095 , 0.793610, 0.000124,0.000158
49 , Y ,-1569.343048 , -1094.622458, 0.020747,0.025249
49 , C ,-2240.742753 , -1637.824408, 0.051613,0.025053
49 , N ,-1787.183542 , -1232.579805, 0.072973,0.027771
49 , K ,0.743785 , 0.372153, 0.000700,0.000359
49 , D ,0.716286 , 0.768690, 0.008434,0.000942
50 , E ,0.804645 , 0.622778, 0.001882,0.000334
50 , H ,-1418.786488 , -1090.368259, 0.040000,0.021651
50 , Q ,0.622011 , 0.491450, 0.005406,0.000444
50 , F ,0.938012 , 1.122901, 0.005015,0.000228
50 , Y ,-2249.593297 , -1652.437835, 0.097744,0.034168
50 , C ,-1882.703224 , -1416.173816, 0.077778,0.031086
50 , N ,0.617855 , 0.733311, 0.015955,0.000320
50 , K ,0.758267 , 0.585840, 0.002355,0.000292
50 , D ,-1360.425885 , -968.351570, 0.051724,0.026803
51 , E ,1.488956 , 1.187439, 0.000033,0.004140
51 , H ,0.607326 , 0.736898, 0.017443,0.000136
51 , Q ,0.731995 , 0.638293, 0.004059,0.000099
51 , F ,-960.724777 , -785.705122, 0.018987,0.022284
51 , Y ,-2167.755645 , -1653.757721, 0.041750,0.023257
51 , C ,-1648.521772 , -1175.102193, 0.028017,0.028910
51 , N ,0.676012 , 0.755989, 0.010816,0.000331
51 , K ,0.717837 , 0.578148, 0.003364,0.000149
51 , D ,-1829.188613 , -1448.505193, 0.050802,0.021502
52 , E ,1.086405 , 1.278971, 0.002697,0.003819
52 , H ,0.546359 , 0.446114, 0.009034,0.000607
52 , Q ,-6540.415756 , -6755.761425, 0.045455,0.074380
52 , F ,0.931325 , 0.817274, 0.001554,0.001096
52 , Y ,0.312845 , 0.185274, 0.020297,0.000979
52 , C ,4.704308 , 7.628145, 0.000000,0.031144
52 , N ,1.250480 , 0.978927, 0.000179,0.001745
52 , K ,0.297382 , 0.333747, 0.054137,0.000079
52 , D ,1.737250 , 1.087829, 0.000002,0.008257
53 , E ,-1451.571127 , -969.882131, 0.023419,0.030055
53 , H ,0.690355 , -0.060557, 0.000000,0.026059
53 , Q ,-2721.578142 , -2063.305084, 0.073864,0.031018
53 , F ,0.614772 , 0.533349, 0.006835,0.000590
53 , Y ,0.762574 , 0.598619, 0.002503,0.000267
53 , C ,0.807543 , 0.821449, 0.004744,0.000086
53 , N ,0.734616 , 0.541033, 0.002233,0.000335
53 , K ,-1555.226081 , -1221.003900, 0.022727,0.022949
53 , D ,0.759475 , 0.457370, 0.001084,0.000321
54 , E ,-3869.253455 , -3406.735262, 0.090909,0.044077
54 , H ,1.033717 , 0.345211, 0.000020,0.000769
54 , Q ,-2304.473212 , -1560.991939, 0.030303,0.056933
54 , F ,1.821052 , 0.933695, 0.000000,0.001068
54 , Y ,0.877257 , 0.448924, 0.000281,0.002753
54 , C ,1.320641 , 0.764180, 0.000021,0.000341
54 , N ,1.347107 , 0.577424, 0.000004,0.000433
54 , K ,-2724.852896 , -2168.804288, 0.062500,0.045464
54 , D ,0.608218 , 0.155750, 0.000579,0.003720
55 , E ,0.797412 , 0.900038, 0.007069,0.000159
55 , H ,0.639647 , 0.641332, 0.009561,0.000429
55 , Q ,0.812829 , 0.820112, 0.004610,0.000086
55 , F ,1.021402 , 1.054173, 0.002024,0.000234
55 , Y ,0.802781 , 0.809984, 0.004687,0.000787
55 , C ,0.839540 , 0.904860, 0.005009,0.000396
55 , N ,0.810892 , 0.722241, 0.002969,0.000267
55 , K ,0.915789 , 1.007119, 0.003898,0.000703
55 , D ,0.968591 , 0.873786, 0.001455,0.000295
56 , E ,0.810462 , 0.502428, 0.000854,0.000127
56 , H ,0.884731 , 0.685924, 0.001219,0.000112
56 , Q ,0.848055 , 0.698758, 0.001877,0.000019
56 , F ,-2022.353040 , -1455.696144, 0.061100,0.024160
56 , Y ,0.742349 , 0.717320, 0.005381,0.000026
56 , C ,0.886979 , 0.854874, 0.002751,0.000122
56 , N ,0.713467 , 0.710592, 0.006657,0.000209
56 , K ,0.948728 , 0.540732, 0.000248,0.000237
56 , D ,0.905060 , 0.712420, 0.001159,0.000300
57 , E ,0.379039 , 0.270625, 0.015485,0.000726
57 , H ,0.701393 , 0.756420, 0.008891,0.000081
57 , Q ,0.704820 , 0.558422, 0.003473,0.000151
57 , F ,0.595091 , 0.487619, 0.006705,0.000156
57 , Y ,0.639053 , 0.760128, 0.014850,0.000037
57 , C ,-1139.335065 , -769.552305, 0.018072,0.027671
57 , N ,0.622297 , 0.650304, 0.011409,0.000219
57 , K ,0.617592 , 0.453464, 0.004490,0.000736
57 , D ,1.584530 , 1.082447, 0.000008,0.002061
58 , E ,0.567478 , 0.464080, 0.007630,0.000572
58 , H ,0.545906 , 0.595093, 0.016828,0.000224
58 , Q ,0.654772 , 0.537115, 0.004951,0.000200
58 , F ,0.560351 , 0.403639, 0.005738,0.000490
58 , Y ,-815.851592 , -656.686767, 0.034130,0.021681
58 , C ,-1101.112718 , -925.900249, 0.019934,0.022379
58 , N ,0.540797 , 0.530693, 0.013450,0.000613
58 , K ,0.603317 , 0.515848, 0.007195,0.000134
58 , D ,0.481693 , 0.376338, 0.010518,0.000195
59 , E ,0.758797 , 0.567270, 0.002150,0.000229
59 , H ,-2023.640776 , -1527.400650, 0.078498,0.031361
59 , Q ,0.527456 , 0.334117, 0.005286,0.000388
59 , F ,-2529.089109 , -2066.480256, 0.091650,0.025083
59 , Y ,-2215.957612 , -1674.912276, 0.095477,0.022188
59 , C ,-942.158922 , -694.921390, 0.021611,0.026544
59 , N ,-1914.950088 , -1463.520020, 0.074427,0.024904
59 , K ,0.573225 , 0.273143, 0.002155,0.000139
59 , D ,-1644.580360 , -1168.747720, 0.074194,0.025701
60 , E ,0.518324 , 0.355381, 0.006659,0.000337
60 , H ,-1787.786372 , -1338.622405, 0.081967,0.024667
60 , Q ,0.506184 , 0.326314, 0.006182,0.000113
60 , F ,-2228.465712 , -1714.546468, 0.070461,0.022957
60 , Y ,-1920.190603 , -1455.142006, 0.080043,0.025559
60 , C ,-913.594520 , -648.731412, 0.030750,0.022473
60 , N ,-2082.925065 , -1610.416483, 0.067445,0.026031
60 , K ,0.662456 , 0.342320, 0.001354,0.000245
60 , D ,-2081.133275 , -1588.214091, 0.042222,0.023273
61 , E ,0.673520 , 0.529363, 0.003986,0.000372
61 , H ,-1544.739936 , -1129.320097, 0.065625,0.025032
61 , Q ,0.641771 , 0.440570, 0.003242,0.000171
61 , F ,-1545.148211 , -1149.927203, 0.053554,0.021750
61 , Y ,-1978.085226 , -1439.686962, 0.065758,0.023513
61 , C ,-1083.625894 , -756.525786, 0.022124,0.023234
61 , N ,-1831.910157 , -1348.564420, 0.053526,0.022811
61 , K ,0.724064 , 0.401514, 0.001064,0.000056
61 , D ,-1791.884944 , -1348.558133, 0.024526,0.028155
62 , E ,0.636179 , 0.474118, 0.004218,0.000277
62 , H ,-1584.406943 , -1163.772830, 0.065404,0.025301
62 , Q ,0.685478 , 0.453602, 0.002243,0.000123
62 , F ,-1582.198817 , -1174.898894, 0.061475,0.025215
62 , Y ,-2003.971224 , -1449.052549, 0.066667,0.023758
62 , C ,-1043.408143 , -760.922038, 0.027158,0.022562
62 , N ,-1828.138857 , -1357.194568, 0.056788,0.022411
62 , K ,0.679152 , 0.384718, 0.001534,0.000056
62 , D ,-1876.223288 , -1432.238369, 0.032727,0.023041
63 , E ,0.638714 , 0.472848, 0.004077,0.000196
63 , H ,-1548.883613 , -1146.443298, 0.065858,0.021163
63 , Q ,0.681719 , 0.446973, 0.002241,0.000118
63 , F ,-1828.094831 , -1403.364825, 0.064220,0.025103
63 , Y ,-1968.969580 , -1415.844309, 0.064912,0.023817
63 , C ,-1046.166655 , -755.418694, 0.023810,0.022947
63 , N ,-1768.308382 , -1293.807855, 0.060550,0.026173
63 , K ,0.661900 , 0.368070, 0.001642,0.000139
63 , D ,-1845.989478 , -1350.189339, 0.026379,0.024630
64 , E ,0.589035 , 0.414344, 0.004711,0.000112
64 , H ,-1434.725700 , -1007.908347, 0.064378,0.025705
64 , Q ,0.643738 , 0.435578, 0.003077,0.000066
64 , F ,-1784.150996 , -1338.853811, 0.060241,0.021992
64 , Y ,-1997.915714 , -1450.878606, 0.061566,0.023751
64 , C ,-1044.790497 , -752.446916, 0.023946,0.022735
64 , N ,-1798.840429 , -1350.758875, 0.063636,0.025372
64 , K ,0.702925 , 0.398332, 0.001310,0.000113
64 , D ,-1871.046809 , -1406.283477, 0.029525,0.027728
65 , E ,0.633934 , 0.451652, 0.003762,0.000144
65 , H ,-1691.409147 , -1249.252931, 0.065254,0.025521
65 , Q ,0.653871 , 0.436098, 0.002774,0.000128
65 , F ,-1852.691665 , -1437.763797, 0.060120,0.025100
65 , Y ,-2032.209260 , -1499.774168, 0.062715,0.023413
65 , C ,-955.174426 , -665.384600, 0.024833,0.022997
65 , N ,-1816.695907 , -1326.670471, 0.065836,0.022335
65 , K ,0.736833 , 0.409132, 0.000978,0.000081
65 , D ,-1700.396952 , -1251.358255, 0.027414,0.023457
66 , E ,0.715892 , 0.525028, 0.002559,0.000093
66 , H ,-1744.648095 , -1300.975190, 0.060897,0.025905
66 , Q ,0.627028 , 0.439693, 0.003720,0.000174
66 , F ,-1721.708011 , -1319.788772, 0.049666,0.025390
66 , Y ,-2010.570080 , -1468.191782, 0.065235,0.023497
66 , C ,-1006.304294 , -712.600218, 0.026103,0.022711
66 , N ,-1802.861032 , -1336.236517, 0.055509,0.022479
66 , K ,0.656644 , 0.374424, 0.001818,0.000142
66 , D ,-1579.563527 , -1143.605707, 0.028736,0.023783
67 , E ,0.663758 , 0.495462, 0.003621,0.000059
67 , H ,-1623.274934 , -1193.055266, 0.063931,0.025351
67 , Q ,0.666752 , 0.465570, 0.002928,0.000089
67 , F ,-1474.095422 , -1076.188229, 0.050992,0.021878
67 , Y ,-1967.001989 , -1432.242933, 0.066667,0.023298
67 , C ,-761.466237 , -480.435604, 0.026882,0.023191
67 , N ,-1768.042790 , -1311.110408, 0.056684,0.025787
67 , K ,0.703829 , 0.408445, 0.001395,0.000199
67 , D ,-1596.841624 , -1169.100407, 0.025943,0.027218
68 , E ,0.662028 , 0.489111, 0.003537,0.000184
68 , H ,-1590.334082 , -1163.039200, 0.070747,0.021548
68 , Q ,0.665782 , 0.456109, 0.002779,0.000088
68 , F ,-1637.025850 , -1225.594031, 0.050233,0.022055
68 , Y ,-1982.407478 , -1439.020571, 0.067961,0.023355
68 , C ,-983.099393 , -694.753942, 0.027978,0.022799
68 , N ,-1699.099137 , -1241.045082, 0.055510,0.026091
68 , K ,0.741164 , 0.414925, 0.000975,0.000090
68 , D ,-1651.129336 , -1234.282469, 0.027242,0.023234
69 , E ,1.279837 , 0.794443, 0.000034,0.001114
69 , H ,-1246.967296 , -890.531919, 0.049149,0.021503
69 , Q ,0.814122 , 0.343596, 0.000253,0.000214
69 , F ,-4594.526713 , -4234.380171, 0.231947,0.044095
69 , Y ,-2968.161760 , -2422.332830, 0.177102,0.030189
69 , C ,-3079.323360 , -2463.430838, 0.121849,0.035368
69 , N ,-3327.732070 , -2757.013546, 0.139113,0.034810
69 , K ,0.875962 , 0.406903, 0.000209,0.000178
69 , D ,-1871.222782 , -1373.244914, 0.105839,0.030340
70 , E ,-8491.163352 , -9185.420788, 0.274809,0.066935
70 , H ,0.769018 , 0.167359, 0.000094,0.000934
70 , Q ,-3455.671420 , -3024.286586, 0.302260,0.031304
70 , F ,1.034634 , 0.132350, 0.000003,0.000461
70 , Y ,0.900125 , 0.115160, 0.000012,0.000305
70 , C ,0.923828 , 0.430845, 0.000145,0.000087
70 , N ,0.779938 , 0.248750, 0.000172,0.000389
70 , K ,-3705.661654 , -3162.765349, 0.235577,0.026294
70 , D ,0.928520 , 0.250520, 0.000030,0.000428
71 , Q ,-38469.945066 , -56709.166407, 0.333333,0.166667
71 , D ,0.688055 , 0.465958, 0.003103,0.004284
72 , E ,-3944.719524 , -3518.050136, 0.265583,0.054243
72 , H ,-6.444120 , -7.119542, 0.000035,0.050251
72 , Q ,-8263.842309 , -8890.054725, 0.329208,0.059772
72 , F ,0.889760 , 0.129987, 0.000015,0.000023
72 , Y ,0.956960 , 0.157466, 0.000009,0.000147
72 , C ,0.835400 , 0.337971, 0.000190,0.000739
72 , N ,0.777974 , 0.222545, 0.000140,0.000470
72 , K ,-4766.720907 , -4382.165975, 0.226221,0.048029
72 , D ,1.091407 , 0.260707, 0.000005,0.000040
73 , E ,-657.311304 , -332.834002, 0.047619,0.027920
73 , H ,0.542789 , 0.542556, 0.013927,0.000389
73 , Q ,0.793996 , 0.798782, 0.004894,0.000386
73 , F ,0.873081 , 0.753521, 0.001944,0.000345
73 , Y ,-1154.802328 , -1014.275484, 0.018405,0.024703
73 , C ,0.624427 , 0.608417, 0.009311,0.000372
73 , N ,-614.619446 , -555.057319, 0.035714,0.031944
73 , K ,1.573468 , 1.441021, 0.000054,0.004799
73 , D ,0.912946 , 0.977828, 0.003687,0.000107
74 , E ,-1447.986229 , -1067.948205, 0.048387,0.025819
74 , H ,0.619909 , 0.634899, 0.010495,0.000688
74 , Q ,0.579703 , 0.647117, 0.015591,0.000217
74 , F ,0.610041 , 0.398194, 0.003393,0.000091
74 , Y ,-1550.826105 , -1350.168577, 0.023697,0.020035
74 , C ,0.368831 , 0.334941, 0.024492,0.000655
74 , N ,0.398451 , 0.322730, 0.017077,0.000346
74 , K ,-1410.977980 , -1184.026055, 0.025000,0.024167
74 , D ,0.631268 , 0.567385, 0.007096,0.000657
75 , E ,-7540.859011 , -8180.590577, 0.294118,0.053857
75 , H ,1.264768 , 0.169747, 0.000000,0.000087
75 , Q ,-5727.456993 , -5332.087888, 0.292308,0.064813
75 , F ,0.973593 , 0.150367, 0.000007,0.000319
75 , Y ,1.653525 , 0.186518, 0.000000,0.000954
75 , C ,0.756267 , 0.065459, 0.000041,0.000343
75 , N ,1.138702 , 0.374587, 0.000007,0.000317
75 , K ,-4559.028258 , -4078.352361, 0.163462,0.045373
75 , D ,1.018228 , 0.223953, 0.000008,0.000099
76 , E ,-6916.924604 , -7280.175602, 0.300000,0.051991
76 , H ,1.542963 , 0.262827, 0.000000,0.000336
76 , Q ,-5753.717114 , -5330.536929, 0.280632,0.061627
76 , F ,1.012292 , 0.179151, 0.000006,0.000104
76 , Y ,1.665243 , 0.230981, 0.000000,0.000361
76 , C ,0.788074 , 0.093292, 0.000037,0.000123
76 , N ,1.206245 , 0.299759, 0.000002,0.000788
76 , K ,-4905.916505 , -4444.753100, 0.147368,0.051053
76 , D ,0.847796 , 0.215456, 0.000057,0.000142
77 , E ,-4929.768947 , -4613.818332, 0.239437,0.051726
77 , H ,1.277116 , 0.240063, 0.000000,0.000101
77 , Q ,-3813.800266 , -3390.935652, 0.274611,0.039002
77 , F ,0.916870 , 0.260227, 0.000038,0.000795
77 , Y ,1.038376 , 0.006976, 0.000001,0.000080
77 , C ,-10.601179 , -11.270136, 0.000056,0.036925
77 , N ,-6.157078 , -6.818844, 0.000034,0.045041
77 , K ,-3852.188233 , -3242.276846, 0.112150,0.042012
77 , D ,0.969765 , 0.228824, 0.000015,0.002408
78 , E ,-8003.701393 , -8621.654444, 0.276923,0.061381
78 , H ,-11.401813 , -12.059968, 0.000057,0.052846
78 , Q ,-4624.537920 , -4365.909947, 0.340708,0.040347
78 , F ,0.857949 , 0.123420, 0.000021,0.000678
78 , Y ,1.075193 , 0.053326, 0.000001,0.000350
78 , C ,-9.620211 , -10.299139, 0.000050,0.044301
78 , N ,0.948143 , 0.290691, 0.000034,0.000850
78 , K ,-4155.735438 , -3716.855426, 0.226190,0.037309
78 , D ,1.250210 , 0.310745, 0.000001,0.000081
79 , E ,-8873.873729 , -9496.324270, 0.224299,0.070952
79 , H ,1.295886 , 0.174521, 0.000000,0.000274
79 , Q ,-5222.283720 , -4794.851028, 0.309322,0.053511
79 , F ,1.196874 , 0.274541, 0.000001,0.000732
79 , Y ,1.349958 , 0.111804, 0.000000,0.000424
79 , C ,-9.003961 , -9.680190, 0.000046,0.044884
79 , N ,1.097203 , 0.338022, 0.000009,0.000782
79 , K ,-5515.097994 , -4968.761258, 0.189655,0.066885
79 , D ,1.111137 , 0.271248, 0.000004,0.001504
80 , E ,-18198.708661 , -23568.939921, 0.326923,0.089589
80 , H ,1.173260 , 0.161762, 0.000001,0.000274
80 , Q ,0.057567 , 0.707748, 0.290053,0.001892
80 , F ,1.032789 , 0.213787, 0.000006,0.000356
80 , Y ,0.979771 , 0.034856, 0.000002,0.000579
80 , C ,0.912053 , 0.123787, 0.000011,0.000108
80 , N ,1.906633 , 0.682449, 0.000000,0.000797
80 , K ,-5902.291449 , -5247.798644, 0.130435,0.068998
80 , D ,0.633661 , 0.106065, 0.000271,0.003587
81 , E ,-7924.847529 , -8396.278390, 0.246032,0.061413
81 , H ,-9.632300 , -10.305166, 0.000049,0.050217
81 , Q ,-5646.512076 , -5227.448130, 0.301818,0.059354
81 , F ,1.061890 , 0.233803, 0.000005,0.000092
81 , Y ,1.824976 , 0.260529, 0.000000,0.001427
81 , C ,0.695371 , 0.045281, 0.000071,0.000737
81 , N ,1.053080 , 0.358343, 0.000018,0.001521
81 , K ,-3845.939101 , -3243.162504, 0.148936,0.036578
81 , D ,1.047595 , 0.224148, 0.000006,0.001083
82 , E ,-7488.304336 , -8032.082651, 0.318182,0.052645
82 , H ,1.208427 , 0.181324, 0.000000,0.000262
82 , Q ,-5730.237182 , -5319.869417, 0.293651,0.062610
82 , F ,1.283608 , 0.255649, 0.000000,0.000661
82 , Y ,1.916799 , 0.275444, 0.000000,0.001166
82 , C ,0.775168 , 0.100964, 0.000046,0.000050
82 , N ,0.890231 , 0.188648, 0.000026,0.000853
82 , K ,-4428.479862 , -3957.077670, 0.222222,0.044496
82 , D ,0.912794 , 0.156680, 0.000015,0.000209
83 , E ,-7760.348124 , -8375.430493, 0.285714,0.055891
83 , H ,-11.242241 , -11.893079, 0.000057,0.057136
83 , Q ,-6016.196005 , -5587.792879, 0.288136,0.064158
83 , F ,0.956458 , 0.175394, 0.000010,0.000869
83 , Y ,1.329381 , 0.144049, 0.000000,0.000277
83 , C ,0.549619 , 0.030144, 0.000363,0.001642
83 , N ,1.294487 , 0.403452, 0.000001,0.000260
83 , K ,-4490.453846 , -4013.118998, 0.160000,0.035480
83 , D ,1.264677 , 0.280281, 0.000001,0.000925
84 , E ,-4556.368270 , -4273.576611, 0.297521,0.032689
84 , H ,1.485331 , 0.224295, 0.000000,0.000047
84 , Q ,-5002.489554 , -4703.285980, 0.305785,0.042372
84 , F ,1.202452 , 0.224896, 0.000001,0.000454
84 , Y ,1.245002 , 0.204606, 0.000000,0.000499
84 , C ,0.627950 , 0.029186, 0.000138,0.000217
84 , N ,1.180582 , 0.371133, 0.000004,0.000319
84 , K ,-4314.216316 , -3860.137711, 0.221154,0.034153
84 , D ,1.067982 , 0.245863, 0.000005,0.001247
85 , E ,0.064525 , 0.922185, 0.304616,0.000280
85 , H ,-9.632650 , -10.300056, 0.000049,0.066265
85 , Q ,-18843.690896 , -24297.190940, 0.236641,0.111008
85 , F ,0.907476 , 0.146781, 0.000014,0.000363
85 , Y ,1.273392 , 0.092490, 0.000000,0.000360
85 , C ,0.784747 , 0.017257, 0.000017,0.000429
85 , N ,1.113174 , 0.319006, 0.000006,0.001560
85 , K ,-4462.351133 , -4088.200063, 0.194444,0.034722
85 , D ,1.155723 , 0.238887, 0.000002,0.000765
86 , E ,-7872.396483 , -8277.177344, 0.247863,0.061071
86 , H ,1.613883 , 0.274880, 0.000000,0.000207
86 , Q ,-4977.799754 , -4678.555865, 0.301587,0.044328
86 , F ,1.032858 , 0.181339, 0.000004,0.000292
86 , Y ,1.503644 , 0.215933, 0.000000,0.000056
86 , C ,-9.519950 , -10.205149, 0.000049,0.040161
86 , N ,1.079372 , 0.299189, 0.000008,0.000779
86 , K ,-4525.071452 , -4056.670331, 0.203390,0.043342
86 , D ,1.100710 , 0.282689, 0.000005,0.000339
87 , E ,-4839.791940 , -4502.170680, 0.217742,0.052208
87 , H ,-9.099967 , -9.764496, 0.000047,0.055416
87 , Q ,-4788.148902 , -4497.805169, 0.320144,0.042502
87 , F ,0.852233 , 0.110883, 0.000020,0.000098
87 , Y ,1.288469 , 0.189200, 0.000000,0.000812
87 , C ,0.567866 , -0.015687, 0.000183,0.000240
87 , N ,0.908979 , 0.192928, 0.000022,0.000610
87 , K ,-4825.084033 , -4297.870669, 0.181818,0.046806
87 , D ,1.170086 , 0.331633, 0.000003,0.000290
88 , E ,-8550.564568 , -9133.887180, 0.266129,0.062717
88 , H ,1.427217 , 0.219661, 0.000000,0.000038
88 , Q ,-5438.340475 , -5018.145333, 0.325991,0.052960
88 , F ,0.736392 , 0.121522, 0.000091,0.000511
88 , Y ,1.171005 , 0.195473, 0.000001,0.000518
88 , C ,0.830552 , 0.102819, 0.000024,0.000168
88 , N ,0.949743 , 0.283693, 0.000031,0.000405
88 , K ,-3454.773492 , -2875.449247, 0.162500,0.034031
88 , D ,0.788078 , 0.177384, 0.000084,0.000141
89 , E ,-7838.706616 , -8273.520815, 0.230089,0.065549
89 , H ,1.357567 , 0.226090, 0.000000,0.000038
89 , Q ,-4948.466507 , -4667.219625, 0.308943,0.044600
89 , F ,1.049308 , 0.189479, 0.000004,0.000400
89 , Y ,1.306736 , 0.143178, 0.000000,0.001129
89 , C ,0.741344 , 0.072021, 0.000054,0.000834
89 , N ,0.852359 , 0.200573, 0.000046,0.002157
89 , K ,-4014.715697 , -3491.550641, 0.155556,0.043704
89 , D ,0.927908 , 0.172825, 0.000014,0.000292
90 , E ,-2031.391997 , -1490.574370, 0.019802,0.040996
90 , H ,0.699846 , 0.754819, 0.008824,0.000283
90 , Q ,0.723552 , 0.788433, 0.008539,0.001033
90 , F ,0.782812 , 0.648034, 0.002692,0.000603
90 , Y ,0.762745 , 0.914716, 0.009366,0.000682
90 , C ,1.111057 , 1.086357, 0.001043,0.000365
90 , N ,0.792408 , 0.753353, 0.004045,0.000905
90 , K ,0.895318 , 1.009908, 0.004767,0.001000
90 , D ,-889.207681 , -960.530199, 0.023077,0.025020
91 , E ,-7622.233674 , -8129.170877, 0.292035,0.060720
91 , H ,-7.921968 , -8.612852, 0.000042,0.035261
91 , Q ,-4519.729614 , -4174.632001, 0.278027,0.041299
91 , F ,1.254998 , 0.284338, 0.000001,0.000552
91 , Y ,1.398654 , 0.149417, 0.000000,0.000868
91 , C ,0.657146 , 0.020944, 0.000091,0.001318
91 , N ,1.207415 , 0.357921, 0.000003,0.000716
91 , K ,-5774.702058 , -5420.026408, 0.136364,0.055269
91 , D ,0.781088 , 0.139669, 0.000064,0.001323
92 , E ,-1319.797699 , -1000.286728, 0.034483,0.027697
92 , H ,0.563119 , 0.629538, 0.016817,0.000765
92 , Q ,0.866043 , 0.817958, 0.002789,0.000304
92 , F ,0.858352 , 0.750999, 0.002232,0.000182
92 , Y ,0.564950 , 0.630284, 0.016033,0.000338
92 , C ,0.526987 , 0.591519, 0.019128,0.000448
92 , N ,0.523106 , 0.514099, 0.014846,0.001959
92 , K ,-748.875358 , -598.071888, 0.028302,0.022517
92 , D ,0.524494 , 0.565829, 0.018323,0.001065
93 , E ,-1855.423233 , -1433.207809, 0.022989,0.028339
93 , H ,0.812182 , 0.742082, 0.003248,0.001620
93 , Q ,0.594521 , 0.648615, 0.013734,0.000427
93 , F ,0.727653 , 0.582967, 0.003208,0.000586
93 , Y ,0.794432 , 0.850879, 0.005746,0.000659
93 , C ,0.784460 , 0.740370, 0.004146,0.000337
93 , N ,0.613706 , 0.586346, 0.009219,0.000544
93 , K ,0.706807 , 0.711680, 0.007314,0.003783
93 , D ,0.951435 , 0.867907, 0.001643,0.000161
94 , E ,-4125.030911 , -3600.073384, 0.127072,0.048686
94 , H ,1.201203 , 0.444135, 0.000006,0.000133
94 , Q ,-3082.529896 , -2404.862403, 0.071770,0.032188
94 , F ,1.450405 , 0.483548, 0.000000,0.000096
94 , Y ,1.038352 , 0.481857, 0.000057,0.000719
94 , C ,1.056138 , 0.578850, 0.000102,0.000694
94 , N ,0.695003 , 0.408467, 0.001473,0.001979
94 , K ,-4070.065927 , -3623.046665, 0.052632,0.049342
94 , D ,0.838222 , 0.202402, 0.000055,0.000154
95 , E ,-3381.766174 , -2813.734112, 0.111111,0.037074
95 , H ,0.547356 , 0.189100, 0.001501,0.000957
95 , Q ,-3033.027923 , -2370.713884, 0.081818,0.026461
95 , F ,0.949501 , 0.360211, 0.000061,0.000357
95 , Y ,0.565525 , 0.346072, 0.003934,0.000467
95 , C ,0.995691 , 0.571611, 0.000188,0.000059
95 , N ,0.838433 , 0.497086, 0.000593,0.000698
95 , K ,-6080.655066 , -6172.582486, 0.091743,0.063266
95 , D ,0.767255 , 0.334606, 0.000398,0.000257
96 , E ,-3108.931156 , -2531.829709, 0.110429,0.034785
96 , H ,0.614212 , 0.259642, 0.001239,0.000991
96 , Q ,-3033.505796 , -2397.330711, 0.068528,0.026368
96 , F ,1.063699 , 0.451402, 0.000035,0.000061
96 , Y ,0.600001 , 0.412396, 0.004204,0.001326
96 , C ,0.883674 , 0.496979, 0.000375,0.000176
96 , N ,0.511633 , 0.322545, 0.005838,0.000605
96 , K ,-2672.516802 , -2127.414516, 0.031250,0.048204
96 , D ,0.841067 , 0.421460, 0.000339,0.000068
97 , E ,-3061.727741 , -2613.198930, 0.152174,0.031333
97 , H ,0.617496 , 0.262568, 0.001227,0.000392
97 , Q ,-2846.091885 , -2165.953467, 0.070776,0.031610
97 , F ,0.944418 , 0.446319, 0.000131,0.000229
97 , Y ,0.582801 , 0.383290, 0.004189,0.001670
97 , C ,0.717256 , 0.041175, 0.000000,0.027016
97 , N ,0.712832 , 0.467984, 0.001893,0.001656
97 , K ,-2902.211794 , -2407.424116, 0.014184,0.032250
97 , D ,0.659512 , 0.346132, 0.001440,0.000112
98 , E ,-2653.401159 , -2140.799188, 0.130653,0.021533
98 , H ,0.662644 , 0.278386, 0.000836,0.000366
98 , Q ,-2599.330403 , -1977.591010, 0.067416,0.029571
98 , F ,0.916824 , 0.437112, 0.000167,0.000124
98 , Y ,0.637644 , 0.420574, 0.003042,0.000954
98 , C ,0.745695 , 0.090082, 0.000000,0.026621
98 , N ,0.582639 , 0.401222, 0.004706,0.002092
98 , K ,-2670.582080 , -2160.797226, 0.024691,0.030318
98 , D ,0.659635 , 0.368606, 0.001689,0.000125
99 , E ,-7819.624708 , -8452.436512, 0.315315,0.061467
99 , H ,-10.029831 , -10.700700, 0.000051,0.050763
99 , Q ,-4766.086365 , -4441.936027, 0.265700,0.044353
99 , F ,1.007053 , 0.253237, 0.000012,0.000261
99 , Y ,1.342358 , 0.076826, 0.000000,0.000600
99 , C ,0.735342 , 0.027669, 0.000037,0.000363
99 , N ,1.139866 , 0.407878, 0.000010,0.001605
99 , K ,-7566.199748 , -7780.539400, 0.111111,0.070645
99 , D ,0.537351 , 0.040283, 0.000467,0.002266
100 , E ,-7819.105618 , -8403.404496, 0.353535,0.050199
100 , H ,-9.832196 , -10.486975, 0.000050,0.060403
100 , Q ,-5037.143922 , -4737.675897, 0.258929,0.052047
100 , F ,1.098150 , 0.332591, 0.000008,0.000467
100 , Y ,1.013917 , 0.068228, 0.000002,0.000159
100 , C ,0.662217 , 0.108819, 0.000199,0.000610
100 , N ,1.060854 , 0.372291, 0.000018,0.001624
100 , K ,-4484.734781 , -4023.854032, 0.142857,0.046231
100 , D ,0.864530 , 0.249049, 0.000065,0.001406
101 , E ,-4832.339475 , -4512.463881, 0.238636,0.048457
101 , H ,0.913928 , 0.135220, 0.000012,0.000195
101 , Q ,-8900.399384 , -9638.146392, 0.294118,0.070501
101 , F ,1.139515 , 0.233871, 0.000002,0.000125
101 , Y ,-11.167730 , -11.794508, 0.000057,0.064775
101 , C ,0.935486 , 0.405274, 0.000106,0.001017
101 , N ,0.592915 , 0.257728, 0.001581,0.000850
101 , K ,-6401.576702 , -6328.759645, 0.120000,0.068533
101 , D ,0.872631 , 0.322749, 0.000111,0.000124
102 , E ,-4808.546418 , -4064.491368, 0.250000,0.057500
102 , H ,0.542801 , 0.083398, 0.000656,0.001094
102 , Q ,-8330.501394 , -8899.200761, 0.178082,0.092200
102 , F ,0.531967 , 0.100997, 0.000912,0.003385
102 , Y ,1.838730 , 0.366093, 0.000000,0.007055
102 , C ,0.692399 , 0.226582, 0.000395,0.000913
102 , N ,0.834062 , 0.421460, 0.000387,0.002514
102 , K ,-7650.425491 , -8039.980247, 0.066667,0.133333
102 , D ,0.951234 , 0.392819, 0.000077,0.003686
103 , E ,-2055.208877 , -1654.416517, 0.059829,0.020767
103 , H ,-1944.033721 , -1840.846412, 0.014035,0.016752
103 , Q ,-1553.288731 , -1539.093294, 0.018868,0.019091
103 , F ,0.424625 , 0.310795, 0.012789,0.000639
103 , Y ,-2312.888397 , -2048.604937, 0.043062,0.018001
103 , C ,1.220366 , 0.926890, 0.000089,0.005335
103 , N ,0.435421 , 0.486716, 0.026060,0.000888
103 , K ,0.479120 , 0.500813, 0.020263,0.001333
103 , D ,-1549.812204 , -1496.443684, 0.029412,0.016831
104 , E ,-1882.221988 , -1502.564890, 0.039063,0.020970
104 , H ,1.146269 , 0.905574, 0.000175,0.005832
104 , Q ,-1693.770787 , -1676.939498, 0.027190,0.018982
104 , F ,0.414230 , 0.278441, 0.011652,0.000447
104 , Y ,-1896.616479 , -1728.805139, 0.053333,0.017064
104 , C ,-1931.949301 , -1919.733637, 0.023739,0.016537
104 , N ,0.373537 , 0.414159, 0.033616,0.000818
104 , K ,0.380468 , 0.376139, 0.027507,0.001775
104 , D ,-1866.115059 , -1754.476321, 0.023256,0.017461
105 , E ,-2010.994065 , -1673.868335, 0.064516,0.019622
105 , H ,-2015.614360 , -1947.385750, 0.014337,0.017227
105 , Q ,-2368.496599 , -2368.449614, 0.018024,0.019366
105 , F ,0.435492 , 0.306147, 0.011256,0.000825
105 , Y ,-2088.431772 , -1771.850131, 0.050761,0.019432
105 , C ,-2108.983279 , -2096.450141, 0.029155,0.016248
105 , N ,0.333738 , 0.370938, 0.037834,0.000631
105 , K ,0.549978 , 0.506806, 0.011310,0.001808
105 , D ,-1840.792820 , -1677.349408, 0.030864,0.016597
106 , E ,-1834.566478 , -1512.012965, 0.065217,0.019241
106 , H ,-1902.736380 , -1813.441472, 0.013793,0.017072
106 , Q ,-1518.460365 , -1447.060223, 0.038806,0.018639
106 , F ,0.375114 , 0.268868, 0.016075,0.000478
106 , Y ,-2056.206204 , -1821.295714, 0.055814,0.017063
106 , C ,1.700130 , 1.158313, 0.000002,0.006526
106 , N ,-1600.816265 , -1558.037415, 0.016000,0.016905
106 , K ,-1863.431227 , -1951.260266, 0.024390,0.023498
106 , D ,-1966.712572 , -1899.915756, 0.016854,0.017030
107 , E ,-5989.310785 , -5574.032352, 0.309211,0.060177
107 , H ,1.044662 , 0.295427, 0.000011,0.000484
107 , Q ,-18239.556597 , -24094.309372, 0.355844,0.096563
107 , F ,1.307138 , 0.260205, 0.000000,0.001919
107 , Y ,-9.664916 , -10.312225, 0.000050,0.056361
107 , C ,1.044314 , 0.340533, 0.000017,0.000862
107 , N ,0.768756 , 0.238991, 0.000174,0.002616
107 , K ,-14860.373095 , -18117.614355, 0.166667,0.116922
107 , D ,1.218741 , 0.513475, 0.000010,0.002076
108 , E ,-6167.226783 , -5770.591314, 0.247525,0.074568
108 , H ,0.970702 , 0.257849, 0.000019,0.000894
108 , Q ,-18226.123805 , -23947.147500, 0.368771,0.095573
108 , F ,-8.837854 , -9.520899, 0.000046,0.044801
108 , Y ,-9.511080 , -10.167889, 0.000050,0.049928
108 , C ,1.463944 , 0.324851, 0.000000,0.000858
108 , N ,0.442377 , 0.130332, 0.003123,0.001185
108 , K ,-11446.326030 , -13283.137071, 0.148936,0.111815
108 , D ,1.300874 , 0.471104, 0.000003,0.000782
109 , E ,-6278.761608 , -5880.002794, 0.244898,0.075594
109 , H ,1.038651 , 0.284818, 0.000011,0.001701
109 , Q ,-18062.380583 , -23738.664962, 0.372434,0.093799
109 , F ,-8.961310 , -9.640824, 0.000047,0.045340
109 , Y ,-9.927932 , -10.589760, 0.000051,0.047564
109 , C ,1.604933 , 0.381738, 0.000000,0.000966
109 , N ,0.511674 , 0.154509, 0.001731,0.000582
109 , K ,-10636.835963 , -12107.392811, 0.145833,0.112196
109 , D ,1.144326 , 0.394277, 0.000008,0.001290
110 , E ,-5409.951383 , -5207.218650, 0.184932,0.063931
110 , H ,1.112005 , 0.320710, 0.000006,0.000566
110 , Q ,-4673.471084 , -4302.926021, 0.354839,0.036123
110 , F ,0.894917 , 0.071057, 0.000008,0.000177
110 , Y ,-14.380879 , -15.025965, 0.000072,0.044704
110 , C ,1.642558 , 0.426088, 0.000000,0.000251
110 , N ,0.506341 , 0.172163, 0.002021,0.000616
110 , K ,-4303.414939 , -3745.157841, 0.231481,0.046103
110 , D ,1.097310 , 0.302831, 0.000006,0.000081
111 , E ,0.999366 , 1.099417, 0.002888,0.000076
111 , H ,0.905779 , 0.845780, 0.002270,0.000226
111 , Q ,0.658535 , 0.749926, 0.012302,0.000134
111 , F ,1.018843 , 0.631820, 0.000216,0.000300
111 , Y ,0.981760 , 0.977244, 0.002024,0.000264
111 , C ,0.751492 , 0.674321, 0.004006,0.000264
111 , N ,0.965594 , 0.765374, 0.000862,0.000036
111 , K ,0.835435 , 0.808685, 0.003594,0.000109
111 , D ,0.791695 , 0.723049, 0.003590,0.000208
112 , E ,-1958.718688 , -1431.782582, 0.058824,0.026987
112 , H ,0.623681 , 0.421050, 0.003354,0.000365
112 , Q ,-3306.479749 , -2803.483592, 0.243719,0.031195
112 , F ,0.674527 , 0.626708, 0.006418,0.000376
112 , Y ,0.767783 , 0.480938, 0.001100,0.000469
112 , C ,0.825060 , 0.301801, 0.000159,0.000025
112 , N ,1.453376 , 0.782403, 0.000004,0.002282
112 , K ,-1674.118754 , -1245.353678, 0.060729,0.021631
112 , D ,0.837907 , 0.322546, 0.000162,0.000129
113 , E ,-4187.982395 , -3958.597258, 0.350195,0.041829
113 , H ,0.822992 , 0.274863, 0.000000,0.024484
113 , Q ,-4706.719809 , -4362.173333, 0.269091,0.043464
113 , F ,0.917769 , 0.179958, 0.000016,0.000285
113 , Y ,0.859007 , 0.320941, 0.000124,0.000175
113 , C ,0.955050 , 0.384780, 0.000070,0.000186
113 , N ,0.782198 , 0.187341, 0.000091,0.000774
113 , K ,-5146.976026 , -5339.022787, 0.393939,0.041007
113 , D ,0.774540 , 0.245907, 0.000176,0.000300
114 , E ,-2874.518954 , -2299.770412, 0.132808,0.024157
114 , H ,0.735022 , 0.509361, 0.001936,0.000192
114 , Q ,-3581.405809 , -2990.150042, 0.197023,0.031789
114 , F ,0.805385 , 0.347101, 0.000289,0.000025
114 , Y ,0.752938 , 0.439546, 0.001023,0.000106
114 , C ,0.732612 , 0.516427, 0.002062,0.000054
114 , N ,0.656279 , 0.422137, 0.002513,0.000056
114 , K ,-2951.338863 , -2337.842740, 0.135900,0.028273
114 , D ,0.517370 , 0.386812, 0.008028,0.000083
115 , E ,0.686309 , 0.286314, 0.000684,0.000083
115 , H ,-3771.818431 , -3160.169587, 0.164414,0.039906
115 , Q ,0.809137 , 0.363539, 0.000316,0.000044
115 , F ,0.836307 , 0.925590, 0.005592,0.000157
115 , Y ,-3410.874929 , -2766.876457, 0.095819,0.032115
115 , C ,-2825.196237 , -2248.693091, 0.161017,0.026051
115 , N ,-4766.138458 , -4410.583837, 0.280738,0.041539
115 , K ,0.585533 , 0.078024, 0.000370,0.000342
115 , D ,-1972.356473 , -1408.219373, 0.045082,0.029117
116 , E ,0.926827 , 0.498337, 0.000237,0.000039
116 , H ,-3489.704108 , -2875.247810, 0.158676,0.032259
116 , Q ,0.875197 , 0.549122, 0.000583,0.000047
116 , F ,0.752408 , 0.728536, 0.005164,0.000024
116 , Y ,-4703.364963 , -4361.184217, 0.275210,0.044665
116 , C ,-4229.968853 , -3878.621438, 0.292986,0.039658
116 , N ,-4562.802558 , -4243.300779, 0.320086,0.039699
116 , K ,0.589411 , 0.034927, 0.000234,0.000189
116 , D ,-4858.954707 , -4493.746121, 0.240234,0.047523
117 , E ,1.027149 , 0.522590, 0.000092,0.000167
117 , H ,-3788.935957 , -3187.599313, 0.146169,0.039566
117 , Q ,0.803883 , 0.509504, 0.000951,0.000123
117 , F ,0.768810 , 0.779247, 0.005619,0.000068
117 , Y ,-5308.333008 , -5250.433383, 0.276128,0.046429
117 , C ,-5012.406012 , -4929.428606, 0.297355,0.041550
117 , N ,-4003.819898 , -3626.818808, 0.305208,0.028347
117 , K ,0.603472 , 0.017246, 0.000164,0.000077
117 , D ,-4888.343026 , -4525.647159, 0.257095,0.047130
118 , E ,-3819.537606 , -3182.177685, 0.125307,0.040542
118 , H ,1.022313 , 0.259505, 0.000010,0.000011
118 , Q ,-3281.384771 , -2596.100585, 0.077407,0.039670
118 , F ,0.900027 , 0.414532, 0.000167,0.000132
118 , Y ,0.923149 , 0.371456, 0.000091,0.000058
118 , C ,0.774858 , 0.448516, 0.000855,0.000013
118 , N ,0.685537 , 0.365822, 0.001254,0.000076
118 , K ,-3449.184397 , -2766.005900, 0.087221,0.033506
118 , D ,0.873782 , 0.343052, 0.000126,0.000082
119 , E ,0.227380 , -0.085005, 0.005403,0.000320
119 , H ,-2808.227423 , -2386.511727, 0.269058,0.016861
119 , Q ,0.044262 , -0.210848, 0.014096,0.000246
119 , F ,-2278.204894 , -1958.313787, 0.114983,0.017339
119 , Y ,-2988.926850 , -2567.734901, 0.240370,0.018816
119 , C ,-2670.197076 , -2253.709128, 0.222054,0.023396
119 , N ,-2532.431579 , -2145.867577, 0.318047,0.014133
119 , K ,0.109186 , -0.162440, 0.010552,0.000100
119 , D ,-2299.474798 , -1860.666279, 0.147268,0.018553
120 , E ,-1813.625251 , -1266.701837, 0.018182,0.030701
120 , H ,0.754168 , 0.123154, 0.000000,0.025894
120 , Q ,-2769.895299 , -2115.904503, 0.062571,0.037596
120 , F ,0.746079 , 0.597956, 0.002835,0.000135
120 , Y ,0.939099 , 0.619458, 0.000473,0.000028
120 , C ,0.964032 , 1.050250, 0.003176,0.000153
120 , N ,0.861324 , 0.476536, 0.000407,0.000230
120 , K ,0.557944 , 0.744619, 0.025639,0.000220
120 , D ,0.922967 , 0.441746, 0.000161,0.000058
121 , E ,-39904.919771 , -70208.810857, 0.166667,0.250000
122 , H ,-1085.539609 , -724.035249, 0.032514,0.023211
122 , Q ,0.588473 , 0.459867, 0.006116,0.000096
122 , F ,-1321.223100 , -981.980414, 0.045455,0.021151
122 , Y ,-1704.615473 , -1238.015641, 0.077409,0.021473
122 , C ,-1713.674986 , -1234.211094, 0.071967,0.025672
122 , N ,-827.810843 , -565.433411, 0.036765,0.022493
122 , K ,0.645162 , 0.432100, 0.002964,0.000094
122 , D ,-1116.655446 , -829.648306, 0.033962,0.022249
123 , E ,-10.255817 , -10.931546, 0.000052,0.047982
123 , H ,-3049.033889 , -2451.452776, 0.101449,0.034560
123 , Q ,0.692183 , 0.016493, 0.000055,0.000002
123 , F ,0.756986 , 0.619180, 0.002920,0.000112
123 , Y ,-3575.014277 , -2984.219589, 0.188748,0.037248
123 , C ,-3979.254058 , -3516.229394, 0.179724,0.038245
123 , N ,-3298.619765 , -2758.470049, 0.269380,0.027112
123 , K ,0.718089 , -0.185378, 0.000005,0.000182
123 , D ,-2581.238437 , -2035.105689, 0.078818,0.027757
124 , E ,-2217.561083 , -1879.407271, 0.063830,0.030149
124 , H ,0.475919 , 0.416236, 0.013726,0.001575
124 , Q ,-1995.906140 , -1593.608712, 0.080460,0.029238
124 , F ,0.938730 , 0.539940, 0.000274,0.000502
124 , Y ,0.585397 , 0.507934, 0.007910,0.001178
124 , C ,0.531307 , 0.305276, 0.004391,0.001460
124 , N ,0.375216 , 0.259926, 0.015324,0.001045
124 , K ,-1202.097205 , -784.574986, 0.030769,0.028284
124 , D ,1.272920 , 0.525298, 0.000004,0.007168
125 , E ,0.628436 , 0.837977, 0.020690,0.001980
125 , H ,0.734956 , 0.611381, 0.003462,0.000442
125 , Q ,-1200.067702 , -921.501826, 0.025316,0.026821
125 , F ,0.976622 , 0.662872, 0.000418,0.000143
125 , Y ,0.707674 , 0.697111, 0.006530,0.000527
125 , C ,0.873401 , 0.667130, 0.001229,0.000263
125 , N ,0.829388 , 0.637772, 0.001556,0.000520
125 , K ,0.494368 , 0.438697, 0.013439,0.001172
125 , D ,0.555539 , 0.398601, 0.006021,0.000529
126 , E ,0.357133 , 0.316881, 0.024751,0.002058
126 , H ,-2561.475645 , -2120.848637, 0.062500,0.021588
126 , Q ,0.502190 , 0.363618, 0.008115,0.000397
126 , F ,0.533384 , 0.514972, 0.013219,0.000185
126 , Y ,-1715.659151 , -1338.011626, 0.020979,0.022285
126 , C ,-1215.551330 , -1019.134080, 0.062500,0.018323
126 , N ,-1419.917905 , -1270.064682, 0.084112,0.020264
126 , K ,0.582145 , 0.475545, 0.007006,0.001081
126 , D ,-2238.427357 , -1992.857188, 0.063063,0.021562
127 , E ,-1559.854690 , -1242.538851, 0.049587,0.024554
127 , H ,0.626539 , 0.608814, 0.009035,0.000340
127 , Q ,-1202.473658 , -865.487440, 0.020101,0.027781
127 , F ,0.937159 , 0.645477, 0.000570,0.000225
127 , Y ,0.753356 , 0.709021, 0.004681,0.000191
127 , C ,0.872654 , 0.577056, 0.000736,0.000640
127 , N ,0.798834 , 0.637367, 0.002122,0.000666
127 , K ,-1891.727517 , -1583.042802, 0.037500,0.034406
127 , D ,1.406613 , 1.084590, 0.000062,0.001194
128 , E ,0.901150 , 0.762916, 0.001560,0.000875
128 , H ,-1740.036302 , -1184.026487, 0.016901,0.030897
128 , Q ,0.944439 , 0.706522, 0.000766,0.000362
128 , F ,0.862181 , 1.159518, 0.009699,0.000267
128 , Y ,-3022.636778 , -2378.393472, 0.076212,0.026114
128 , C ,-1352.694607 , -948.866984, 0.024194,0.027454
128 , N ,-1593.473250 , -1066.882488, 0.039267,0.035601
128 , K ,0.826090 , 0.684800, 0.002164,0.000043
128 , D ,-1867.728605 , -1390.792312, 0.044610,0.033269
129 , E ,0.905933 , 0.803299, 0.001829,0.000821
129 , H ,-1437.611267 , -946.908623, 0.032967,0.024564
129 , Q ,1.075769 , 0.788599, 0.000329,0.000221
129 , F ,-1395.392586 , -889.087840, 0.018405,0.025747
129 , Y ,-2692.853155 , -2102.435448, 0.083333,0.028227
129 , C ,-1509.743410 , -1018.991563, 0.025707,0.025219
129 , N ,-1678.989133 , -1146.982635, 0.039578,0.034948
129 , K ,0.817269 , 0.684544, 0.002344,0.000196
129 , D ,-1863.987219 , -1362.314079, 0.039855,0.034323
130 , E ,0.858412 , 0.747915, 0.002154,0.000835
130 , H ,-1724.352331 , -1210.601043, 0.021212,0.029699
130 , Q ,1.023294 , 0.727098, 0.000390,0.000136
130 , F ,-1083.536643 , -577.043379, 0.031915,0.025784
130 , Y ,-2826.478481 , -2208.466262, 0.091153,0.028708
130 , C ,-1462.668170 , -1043.129645, 0.031977,0.027263
130 , N ,-1761.089981 , -1234.602271, 0.041322,0.028358
130 , K ,0.823425 , 0.693174, 0.002310,0.000077
130 , D ,-1412.427551 , -923.474348, 0.045643,0.033939
131 , E ,0.828512 , 0.735155, 0.002672,0.001264
131 , H ,-1853.944652 , -1363.684339, 0.023569,0.029018
131 , Q ,1.114192 , 0.861325, 0.000335,0.000435
131 , F ,-902.884008 , -458.025777, 0.043825,0.024308
131 , Y ,-2777.197503 , -2206.811963, 0.074742,0.023768
131 , C ,-1487.877819 , -1100.240246, 0.036474,0.026710
131 , N ,-1594.307726 , -1091.264921, 0.030030,0.035031
131 , K ,0.783961 , 0.687483, 0.003247,0.000255
131 , D ,-1179.547291 , -720.157546, 0.031674,0.028405
132 , E ,0.735436 , 0.645486, 0.004119,0.000665
132 , H ,-1729.127755 , -1246.684642, 0.022989,0.023909
132 , Q ,1.003078 , 0.767228, 0.000601,0.000289
132 , F ,0.802999 , 1.111418, 0.012846,0.000085
132 , Y ,-2615.522145 , -2012.370044, 0.074257,0.028925
132 , C ,-1426.939962 , -997.209633, 0.023560,0.024190
132 , N ,-2008.857782 , -1449.749558, 0.047619,0.029110
132 , K ,0.865122 , 0.708779, 0.001673,0.000682
132 , D ,-1706.102151 , -1272.545102, 0.047619,0.032174
133 , E ,0.870327 , 0.777508, 0.002243,0.000732
133 , H ,-1867.121309 , -1343.761831, 0.016713,0.026030
133 , Q ,1.008314 , 0.727150, 0.000445,0.000564
133 , F ,-1177.160717 , -685.949882, 0.023333,0.025389
133 , Y ,-2638.890688 , -2018.130973, 0.084541,0.028730
133 , C ,-1340.476738 , -922.807381, 0.026316,0.023712
133 , N ,-1839.589632 , -1333.662690, 0.037634,0.034273
133 , K ,1.170534 , 0.933818, 0.000286,0.000198
133 , D ,-1723.697886 , -1267.483005, 0.046332,0.033056
134 , E ,0.913535 , 0.777739, 0.001487,0.000785
134 , H ,-1794.170205 , -1260.154970, 0.025641,0.025046
134 , Q ,1.087011 , 0.808740, 0.000328,0.000231
134 , F ,-1096.933456 , -639.694806, 0.033233,0.024983
134 , Y ,-2717.019051 , -2100.980686, 0.078049,0.029032
134 , C ,-1480.292223 , -1127.601190, 0.037634,0.022420
134 , N ,-1844.750728 , -1276.316157, 0.024752,0.036626
134 , K ,0.951918 , 0.797585, 0.001175,0.000180
134 , D ,-1975.998297 , -1454.975505, 0.036900,0.034599
135 , E ,0.932649 , 0.810512, 0.001459,0.000965
135 , H ,-1775.530959 , -1253.607387, 0.028409,0.025165
135 , Q ,0.907171 , 0.686097, 0.000981,0.000446
135 , F ,-1134.395019 , -733.774285, 0.034483,0.022928
135 , Y ,-2754.798106 , -2157.684494, 0.071247,0.024867
135 , C ,-1271.582868 , -811.116543, 0.031915,0.024757
135 , N ,-1935.690968 , -1386.401165, 0.036011,0.035816
135 , K ,0.802080 , 0.631634, 0.002028,0.000267
135 , D ,-1855.228449 , -1390.940494, 0.054945,0.032685
136 , E ,0.895066 , 0.816297, 0.002128,0.000653
136 , H ,-1666.190115 , -1178.834059, 0.023739,0.028504
136 , Q ,1.147436 , 0.869534, 0.000256,0.000156
136 , F ,-1079.479863 , -610.352427, 0.020000,0.026133
136 , Y ,-2658.942596 , -2052.029043, 0.078680,0.024903
136 , C ,-1171.964420 , -776.222401, 0.038462,0.027193
136 , N ,-1720.919615 , -1178.810267, 0.018868,0.036332
136 , K ,0.796724 , 0.671401, 0.002659,0.000394
136 , D ,-1496.796327 , -1078.736996, 0.036437,0.033759
137 , E ,0.735585 , 0.667871, 0.004544,0.001006
137 , H ,-1701.597321 , -1150.627813, 0.025397,0.030481
137 , Q ,0.965354 , 0.736163, 0.000738,0.000256
137 , F ,-979.372747 , -532.026213, 0.032389,0.025024
137 , Y ,-2819.197953 , -2192.609967, 0.078591,0.029382
137 , C ,-1365.550177 , -950.963744, 0.036145,0.027187
137 , N ,-1588.944270 , -1066.971860, 0.040000,0.035026
137 , K ,0.848818 , 0.711605, 0.002003,0.000185
137 , D ,-1441.729590 , -999.698162, 0.038835,0.033500
138 , E ,0.647537 , 0.438193, 0.003040,0.000386
138 , H ,0.753559 , 0.782280, 0.006324,0.000113
138 , Q ,0.725479 , 0.537578, 0.002508,0.000124
138 , F ,0.721760 , 0.412707, 0.001178,0.000078
138 , Y ,-1284.215539 , -879.928978, 0.032767,0.023039
138 , C ,0.604616 , 0.686177, 0.014901,0.000113
138 , N ,0.501941 , 0.507163, 0.016834,0.000167
138 , K ,0.764636 , 0.627134, 0.002797,0.000224
138 , D ,0.611647 , 0.589501, 0.009504,0.000102
139 , E ,0.726880 , 0.582434, 0.003162,0.000542
139 , H ,0.639126 , 0.726114, 0.013207,0.000046
139 , Q ,0.886327 , 0.721368, 0.001438,0.000336
139 , F ,0.722229 , 0.446592, 0.001468,0.000052
139 , Y ,-1171.964841 , -843.294161, 0.028902,0.022514
139 , C ,0.623589 , 0.714011, 0.014212,0.000140
139 , N ,0.762660 , 0.804391, 0.006440,0.000078
139 , K ,0.690825 , 0.583053, 0.004433,0.000190
139 , D ,0.659662 , 0.668311, 0.008743,0.000128
140 , E ,0.569706 , 0.308861, 0.002892,0.000348
140 , H ,-1049.508227 , -937.727198, 0.023256,0.020804
140 , Q ,0.709231 , 0.534334, 0.002874,0.000249
140 , F ,0.691902 , 0.478693, 0.002473,0.000053
140 , Y ,-1669.502396 , -1337.434766, 0.042301,0.020888
140 , C ,-1302.905276 , -1091.390863, 0.040336,0.020725
140 , N ,0.639911 , 0.646278, 0.009391,0.000161
140 , K ,0.670257 , 0.524460, 0.004036,0.000272
140 , D ,-1223.220841 , -1133.191254, 0.032663,0.018541
141 , E ,0.422408 , 0.237589, 0.008321,0.000761
141 , H ,-1009.938763 , -965.239893, 0.022222,0.019947
141 , Q ,0.625257 , 0.480256, 0.004789,0.000270
141 , F ,0.623707 , 0.361931, 0.002312,0.000242
141 , Y ,-1472.840608 , -1105.774902, 0.043261,0.021271
141 , C ,-1010.459970 , -970.349444, 0.038128,0.020371
141 , N ,0.514939 , 0.513150, 0.015415,0.000156
141 , K ,0.749995 , 0.586040, 0.002577,0.000249
141 , D ,-1538.871166 , -1498.940680, 0.056338,0.017642
142 , E ,0.692181 , 0.302226, 0.000711,0.001248
142 , H ,-1403.795108 , -1069.923053, 0.048387,0.020768
142 , Q ,0.464945 , 0.215408, 0.004610,0.000183
142 , F ,0.679235 , 0.362650, 0.001307,0.000271
142 , Y ,-2439.527619 , -1858.784578, 0.081731,0.027375
142 , C ,-1414.295472 , -1121.426263, 0.022831,0.025477
142 , N ,-1370.449486 , -1074.758550, 0.048346,0.021368
142 , K ,0.762314 , 0.069159, 0.000000,0.022259
142 , D ,-1148.090450 , -882.299225, 0.016393,0.026455
143 , E ,0.738226 , 0.137521, 0.000102,0.000133
143 , H ,-2751.138089 , -2132.015920, 0.076768,0.025501
143 , Q ,0.804706 , 0.225475, 0.000103,0.000002
143 , F ,-3115.057008 , -2435.984882, 0.095960,0.031909
143 , Y ,-2541.175979 , -1942.455773, 0.065217,0.035214
143 , C ,-2140.193886 , -1534.319191, 0.035965,0.030655
143 , N ,-2939.031431 , -2278.038551, 0.096916,0.030800
143 , K ,0.954920 , 0.293425, 0.000032,0.000207
143 , D ,-3052.574204 , -2427.081940, 0.081566,0.036720
