1 , E ,0.674624 , 0.325439, 0.000003,0.000074
1 , H ,2.126091 , 4.604743, 0.000073,0.014763
1 , Q ,0.471790 , 0.175722, 0.000026,0.000153
1 , F ,0.300334 , 0.782581, 0.078719,0.000099
1 , Y ,0.229337 , 0.876177, 0.139815,0.000130
1 , C ,0.238139 , 0.733088, 0.111015,0.000540
1 , N ,0.285807 , 0.892648, 0.103250,0.000220
1 , K ,0.448386 , 0.022288, 0.000002,0.000031
1 , D ,0.327462 , 0.660961, 0.046454,0.000082
2 , E ,0.791488 , 1.014232, 0.001006,0.000131
2 , H ,1.019698 , 0.779668, 0.000001,0.000353
2 , Q ,0.795462 , 1.016368, 0.000959,0.000206
2 , F ,0.861608 , 0.724944, 0.000021,0.000072
2 , Y ,0.923397 , 0.850433, 0.000027,0.000252
2 , C ,1.408458 , 1.286281, 0.000000,0.000304
2 , N ,0.951610 , 0.666145, 0.000001,0.000079
2 , K ,0.844236 , 1.052286, 0.000603,0.000383
2 , D ,0.906644 , 0.644748, 0.000003,0.000235
3 , E ,0.865308 , 0.534471, 0.000001,0.000503
3 , H ,0.289625 , 0.664375, 0.063186,0.000104
3 , Q ,0.576157 , 0.344860, 0.000045,0.000135
3 , F ,0.423782 , 0.417533, 0.003067,0.000110
3 , Y ,0.353903 , 0.627431, 0.032270,0.000228
3 , C ,1.335165 , 1.635617, 0.000013,0.001831
3 , N ,0.393407 , 0.575133, 0.015603,0.000150
3 , K ,0.316382 , 0.178742, 0.001175,0.000241
3 , D ,0.601351 , 0.794970, 0.003671,0.000087
4 , E ,0.734326 , 0.758633, 0.000345,0.000027
4 , H ,0.537425 , 0.706632, 0.005213,0.000197
4 , Q ,0.661603 , 0.720735, 0.000857,0.000041
4 , F ,0.715172 , 0.729480, 0.000362,0.000139
4 , Y ,0.382151 , 0.760098, 0.038566,0.000156
4 , C ,0.499681 , 0.738640, 0.010151,0.000156
4 , N ,0.425266 , 0.796927, 0.028913,0.000296
4 , K ,0.714619 , 0.468828, 0.000014,0.000029
4 , D ,0.448440 , 0.814386, 0.024392,0.000104
5 , E ,0.715579 , 0.746280, 0.000425,0.000108
5 , H ,0.640163 , 0.855972, 0.003083,0.000144
5 , Q ,0.726721 , 0.765606, 0.000417,0.000099
5 , F ,1.077185 , 1.099808, 0.000019,0.000224
5 , Y ,0.309897 , 0.634368, 0.052115,0.000374
5 , C ,0.506228 , 0.878811, 0.017312,0.000233
5 , N ,0.397448 , 0.722187, 0.029748,0.000086
5 , K ,0.722075 , 0.474111, 0.000013,0.000116
5 , D ,0.556538 , 0.948894, 0.013080,0.000161
6 , E ,-8.537969 , -8.848035, 0.000084,0.008152
6 , H ,1.183011 , 1.235090, 0.000001,0.038943
6 , Q ,0.317706 , -0.209323, 0.000000,0.000382
6 , F ,1.071546 , 1.071193, 0.000001,0.034481
6 , Y ,0.959519 , 0.896177, 0.000003,0.054377
6 , C ,1.148985 , 1.150086, 0.000001,0.043285
6 , N ,0.855227 , 0.631108, 0.000001,0.025607
6 , K ,0.388873 , -0.122374, 0.000000,0.000280
6 , D ,1.017208 , 0.909182, 0.000001,0.044137
7 , E ,0.368103 , 0.300994, 0.002364,0.000612
7 , H ,0.243678 , 0.350523, 0.030209,0.000687
7 , Q ,0.217165 , 0.105811, 0.003449,0.000426
7 , F ,0.118328 , 0.288221, 0.093327,0.000398
7 , Y ,0.178642 , 0.330776, 0.060709,0.000649
7 , C ,0.374748 , 0.660560, 0.029051,0.000581
7 , N ,1.652394 , 3.012803, 0.000074,0.004391
7 , K ,0.287564 , 0.179639, 0.002301,0.000837
7 , D ,1.028031 , 1.105047, 0.000024,0.003399
8 , E ,0.308411 , 0.354102, 0.011876,0.000961
8 , H ,0.769086 , 0.667109, 0.000069,0.000545
8 , Q ,0.560785 , 0.640251, 0.002132,0.001134
8 , F ,1.016356 , 0.888694, 0.000005,0.000941
8 , Y ,0.660047 , 0.668689, 0.000534,0.000530
8 , C ,0.527022 , 0.509168, 0.001177,0.001102
8 , N ,0.726190 , 0.684288, 0.000192,0.000230
8 , K ,1.060768 , 0.980953, 0.000006,0.001186
8 , D ,0.814075 , 0.692619, 0.000037,0.000292
9 , E ,0.874605 , 1.458483, 0.002942,0.001333
9 , H ,1.114829 , 0.884756, 0.000001,0.001121
9 , Q ,0.818719 , 1.183136, 0.001709,0.000739
9 , F ,1.474216 , 1.039341, 0.000000,0.000921
9 , Y ,1.263029 , 1.134679, 0.000001,0.001297
9 , C ,0.803797 , 0.705804, 0.000047,0.001430
9 , N ,0.520265 , 0.313868, 0.000101,0.000961
9 , K ,0.334599 , 0.450203, 0.018508,0.001169
9 , D ,1.247352 , 0.786819, 0.000000,0.002177
10 , E ,-0.327320 , -1.167498, 0.353861,0.041914
10 , F ,0.301671 , 0.175222, 0.003562,0.027854
10 , Y ,0.372722 , 0.159256, 0.000362,0.034559
11 , E ,0.393458 , 0.382487, 0.003593,0.000356
11 , H ,0.329757 , 0.446857, 0.017593,0.000606
11 , Q ,0.325503 , 0.236158, 0.002288,0.000454
11 , F ,0.265538 , 0.335068, 0.019728,0.000500
11 , Y ,0.222225 , 0.247384, 0.019332,0.000333
11 , C ,0.257932 , 0.354508, 0.026041,0.001165
11 , N ,0.863595 , 0.873595, 0.000074,0.001406
11 , K ,0.417137 , 0.330665, 0.001208,0.000693
11 , D ,0.916989 , 0.731202, 0.000005,0.000863
12 , E ,0.614768 , 0.546442, 0.000342,0.000221
12 , H ,0.526692 , 0.656841, 0.004335,0.000139
12 , Q ,0.796187 , 0.857673, 0.000283,0.000045
12 , F ,0.539338 , 0.544543, 0.001379,0.000261
12 , Y ,1.073927 , 1.609563, 0.000407,0.001909
12 , C ,0.511381 , 0.690423, 0.006636,0.000084
12 , N ,0.642040 , 0.857804, 0.003018,0.000096
12 , K ,0.523884 , 0.420983, 0.000451,0.000088
12 , D ,0.882700 , 0.919186, 0.000110,0.000154
13 , E ,0.350186 , 0.710498, 0.045307,0.001869
13 , H ,0.540305 , 0.244150, 0.000019,0.000741
13 , Q ,0.663044 , 1.331557, 0.014350,0.000303
13 , F ,1.014731 , 0.386389, 0.000000,0.000498
13 , Y ,0.695023 , 0.280398, 0.000001,0.000972
13 , C ,0.515453 , 0.251672, 0.000039,0.000579
13 , N ,0.838370 , 0.271641, 0.000000,0.001841
13 , K ,0.363898 , 0.577203, 0.022989,0.001967
13 , D ,0.486720 , 0.148366, 0.000011,0.001797
14 , E ,0.496828 , 0.928580, 0.022014,0.000851
14 , H ,0.479079 , 0.206156, 0.000041,0.001380
14 , Q ,0.411154 , 0.859993, 0.038830,0.000995
14 , F ,0.907654 , 0.360960, 0.000000,0.000321
14 , Y ,0.745146 , 0.282592, 0.000000,0.001054
14 , C ,0.522865 , 0.230046, 0.000020,0.001097
14 , N ,0.632101 , 0.199790, 0.000001,0.004782
14 , K ,0.352748 , 0.555328, 0.023796,0.001372
14 , D ,0.901577 , 0.290246, 0.000000,0.001436
15 , E ,0.146986 , 0.178228, 0.068171,0.009198
15 , H ,1.352391 , 0.761592, 0.000000,0.002833
15 , Q ,1.231362 , 1.265100, 0.000003,0.037956
15 , F ,-0.057238 , -0.150018, 0.046271,0.000338
15 , Y ,0.921424 , 0.459615, 0.000000,0.009231
15 , C ,0.291790 , 0.156020, 0.002360,0.002048
15 , N ,0.593109 , 0.285811, 0.000013,0.003666
16 , E ,0.473875 , 0.753358, 0.014859,0.000824
16 , H ,0.894726 , 0.496011, 0.000000,0.000201
16 , Q ,0.426046 , 0.777150, 0.026997,0.000491
16 , F ,0.817986 , 0.399761, 0.000000,0.000749
16 , Y ,0.755360 , 0.398176, 0.000001,0.000142
16 , C ,0.512359 , 0.351150, 0.000220,0.000616
16 , N ,0.800216 , 0.429337, 0.000001,0.000440
16 , K ,0.292935 , 0.396289, 0.022089,0.000853
16 , D ,1.025740 , 0.492536, 0.000000,0.000716
17 , E ,0.634285 , 1.021848, 0.007128,0.001909
17 , H ,0.992671 , 0.562159, 0.000000,0.000980
17 , Q ,0.607207 , 1.054298, 0.010909,0.000791
17 , F ,0.760493 , 0.425119, 0.000002,0.000603
17 , Y ,0.965096 , 0.640924, 0.000001,0.000223
17 , C ,0.758016 , 0.561671, 0.000020,0.001274
17 , N ,0.780613 , 0.440608, 0.000002,0.000969
17 , K ,0.353314 , 0.548165, 0.022149,0.000957
17 , D ,0.617273 , 0.343373, 0.000018,0.002831
18 , E ,0.736641 , 0.660960, 0.000115,0.001054
18 , H ,0.736475 , 0.868089, 0.000834,0.000460
18 , Q ,0.794750 , 0.566363, 0.000010,0.000109
18 , F ,0.693674 , 0.736421, 0.000582,0.000359
18 , Y ,0.738099 , 0.950042, 0.001438,0.000290
18 , C ,0.664625 , 0.974071, 0.004273,0.000302
18 , N ,0.797632 , 0.916416, 0.000460,0.000505
18 , K ,0.689588 , 0.503837, 0.000042,0.000367
18 , D ,0.857990 , 0.908594, 0.000161,0.000096
19 , E ,0.327210 , 0.621002, 0.041949,0.000394
19 , H ,0.665124 , 0.426047, 0.000021,0.000060
19 , Q ,-121.602919 , -143.496995, 0.338816,0.025344
19 , F ,0.928342 , 0.625445, 0.000001,0.000241
19 , Y ,0.570534 , 0.388749, 0.000101,0.000150
19 , C ,0.680122 , 0.308627, 0.000002,0.000365
19 , N ,0.880090 , 0.566515, 0.000001,0.000345
19 , K ,0.351168 , 0.444815, 0.012440,0.000218
19 , D ,0.587119 , 0.326768, 0.000025,0.000099
20 , E ,0.315548 , 0.685157, 0.056136,0.000264
20 , H ,0.811850 , 0.463783, 0.000001,0.000101
20 , Q ,0.172143 , 0.549143, 0.124663,0.000101
20 , F ,0.693852 , 0.377203, 0.000005,0.000130
20 , Y ,0.577440 , 0.282427, 0.000014,0.000133
20 , C ,0.437578 , 0.058282, 0.000005,0.001026
20 , N ,0.666167 , 0.288709, 0.000002,0.000136
20 , K ,0.512200 , 1.120781, 0.031656,0.000303
20 , D ,0.635180 , 0.185615, 0.000000,0.000222
21 , E ,0.145677 , 0.594968, 0.158002,0.000034
21 , H ,1.041352 , 0.601213, 0.000000,0.000244
21 , Q ,-104.273046 , -123.853719, 0.412281,0.022029
21 , F ,0.572265 , 0.310330, 0.000027,0.000340
21 , Y ,0.785458 , 0.357560, 0.000000,0.000387
21 , C ,0.907464 , 0.526806, 0.000000,0.000067
21 , N ,0.727195 , 0.376343, 0.000002,0.000240
21 , K ,0.255437 , 0.808628, 0.111069,0.000082
21 , D ,0.978879 , 0.387277, 0.000000,0.000350
22 , E ,0.643757 , 0.604143, 0.000367,0.000319
22 , H ,1.202586 , 1.319837, 0.000014,0.000903
22 , Q ,0.622500 , 0.446685, 0.000074,0.000282
22 , F ,0.959373 , 0.855640, 0.000013,0.000367
22 , Y ,0.613851 , 0.578175, 0.000511,0.000130
22 , C ,0.486384 , 0.705312, 0.009875,0.000893
22 , N ,0.388254 , 0.503158, 0.011283,0.000126
22 , K ,0.805947 , 0.685992, 0.000040,0.000116
22 , D ,0.521653 , 0.525101, 0.001559,0.000376
23 , E ,0.457778 , 0.422489, 0.001724,0.000201
23 , H ,0.574162 , 0.705886, 0.003032,0.000557
23 , Q ,0.658404 , 0.413471, 0.000019,0.001935
23 , F ,0.719248 , 0.671632, 0.000187,0.000293
23 , Y ,0.641418 , 0.707990, 0.001048,0.000462
23 , C ,0.549636 , 0.874898, 0.010482,0.000398
23 , N ,0.472743 , 0.611816, 0.006641,0.000693
23 , K ,0.595576 , 0.510380, 0.000305,0.000407
23 , D ,0.909454 , 1.021439, 0.000154,0.000669
24 , E ,0.789685 , 0.718644, 0.000078,0.000849
24 , H ,0.831381 , 0.808582, 0.000091,0.001588
24 , Q ,0.424852 , 0.328448, 0.000999,0.000639
24 , F ,0.831783 , 0.776389, 0.000068,0.000214
24 , Y ,0.251581 , 0.222805, 0.008993,0.000261
24 , C ,0.868757 , 1.199855, 0.000945,0.000960
24 , N ,0.481367 , 0.580360, 0.004428,0.000405
24 , K ,1.070743 , 0.873911, 0.000002,0.000671
24 , D ,0.374719 , 0.349094, 0.003567,0.000612
25 , E ,0.792833 , 0.733524, 0.000075,0.000493
25 , H ,0.655243 , 0.817040, 0.001867,0.000699
25 , Q ,0.272369 , 0.184347, 0.003376,0.001165
25 , F ,0.770216 , 0.803181, 0.000260,0.000459
25 , Y ,0.799593 , 0.846679, 0.000231,0.000336
25 , C ,0.397344 , 0.572384, 0.015522,0.001027
25 , N ,0.237127 , 0.374814, 0.039161,0.000470
25 , K ,0.640088 , 0.573718, 0.000262,0.000306
25 , D ,0.609649 , 0.585307, 0.000570,0.000095
26 , E ,0.668151 , 0.629384, 0.000310,0.000235
26 , H ,0.311108 , 0.471124, 0.026040,0.000672
26 , Q ,0.442254 , 0.299390, 0.000474,0.000537
26 , F ,0.814186 , 0.821001, 0.000148,0.000297
26 , Y ,0.427793 , 0.625148, 0.013547,0.000208
26 , C ,1.198441 , 2.183248, 0.000747,0.002918
26 , N ,0.435447 , 0.577120, 0.009411,0.000250
26 , K ,0.872858 , 0.777812, 0.000029,0.000509
26 , D ,0.258465 , 0.381908, 0.031068,0.000213
27 , E ,0.842932 , 0.749256, 0.000037,0.000753
27 , H ,0.524644 , 0.559434, 0.001996,0.000296
27 , Q ,1.072416 , 0.757943, 0.000000,0.002605
27 , F ,0.868760 , 0.837302, 0.000068,0.000620
27 , Y ,0.607962 , 0.645565, 0.001074,0.000572
27 , C ,1.400520 , 1.762335, 0.000013,0.002062
27 , N ,0.258946 , 0.341151, 0.023340,0.000667
27 , K ,0.641906 , 0.535508, 0.000165,0.000371
27 , D ,0.301160 , 0.269020, 0.005973,0.000363
28 , Y ,-0.092754 , -0.169511, 0.217779,0.000340
29 , H ,1.442705 , 2.015922, 0.000024,0.003793
29 , Q ,0.443764 , 0.260957, 0.000241,0.000524
29 , F ,0.612691 , 0.641478, 0.000952,0.000352
29 , Y ,1.110594 , 1.456869, 0.000122,0.001349
29 , C ,0.320014 , 0.556416, 0.035742,0.000503
29 , N ,0.447369 , 0.605300, 0.009410,0.000202
29 , K ,0.764942 , 0.643896, 0.000052,0.000363
29 , D ,0.361577 , 0.511599, 0.017206,0.000274
30 , E ,0.099816 , 0.570251, 0.198882,0.000314
30 , H ,0.755307 , 0.156253, 0.000000,0.001151
30 , Q ,-292.102028 , -385.408720, 0.390244,0.035453
30 , F ,0.467006 , 0.152593, 0.000019,0.000362
30 , Y ,0.572553 , 0.061827, 0.000000,0.000141
30 , C ,0.679915 , -0.063322, 0.000000,0.000051
30 , N ,0.627844 , 0.181389, 0.000001,0.000262
30 , K ,0.239866 , 0.778663, 0.114999,0.000532
30 , D ,0.591422 , 0.195556, 0.000002,0.000036
31 , E ,-459.659502 , -602.037653, 0.167401,0.047376
31 , H ,0.431154 , 0.000143, 0.000002,0.000404
31 , Q ,-81.459201 , -96.966836, 0.420408,0.028015
31 , F ,0.624737 , 0.217550, 0.000001,0.000370
31 , Y ,0.878997 , 0.130744, 0.000000,0.000079
31 , C ,0.520047 , -0.125102, 0.000000,0.000042
31 , N ,-68.258239 , -68.399806, 0.002438,0.022333
31 , K ,0.221565 , 0.551970, 0.087866,0.000612
31 , D ,0.836586 , 0.375857, 0.000000,0.000287
32 , E ,-476.315787 , -626.905455, 0.196078,0.044801
32 , H ,0.634881 , 0.053758, 0.000000,0.000432
32 , Q ,-893.001403 , -1344.501208, 0.405405,0.050119
32 , F ,0.662921 , 0.227291, 0.000001,0.000846
32 , Y ,1.060775 , 0.173898, 0.000000,0.000101
32 , C ,0.448376 , -0.151859, 0.000000,0.000024
32 , N ,0.644982 , 0.202484, 0.000001,0.001520
32 , K ,0.324568 , 0.853046, 0.074727,0.001033
32 , D ,0.899557 , 0.415546, 0.000000,0.000502
33 , E ,0.130282 , 0.686234, 0.188291,0.000686
33 , H ,0.572747 , 0.035816, 0.000000,0.001124
33 , Q ,1.072232 , 1.275424, 0.000008,0.036991
33 , F ,0.721172 , 0.251464, 0.000000,0.000752
33 , Y ,0.823925 , 0.108673, 0.000000,0.000279
33 , C ,0.527154 , -0.122379, 0.000000,0.000082
33 , N ,0.635373 , 0.170456, 0.000000,0.001273
33 , K ,1.480891 , 1.728935, 0.000001,0.011922
33 , D ,0.924685 , 0.439366, 0.000000,0.000343
34 , E ,-472.375960 , -619.061373, 0.190217,0.045612
34 , H ,0.566671 , 0.024299, 0.000000,0.000981
34 , Q ,-939.357574 , -1419.511809, 0.401042,0.051875
34 , F ,0.693024 , 0.242970, 0.000000,0.000607
34 , Y ,1.024665 , 0.158093, 0.000000,0.000105
34 , C ,0.459149 , -0.125331, 0.000000,0.000095
34 , N ,0.701311 , 0.245648, 0.000000,0.000669
34 , K ,0.282979 , 0.766387, 0.084556,0.000574
34 , D ,0.745106 , 0.339333, 0.000001,0.000573
35 , E ,0.206377 , 0.900307, 0.164208,0.000847
35 , H ,0.542388 , 0.024738, 0.000000,0.000990
35 , Q ,-104.476800 , -119.189813, 0.417476,0.037068
35 , F ,0.659517 , 0.208135, 0.000000,0.001075
35 , Y ,0.738772 , 0.102863, 0.000000,0.000563
35 , C ,0.431983 , -0.137962, 0.000000,0.000173
35 , N ,0.650899 , 0.226295, 0.000001,0.002450
35 , K ,0.277281 , 0.678688, 0.074975,0.001067
35 , D ,0.831956 , 0.357564, 0.000000,0.000347
36 , E ,0.308620 , 0.446354, 0.023567,0.000064
36 , H ,0.467421 , 0.485401, 0.002786,0.000266
36 , Q ,0.516980 , 1.020976, 0.023439,0.000237
36 , F ,0.669492 , 0.521725, 0.000080,0.000183
36 , Y ,0.652577 , 0.572067, 0.000216,0.000150
36 , C ,0.678061 , 0.427633, 0.000017,0.000367
36 , N ,0.600836 , 0.573576, 0.000612,0.000346
36 , K ,0.434063 , 0.594359, 0.010790,0.000101
36 , D ,0.501125 , 0.515663, 0.002043,0.000132
37 , E ,0.193341 , 0.835527, 0.162326,0.000564
37 , H ,1.051682 , 0.195194, 0.000000,0.002176
37 , Q ,-972.229138 , -1463.273575, 0.338798,0.065942
37 , F ,0.650451 , 0.223829, 0.000001,0.000754
37 , Y ,0.914139 , 0.662464, 0.000001,0.039485
37 , C ,0.690304 , -0.104385, 0.000000,0.000029
37 , N ,0.525292 , 0.147469, 0.000004,0.001349
37 , K ,0.421821 , 1.072042, 0.055228,0.000504
37 , D ,0.906971 , 0.404786, 0.000000,0.000379
38 , E ,0.853609 , 0.759149, 0.000035,0.000619
38 , H ,0.442777 , 0.589670, 0.009341,0.000846
38 , Q ,0.654207 , 0.605880, 0.000301,0.000452
38 , F ,0.335515 , 0.455621, 0.017590,0.000687
38 , Y ,0.468179 , 0.632531, 0.008509,0.000380
38 , C ,0.624568 , 0.648428, 0.000839,0.000862
38 , N ,0.451560 , 0.564578, 0.006626,0.000607
38 , K ,0.411932 , 0.318304, 0.001199,0.000272
38 , D ,0.391751 , 0.509399, 0.011122,0.000257
39 , E ,1.078799 , 1.028293, 0.000009,0.000359
39 , H ,0.487880 , 0.758694, 0.013082,0.000750
39 , Q ,1.006060 , 0.789131, 0.000002,0.000473
39 , F ,0.568092 , 0.713714, 0.003510,0.000235
39 , Y ,0.391677 , 0.667782, 0.025253,0.000126
39 , C ,0.597649 , 0.760008, 0.003039,0.000158
39 , N ,0.502679 , 0.738068, 0.009361,0.000259
39 , K ,0.781263 , 0.683833, 0.000064,0.000485
39 , D ,0.456656 , 0.641468, 0.010308,0.000182
40 , E ,-140.077349 , -166.102657, 0.263636,0.033554
40 , H ,0.946009 , 0.259448, 0.000000,0.000471
40 , Q ,-406.599742 , -536.016438, 0.205479,0.045787
40 , F ,0.912329 , 0.380438, 0.000000,0.000344
40 , Y ,0.766051 , 0.208168, 0.000000,0.000054
40 , C ,1.127213 , 0.656392, 0.000000,0.000759
40 , N ,0.924993 , 0.313871, 0.000000,0.000229
40 , K ,0.072730 , 0.447259, 0.194797,0.000232
40 , D ,1.046749 , 0.263342, 0.000000,0.000214
41 , E ,0.853375 , 0.363204, 0.000000,0.000483
41 , H ,0.398628 , 0.695779, 0.026849,0.000682
41 , Q ,0.711433 , 0.309828, 0.000001,0.000478
41 , F ,0.702407 , 0.829929, 0.001026,0.000341
41 , Y ,0.359656 , 0.811552, 0.053800,0.000228
41 , C ,0.485292 , 0.845504, 0.019084,0.000358
41 , N ,0.497519 , 0.857906, 0.017545,0.000977
41 , K ,0.680115 , 0.291396, 0.000001,0.000227
41 , D ,0.708992 , 1.000574, 0.002800,0.000116
42 , E ,0.849372 , 0.341581, 0.000000,0.000678
42 , H ,0.497938 , 0.957406, 0.023718,0.000256
42 , Q ,0.824441 , 0.322548, 0.000000,0.000409
42 , F ,0.571179 , 0.755739, 0.004362,0.000277
42 , Y ,0.257670 , 0.718621, 0.093614,0.000335
42 , C ,0.441014 , 0.893301, 0.032977,0.000278
42 , N ,0.296955 , 0.656173, 0.060282,0.000126
42 , K ,0.648185 , 0.247905, 0.000001,0.000130
42 , D ,0.698592 , 1.014166, 0.003452,0.000669
43 , E ,0.754333 , 0.298862, 0.000000,0.000216
43 , H ,0.416631 , 0.830270, 0.034788,0.000165
43 , Q ,0.758638 , 0.283461, 0.000000,0.000254
43 , F ,0.542633 , 0.720961, 0.005194,0.000289
43 , Y ,0.266472 , 0.718218, 0.088751,0.000711
43 , C ,1.301806 , 2.479066, 0.000613,0.003173
43 , N ,1.701345 , 3.325860, 0.000121,0.006254
43 , K ,0.576405 , 0.214376, 0.000004,0.000227
43 , D ,0.592195 , 0.881244, 0.006774,0.000679
44 , E ,0.664556 , 0.232482, 0.000001,0.000305
44 , H ,0.319122 , 0.681984, 0.053363,0.000464
44 , Q ,0.689098 , 0.267862, 0.000001,0.000206
44 , F ,0.476189 , 0.654676, 0.008619,0.000108
44 , Y ,0.246276 , 0.722644, 0.103524,0.000272
44 , C ,0.498240 , 0.990771, 0.025802,0.000319
44 , N ,0.375668 , 0.785869, 0.043822,0.000785
44 , K ,0.565079 , 0.167700, 0.000002,0.000034
44 , D ,0.763300 , 1.137391, 0.002758,0.000086
45 , E ,0.833171 , 0.375024, 0.000000,0.000600
45 , H ,0.468083 , 0.827295, 0.021301,0.000433
45 , Q ,0.796970 , 0.384576, 0.000000,0.000552
45 , F ,0.633459 , 0.787105, 0.002193,0.000134
45 , Y ,0.338350 , 0.789143, 0.060481,0.000178
45 , C ,0.819513 , 1.337853, 0.003240,0.000605
45 , N ,0.629171 , 1.100803, 0.010600,0.000262
45 , K ,0.855184 , 0.356471, 0.000000,0.000081
45 , D ,1.186255 , 1.693356, 0.000233,0.002403
46 , E ,0.478168 , 0.145556, 0.000011,0.000786
46 , H ,0.178988 , 0.539198, 0.115853,0.000249
46 , Q ,0.548422 , 0.218761, 0.000008,0.000503
46 , F ,0.523634 , 0.646800, 0.004132,0.000131
46 , Y ,0.104466 , 0.645968, 0.208162,0.000327
46 , C ,0.122245 , 0.335018, 0.108428,0.000268
46 , N ,0.299488 , 0.784474, 0.079667,0.000183
46 , K ,0.339460 , 0.092334, 0.000139,0.000315
46 , D ,0.546563 , 0.828838, 0.008706,0.000934
47 , E ,0.812767 , 0.402251, 0.000000,0.000274
47 , H ,0.362217 , 0.651160, 0.033002,0.000395
47 , Q ,0.724907 , 0.345238, 0.000001,0.000524
47 , F ,0.599090 , 0.673909, 0.001600,0.000225
47 , Y ,0.418458 , 0.862948, 0.037229,0.000111
47 , C ,0.423645 , 0.722829, 0.023022,0.000772
47 , N ,0.406244 , 0.708521, 0.025382,0.000328
47 , K ,0.718148 , 0.316295, 0.000001,0.000356
47 , D ,0.676961 , 0.869235, 0.001994,0.000354
48 , E ,0.042099 , -0.082510, 0.071331,0.000763
48 , F ,0.784976 , 0.426376, 0.000001,0.023616
48 , Y ,0.580887 , 0.888001, 0.020756,0.024809
48 , C ,0.000000 , 0.000000, 0.250000,0.000000
48 , N ,1.079027 , 0.850030, 0.000001,0.010156
48 , K ,-0.177923 , -0.263591, 0.280564,0.010572
48 , D ,1.059330 , 0.392474, 0.000000,0.100254
49 , E ,0.784046 , 0.595915, 0.000019,0.000235
49 , H ,0.546859 , 0.707083, 0.004577,0.000220
49 , Q ,0.839312 , 0.737688, 0.000038,0.000277
49 , F ,0.972944 , 0.718456, 0.000002,0.000171
49 , Y ,0.669429 , 0.882495, 0.002394,0.000581
49 , C ,0.534877 , 0.753879, 0.006634,0.000219
49 , N ,0.436590 , 0.652742, 0.014068,0.000163
49 , K ,0.726957 , 0.455625, 0.000008,0.000351
49 , D ,0.649002 , 0.712557, 0.000998,0.000292
50 , E ,0.372882 , 0.259455, 0.001232,0.002207
50 , H ,0.401472 , 0.557052, 0.014714,0.000870
50 , Q ,0.907652 , 0.756572, 0.000012,0.000360
50 , F ,0.483202 , 0.636123, 0.007244,0.001459
50 , Y ,1.297939 , 2.070971, 0.000210,0.001905
50 , C ,0.573835 , 0.855840, 0.008062,0.005265
50 , N ,0.519837 , 0.696151, 0.006004,0.000715
50 , K ,0.690746 , 0.505456, 0.000040,0.000351
50 , D ,0.559551 , 0.757455, 0.005141,0.000511
51 , E ,0.851806 , 0.679843, 0.000013,0.000680
51 , H ,0.498866 , 0.603807, 0.004544,0.000471
51 , Q ,0.656999 , 0.555698, 0.000166,0.000187
51 , F ,0.508060 , 0.590722, 0.003541,0.000053
51 , Y ,0.391915 , 0.592235, 0.017980,0.000231
51 , C ,0.506323 , 0.704689, 0.007757,0.000431
51 , N ,0.558688 , 0.676356, 0.002953,0.000528
51 , K ,0.751022 , 0.647819, 0.000073,0.000190
51 , D ,0.576830 , 0.737228, 0.003556,0.000098
52 , E ,1.190200 , 1.307967, 0.000013,0.004563
52 , H ,0.000000 , 0.000000, 0.166667,0.000000
52 , Q ,1.315626 , 2.025330, 0.000222,0.006562
52 , F ,0.594116 , 0.463589, 0.000252,0.003019
52 , Y ,0.115694 , 0.085513, 0.031911,0.005969
52 , K ,0.614523 , 0.726363, 0.001892,0.000441
52 , D ,1.069089 , 0.827591, 0.000001,0.004716
53 , E ,0.602219 , 0.793357, 0.003605,0.000207
53 , H ,0.882626 , 0.602550, 0.000002,0.000024
53 , Q ,0.574756 , 0.991486, 0.012540,0.000249
53 , F ,0.555016 , 0.488066, 0.000544,0.000165
53 , Y ,0.911187 , 0.695948, 0.000005,0.000154
53 , C ,0.676829 , 0.705062, 0.000574,0.000320
53 , N ,0.643885 , 0.475378, 0.000072,0.000271
53 , K ,0.575640 , 0.720528, 0.003047,0.000395
53 , D ,0.951470 , 0.602472, 0.000000,0.000168
54 , E ,1.274630 , 1.706077, 0.000060,0.010132
54 , H ,0.349843 , 0.155353, 0.000594,0.016551
54 , Q ,0.623660 , 1.133971, 0.013640,0.003154
54 , F ,0.999088 , 0.641998, 0.000000,0.004837
54 , Y ,0.405004 , 0.276368, 0.000926,0.012736
54 , K ,0.617317 , 1.143003, 0.015236,0.000369
54 , D ,0.712322 , 0.263574, 0.000000,0.008112
55 , E ,0.590281 , 0.634303, 0.001202,0.001148
55 , H ,0.623246 , 0.605521, 0.000559,0.001011
55 , Q ,0.582002 , 0.608252, 0.001213,0.000504
55 , F ,0.815240 , 0.789900, 0.000109,0.000631
55 , Y ,1.104538 , 1.050405, 0.000007,0.001153
55 , C ,0.894048 , 0.961387, 0.000128,0.000573
55 , N ,0.908532 , 0.813726, 0.000024,0.000685
55 , K ,0.649957 , 0.700024, 0.000835,0.000471
55 , D ,1.090846 , 0.940768, 0.000002,0.001526
56 , E ,0.787729 , 0.556052, 0.000010,0.000101
56 , H ,0.814719 , 0.684500, 0.000033,0.000271
56 , Q ,0.897266 , 0.735663, 0.000011,0.000092
56 , F ,0.531309 , 0.808405, 0.009608,0.000050
56 , Y ,0.615842 , 0.608964, 0.000661,0.000156
56 , C ,0.937193 , 0.878591, 0.000027,0.000256
56 , N ,0.728922 , 0.739883, 0.000311,0.000078
56 , K ,0.743605 , 0.457422, 0.000006,0.000198
56 , D ,0.778278 , 0.650725, 0.000045,0.000041
57 , E ,0.509342 , 0.385950, 0.000369,0.000287
57 , H ,0.611904 , 0.643606, 0.000958,0.000575
57 , Q ,0.785849 , 0.639106, 0.000034,0.000195
57 , F ,1.090107 , 0.912808, 0.000002,0.000755
57 , Y ,0.698994 , 0.789812, 0.000819,0.000416
57 , C ,0.999032 , 1.108239, 0.000060,0.001855
57 , N ,0.602597 , 0.653667, 0.001253,0.000370
57 , K ,0.930049 , 0.751017, 0.000006,0.000635
57 , D ,0.842066 , 0.674353, 0.000016,0.000505
58 , E ,0.611986 , 0.499789, 0.000187,0.000660
58 , H ,0.807377 , 0.809995, 0.000145,0.000380
58 , Q ,0.777673 , 0.684525, 0.000068,0.000360
58 , F ,0.720566 , 0.545689, 0.000038,0.000115
58 , Y ,0.689878 , 0.741411, 0.000594,0.000475
58 , C ,0.631450 , 0.713396, 0.001318,0.000220
58 , N ,0.671188 , 0.602751, 0.000214,0.000436
58 , K ,0.599326 , 0.579676, 0.000647,0.000185
58 , D ,0.594890 , 0.479175, 0.000214,0.000318
59 , E ,0.511045 , 0.388382, 0.000385,0.000164
59 , H ,0.285339 , 0.416904, 0.026553,0.000116
59 , Q ,0.325293 , 0.244532, 0.002726,0.000306
59 , F ,0.306263 , 0.488662, 0.029793,0.000197
59 , Y ,0.282579 , 0.487082, 0.038875,0.000185
59 , C ,0.964301 , 1.084252, 0.000087,0.001669
59 , N ,0.341796 , 0.510334, 0.021726,0.000252
59 , K ,0.466544 , 0.290110, 0.000236,0.000459
59 , D ,0.371449 , 0.508201, 0.014576,0.000522
60 , E ,0.514878 , 0.388309, 0.000351,0.000295
60 , H ,0.257898 , 0.375546, 0.030048,0.000122
60 , Q ,0.318107 , 0.236539, 0.002783,0.000216
60 , F ,0.309831 , 0.454826, 0.024165,0.000093
60 , Y ,0.251573 , 0.411517, 0.039724,0.000313
60 , C ,0.622890 , 0.688403, 0.001238,0.000082
60 , N ,0.354630 , 0.527008, 0.020439,0.000051
60 , K ,0.422049 , 0.270785, 0.000455,0.000306
60 , D ,0.425793 , 0.566368, 0.009933,0.000147
61 , E ,0.478340 , 0.373921, 0.000642,0.000192
61 , H ,0.441014 , 0.616526, 0.010960,0.000177
61 , Q ,0.434577 , 0.335403, 0.000942,0.000107
61 , F ,0.363844 , 0.503063, 0.015712,0.000030
61 , Y ,0.460711 , 0.675973, 0.011801,0.000051
61 , C ,0.612755 , 0.681040, 0.001369,0.000111
61 , N ,0.432586 , 0.603229, 0.011427,0.000172
61 , K ,0.601009 , 0.407328, 0.000070,0.000197
61 , D ,0.513631 , 0.672760, 0.005762,0.000094
62 , E ,0.786484 , 0.592427, 0.000014,0.000542
62 , H ,0.397373 , 0.552863, 0.013518,0.000167
62 , Q ,0.398019 , 0.303001, 0.001306,0.000206
62 , F ,0.331089 , 0.466328, 0.019542,0.000084
62 , Y ,0.453323 , 0.666953, 0.012375,0.000115
62 , C ,0.644266 , 0.719130, 0.001116,0.000159
62 , N ,0.400703 , 0.565849, 0.014089,0.000070
62 , K ,0.617012 , 0.418125, 0.000058,0.000292
62 , D ,0.510429 , 0.654939, 0.005384,0.000043
63 , E ,0.452227 , 0.344554, 0.000739,0.000229
63 , H ,0.433063 , 0.605554, 0.011430,0.000227
63 , Q ,0.407457 , 0.308405, 0.001155,0.000148
63 , F ,0.358052 , 0.501748, 0.016903,0.000050
63 , Y ,0.452190 , 0.659070, 0.012069,0.000087
63 , C ,0.612888 , 0.686197, 0.001426,0.000125
63 , N ,0.365208 , 0.520024, 0.017245,0.000157
63 , K ,0.669121 , 0.456013, 0.000031,0.000239
63 , D ,1.183890 , 1.456338, 0.000041,0.001225
64 , E ,0.524913 , 0.403223, 0.000355,0.000211
64 , H ,0.404797 , 0.565354, 0.013182,0.000207
64 , Q ,0.408798 , 0.314118, 0.001222,0.000229
64 , F ,1.615011 , 2.044555, 0.000005,0.004742
64 , Y ,0.461721 , 0.674758, 0.011610,0.000087
64 , C ,0.599742 , 0.676792, 0.001640,0.000202
64 , N ,0.362831 , 0.520122, 0.017628,0.000148
64 , K ,0.572047 , 0.380148, 0.000088,0.000128
64 , D ,0.443332 , 0.576134, 0.008387,0.000033
65 , E ,0.477610 , 0.356794, 0.000512,0.000190
65 , H ,0.404772 , 0.562053, 0.012912,0.000116
65 , Q ,0.397914 , 0.309306, 0.001428,0.000200
65 , F ,1.532522 , 1.982876, 0.000006,0.002601
65 , Y ,0.475328 , 0.692909, 0.010772,0.000100
65 , C ,0.659324 , 0.741889, 0.001056,0.000105
65 , N ,0.383258 , 0.546903, 0.015723,0.000140
65 , K ,0.590201 , 0.388196, 0.000066,0.000094
65 , D ,0.478091 , 0.624217, 0.006976,0.000070
66 , E ,0.536451 , 0.406577, 0.000290,0.000135
66 , H ,0.397315 , 0.571236, 0.015034,0.000154
66 , Q ,0.458222 , 0.362210, 0.000821,0.000143
66 , F ,0.341401 , 0.486778, 0.019131,0.000096
66 , Y ,0.422414 , 0.634658, 0.015285,0.000076
66 , C ,0.579404 , 0.654498, 0.001899,0.000069
66 , N ,0.380876 , 0.551580, 0.016737,0.000052
66 , K ,0.545658 , 0.364549, 0.000127,0.000152
66 , D ,0.516953 , 0.673618, 0.005523,0.000049
67 , E ,0.542707 , 0.428420, 0.000341,0.000107
67 , H ,0.476572 , 0.642883, 0.007952,0.000205
67 , Q ,0.400455 , 0.312126, 0.001399,0.000108
67 , F ,1.428142 , 1.831300, 0.000011,0.002331
67 , Y ,0.458682 , 0.673664, 0.012013,0.000129
67 , C ,0.669805 , 0.747565, 0.000931,0.000103
67 , N ,0.431084 , 0.612342, 0.012315,0.000198
67 , K ,0.584548 , 0.393808, 0.000082,0.000141
67 , D ,0.526803 , 0.669134, 0.004672,0.000056
68 , E ,0.483150 , 0.371440, 0.000552,0.000249
68 , H ,0.391859 , 0.542446, 0.013760,0.000127
68 , Q ,0.433531 , 0.335265, 0.000964,0.000158
68 , F ,0.357256 , 0.498218, 0.016759,0.000105
68 , Y ,0.461395 , 0.673480, 0.011590,0.000081
68 , C ,0.610869 , 0.683988, 0.001444,0.000085
68 , N ,0.405808 , 0.566345, 0.013156,0.000159
68 , K ,0.549988 , 0.370723, 0.000126,0.000144
68 , D ,0.557916 , 0.716673, 0.004070,0.000063
69 , E ,0.713663 , 0.559680, 0.000054,0.000256
69 , H ,0.639024 , 0.771720, 0.001753,0.000346
69 , Q ,0.660647 , 0.346951, 0.000006,0.000070
69 , F ,0.092839 , 0.396571, 0.157809,0.000484
69 , Y ,1.634265 , 2.375058, 0.000010,0.007446
69 , C ,1.100674 , 2.122665, 0.002135,0.002367
69 , N ,1.412194 , 2.316820, 0.000111,0.005731
69 , K ,0.778605 , 0.454917, 0.000002,0.000335
69 , D ,1.112625 , 1.514238, 0.000152,0.002010
70 , E ,0.234270 , 0.981681, 0.151897,0.000198
70 , H ,0.800825 , 0.309318, 0.000000,0.001336
70 , Q ,0.360784 , 1.310620, 0.105230,0.000848
70 , F ,1.021770 , 0.265493, 0.000000,0.000107
70 , Y ,0.965650 , 0.753052, 0.000001,0.035571
70 , C ,0.632902 , 0.324539, 0.000008,0.001049
70 , N ,0.668988 , 0.266697, 0.000001,0.000326
70 , K ,0.231909 , 0.752292, 0.118681,0.000087
70 , D ,1.218741 , 0.438988, 0.000000,0.000940
72 , E ,0.286528 , 1.051803, 0.125389,0.000048
72 , H ,0.889427 , 0.425970, 0.000000,0.001095
72 , Q ,-430.795415 , -565.315574, 0.189189,0.049991
72 , F ,0.840100 , 0.180298, 0.000000,0.000128
72 , Y ,0.694144 , 0.130259, 0.000000,0.000286
72 , C ,0.455059 , 0.208262, 0.000081,0.001322
72 , N ,0.657788 , 0.239122, 0.000001,0.000624
72 , K ,0.247177 , 0.758829, 0.110446,0.000450
72 , D ,0.996732 , 0.391113, 0.000000,0.000067
73 , E ,0.536174 , 0.745262, 0.006533,0.000429
73 , H ,0.446687 , 0.479750, 0.003840,0.000457
73 , Q ,0.848551 , 0.885005, 0.000143,0.000505
73 , F ,0.768823 , 0.687856, 0.000078,0.000649
73 , Y ,0.380723 , 0.409575, 0.005675,0.000525
73 , C ,0.938789 , 1.027702, 0.000106,0.000696
73 , N ,0.302310 , 0.308954, 0.009417,0.000674
73 , K ,0.981294 , 0.974707, 0.000028,0.001374
73 , D ,0.682489 , 0.714273, 0.000557,0.000494
74 , E ,0.180820 , 0.285731, 0.047655,0.001322
74 , H ,0.792603 , 0.785087, 0.000149,0.000463
74 , Q ,0.587984 , 0.583826, 0.000852,0.000641
74 , F ,0.535617 , 0.391852, 0.000234,0.000817
74 , Y ,0.209829 , 0.204224, 0.015430,0.000587
74 , C ,1.366556 , 1.435723, 0.000002,0.001054
74 , N ,1.180912 , 1.073014, 0.000002,0.002753
74 , K ,0.331093 , 0.393457, 0.011754,0.000335
74 , D ,1.077016 , 1.045322, 0.000008,0.001671
75 , E ,0.196802 , 0.647421, 0.129048,0.001273
75 , H ,0.606982 , 0.155113, 0.000001,0.000525
75 , Q ,2.324211 , 5.444848, 0.000043,0.020962
75 , F ,1.115631 , 0.389590, 0.000000,0.000347
75 , Y ,0.784698 , 0.219549, 0.000000,0.001059
75 , C ,0.963993 , 0.746334, 0.000001,0.040748
75 , N ,1.073892 , 0.414030, 0.000000,0.000580
75 , K ,0.486516 , 1.178891, 0.041504,0.001332
75 , D ,0.978711 , 0.374143, 0.000000,0.000665
76 , E ,0.353863 , 1.129540, 0.093946,0.000444
76 , H ,0.686713 , 0.205916, 0.000000,0.001062
76 , Q ,1.527556 , 5.531576, 0.004150,0.010960
76 , F ,1.166836 , 0.456895, 0.000000,0.001029
76 , Y ,1.014322 , 0.252707, 0.000000,0.000417
76 , C ,0.614397 , 0.080718, 0.000000,0.001069
76 , N ,0.624324 , 0.236423, 0.000002,0.000239
76 , K ,0.574704 , 1.276299, 0.026670,0.001173
76 , D ,0.940880 , 0.360354, 0.000000,0.000649
77 , E ,0.206357 , 0.816220, 0.145701,0.002917
77 , H ,0.957977 , 0.251592, 0.000000,0.000090
77 , Q ,0.137193 , 0.620669, 0.171939,0.001647
77 , F ,1.051447 , 0.413373, 0.000000,0.000279
77 , Y ,0.826884 , 0.178124, 0.000000,0.000171
77 , C ,0.962042 , 0.653510, 0.000000,0.042345
77 , N ,0.796687 , 0.294634, 0.000000,0.001035
77 , K ,0.316658 , 0.695995, 0.060207,0.004336
77 , D ,0.920951 , 0.269519, 0.000000,0.000740
78 , E ,0.275698 , 0.876788, 0.105911,0.001122
78 , H ,0.772482 , 0.208669, 0.000000,0.000166
78 , Q ,0.335984 , 1.135681, 0.105984,0.000170
78 , F ,0.974174 , 0.352335, 0.000000,0.000343
78 , Y ,0.719419 , 0.168763, 0.000000,0.000398
78 , C ,0.935303 , 0.680269, 0.000001,0.044104
78 , N ,0.713301 , 0.230154, 0.000000,0.002534
78 , K ,0.473399 , 1.264520, 0.051681,0.001327
78 , D ,0.912734 , 0.330591, 0.000000,0.000568
79 , E ,0.252377 , 1.041667, 0.147052,0.002815
79 , H ,0.589882 , 0.158239, 0.000001,0.000743
79 , Q ,0.257901 , 0.904023, 0.124205,0.000193
79 , F ,0.754876 , 0.242488, 0.000000,0.000466
79 , Y ,0.767734 , 0.215676, 0.000000,0.000594
79 , C ,0.453331 , 0.038429, 0.000002,0.000023
79 , N ,0.743089 , 0.276510, 0.000000,0.001357
79 , K ,0.443497 , 0.968088, 0.042856,0.000770
79 , D ,0.736601 , 0.266534, 0.000000,0.000646
80 , E ,0.311190 , 1.163674, 0.119094,0.000841
80 , H ,0.973066 , 0.768223, 0.000001,0.034743
80 , Q ,-507.048159 , -662.710546, 0.121739,0.050832
80 , F ,0.979451 , 0.343137, 0.000000,0.000557
80 , Y ,0.992809 , 0.225859, 0.000000,0.000236
80 , C ,0.915222 , 0.167017, 0.000000,0.001249
80 , N ,1.075084 , 0.417330, 0.000000,0.000418
80 , K ,0.341237 , 0.730902, 0.052847,0.002159
80 , D ,0.885034 , 0.379984, 0.000000,0.001979
81 , E ,0.262803 , 0.825452, 0.109493,0.000091
81 , H ,0.953220 , 0.293261, 0.000000,0.000424
81 , Q ,0.326589 , 1.236824, 0.119176,0.000651
81 , F ,0.764363 , 0.288169, 0.000000,0.001221
81 , Y ,0.933950 , 0.232030, 0.000000,0.000088
81 , C ,0.965558 , 0.749865, 0.000001,0.041924
81 , N ,0.450309 , 0.163341, 0.000037,0.001217
81 , K ,0.415149 , 0.939236, 0.046244,0.000319
81 , D ,1.022019 , 0.367909, 0.000000,0.000575
82 , E ,0.261963 , 0.772823, 0.102182,0.000399
82 , H ,0.617275 , 0.154211, 0.000000,0.000712
82 , Q ,1.876422 , 4.593424, 0.000261,0.014514
82 , F ,1.053678 , 0.404640, 0.000000,0.001112
82 , Y ,0.902897 , 0.260065, 0.000000,0.000101
82 , C ,0.958126 , 0.738111, 0.000001,0.037641
82 , N ,1.053708 , 0.333058, 0.000000,0.000427
82 , K ,0.435977 , 1.026525, 0.048207,0.000727
82 , D ,1.069793 , 0.440840, 0.000000,0.000463
83 , E ,1.323355 , 1.911121, 0.000012,0.025561
83 , H ,0.742412 , 0.196710, 0.000000,0.000630
83 , Q ,0.418225 , 1.570434, 0.100213,0.000601
83 , F ,0.768044 , 0.273326, 0.000000,0.000945
83 , Y ,0.961340 , 0.237746, 0.000000,0.000265
83 , C ,0.619142 , 0.049116, 0.000000,0.000474
83 , N ,0.761163 , 0.297084, 0.000000,0.000479
83 , K ,0.534206 , 1.257181, 0.035494,0.000106
83 , D ,1.010515 , 0.401150, 0.000000,0.000887
84 , E ,0.310063 , 1.035614, 0.109228,0.000763
84 , H ,0.572676 , 0.139785, 0.000001,0.001693
84 , Q ,0.305678 , 1.089314, 0.118435,0.000114
84 , F ,1.083540 , 0.433124, 0.000000,0.001178
84 , Y ,0.926504 , 0.274736, 0.000000,0.000542
84 , C ,0.966237 , 0.752177, 0.000001,0.041626
84 , N ,0.778597 , 0.294616, 0.000000,0.000481
84 , K ,0.718822 , 1.681681, 0.019535,0.000438
84 , D ,0.772487 , 0.278394, 0.000000,0.000707
85 , E ,0.278222 , 0.977009, 0.119143,0.000668
85 , H ,0.673540 , 0.149403, 0.000000,0.000748
85 , Q ,-1710.798177 , -2543.954823, 0.138462,0.074951
85 , F ,0.634937 , 0.203574, 0.000001,0.002163
85 , Y ,0.678633 , 0.104517, 0.000000,0.006586
85 , C ,0.808700 , 0.051978, 0.000000,0.002012
85 , N ,0.772461 , 0.234665, 0.000000,0.000604
85 , K ,0.321289 , 0.858284, 0.075770,0.001035
85 , D ,0.565008 , 0.148424, 0.000001,0.001691
86 , E ,-1333.471215 , -1954.847778, 0.111111,0.064967
86 , H ,0.607719 , 0.153430, 0.000000,0.001374
86 , Q ,0.424876 , 1.416571, 0.087164,0.000089
86 , F ,1.326284 , 0.479803, 0.000000,0.000511
86 , Y ,0.912148 , 0.222772, 0.000000,0.000634
86 , C ,0.484815 , 0.060405, 0.000002,0.000328
86 , N ,0.596251 , 0.144432, 0.000001,0.000775
86 , K ,0.391156 , 0.955439, 0.057753,0.001393
86 , D ,0.913732 , 0.329735, 0.000000,0.000037
87 , E ,0.342190 , 1.080189, 0.095592,0.000344
87 , H ,0.889718 , 0.237520, 0.000000,0.000208
87 , Q ,0.261138 , 0.951698, 0.130309,0.000247
87 , F ,1.310043 , 0.515951, 0.000000,0.000255
87 , Y ,0.774003 , 0.225929, 0.000000,0.000849
87 , C ,0.971982 , 0.765003, 0.000001,0.038267
87 , N ,0.719124 , 0.246364, 0.000000,0.000519
87 , K ,0.599232 , 1.385814, 0.027687,0.000945
87 , D ,1.084967 , 0.361566, 0.000000,0.000406
88 , E ,0.366062 , 1.184317, 0.090401,0.001073
88 , H ,0.735812 , 0.202354, 0.000000,0.000373
88 , Q ,-536.785457 , -702.884597, 0.116667,0.052465
88 , F ,0.735749 , 0.263244, 0.000000,0.000190
88 , Y ,0.776204 , 0.178499, 0.000000,0.000650
88 , C ,0.951843 , 0.717860, 0.000001,0.041211
88 , N ,0.890950 , 0.313854, 0.000000,0.000962
88 , K ,0.513078 , 1.109405, 0.030273,0.000292
88 , D ,0.794376 , 0.317414, 0.000000,0.001287
89 , E ,0.302766 , 0.985299, 0.108576,0.000695
89 , H ,0.659497 , 0.188289, 0.000000,0.001810
89 , Q ,0.441918 , 1.480801, 0.085642,0.000047
89 , F ,1.079688 , 0.406296, 0.000000,0.001153
89 , Y ,1.085965 , 0.318080, 0.000000,0.000681
89 , C ,0.962177 , 0.744845, 0.000001,0.038450
89 , N ,1.022137 , 0.421675, 0.000000,0.000353
89 , K ,0.591129 , 1.459079, 0.032638,0.000374
89 , D ,0.890016 , 0.346164, 0.000000,0.001348
90 , E ,1.312077 , 1.624649, 0.000020,0.003182
90 , H ,0.563020 , 0.556367, 0.001031,0.000644
90 , Q ,1.015518 , 1.088595, 0.000050,0.000448
90 , F ,0.901526 , 0.729038, 0.000009,0.000451
90 , Y ,0.497332 , 0.523259, 0.002382,0.000154
90 , C ,0.705056 , 0.686203, 0.000291,0.000458
90 , N ,0.644947 , 0.638571, 0.000514,0.000635
90 , K ,1.507480 , 1.492083, 0.000000,0.001412
90 , D ,0.543262 , 0.596457, 0.002043,0.000315
91 , E ,0.305400 , 0.963477, 0.101588,0.001979
91 , H ,0.867437 , 0.249434, 0.000000,0.000865
91 , Q ,0.215276 , 0.861570, 0.149561,0.001718
91 , F ,0.925108 , 0.312771, 0.000000,0.000594
91 , Y ,0.487434 , 0.048016, 0.000001,0.001749
91 , C ,0.978507 , 0.172082, 0.000000,0.000679
91 , N ,0.590891 , 0.206734, 0.000002,0.000559
91 , K ,0.588504 , 1.132546, 0.017307,0.001445
91 , D ,0.631372 , 0.121888, 0.000000,0.000096
92 , E ,0.522045 , 0.626756, 0.003779,0.000722
92 , H ,0.671581 , 0.758404, 0.000952,0.000486
92 , Q ,0.648173 , 0.573550, 0.000243,0.000337
92 , F ,0.626839 , 0.561398, 0.000304,0.001150
92 , Y ,0.399181 , 0.459857, 0.006808,0.000271
92 , C ,1.158417 , 1.294772, 0.000026,0.000339
92 , N ,0.807417 , 0.786821, 0.000111,0.001465
92 , K ,0.791184 , 0.868520, 0.000330,0.000490
92 , D ,0.534762 , 0.564589, 0.001861,0.000493
93 , E ,0.861801 , 1.126979, 0.000747,0.000592
93 , H ,0.699157 , 0.684516, 0.000320,0.000232
93 , Q ,0.711146 , 0.746522, 0.000464,0.000148
93 , F ,0.529764 , 0.414987, 0.000355,0.000672
93 , Y ,0.369850 , 0.406477, 0.006849,0.000428
93 , C ,0.804997 , 0.784057, 0.000131,0.000446
93 , N ,0.616894 , 0.528734, 0.000254,0.001098
93 , K ,1.155911 , 1.206621, 0.000012,0.002315
93 , D ,0.567313 , 0.521544, 0.000679,0.000437
94 , E ,0.302654 , 0.710511, 0.067703,0.000684
94 , H ,0.751270 , 0.351100, 0.000001,0.000122
94 , Q ,0.533991 , 0.922869, 0.015317,0.000333
94 , F ,1.048982 , 0.459663, 0.000000,0.000497
94 , Y ,0.970517 , 0.556259, 0.000000,0.000332
94 , C ,0.649593 , 0.366943, 0.000012,0.000698
94 , N ,0.827153 , 0.425382, 0.000000,0.001296
94 , K ,0.735310 , 1.401946, 0.008973,0.000668
94 , D ,0.650950 , 0.316570, 0.000005,0.000308
95 , E ,0.337717 , 0.866074, 0.067612,0.000734
95 , H ,0.710235 , 0.382868, 0.000004,0.000530
95 , Q ,0.316154 , 0.530566, 0.033317,0.000402
95 , F ,0.908496 , 0.389157, 0.000000,0.000170
95 , Y ,0.607063 , 0.323527, 0.000015,0.000337
95 , C ,0.583965 , 0.382448, 0.000068,0.000354
95 , N ,0.656971 , 0.388223, 0.000013,0.000606
95 , K ,0.369091 , 0.577753, 0.022874,0.000754
95 , D ,0.524321 , 0.254174, 0.000032,0.000416
96 , E ,0.398219 , 0.883045, 0.044350,0.000581
96 , H ,0.933023 , 0.587321, 0.000001,0.001376
96 , Q ,1.412579 , 1.992496, 0.000035,0.005010
96 , F ,0.993524 , 0.423727, 0.000000,0.000137
96 , Y ,0.623246 , 0.362264, 0.000020,0.000306
96 , C ,0.549514 , 0.358678, 0.000103,0.000533
96 , N ,0.546041 , 0.363153, 0.000118,0.000700
96 , K ,0.319663 , 0.499464, 0.028159,0.001413
96 , D ,0.730830 , 0.361011, 0.000001,0.000654
97 , E ,0.381242 , 0.789550, 0.042108,0.000085
97 , H ,0.739931 , 0.446890, 0.000005,0.000114
97 , Q ,0.449784 , 0.683178, 0.014155,0.000202
97 , F ,1.205443 , 0.543427, 0.000000,0.000251
97 , Y ,0.692723 , 0.410771, 0.000009,0.000168
97 , C ,0.721276 , 0.511910, 0.000022,0.000558
97 , N ,0.579437 , 0.380908, 0.000071,0.001084
97 , K ,1.598673 , 2.588454, 0.000040,0.003993
97 , D ,0.692973 , 0.332135, 0.000002,0.000897
98 , E ,0.442462 , 0.979022, 0.039438,0.000491
98 , H ,0.918335 , 0.565989, 0.000001,0.000198
98 , Q ,0.442983 , 0.677149, 0.014783,0.000080
98 , F ,0.956379 , 0.431541, 0.000000,0.000157
98 , Y ,0.781897 , 0.475055, 0.000003,0.000210
98 , C ,0.664922 , 0.460190, 0.000036,0.000451
98 , N ,0.932104 , 0.582203, 0.000000,0.001640
98 , K ,0.429679 , 0.705036, 0.019573,0.000112
98 , D ,0.655108 , 0.337436, 0.000006,0.000794
99 , E ,0.241751 , 0.814752, 0.122632,0.001034
99 , H ,0.884101 , 0.293420, 0.000000,0.004906
99 , Q ,0.324464 , 1.037604, 0.101363,0.000311
99 , F ,1.136922 , 0.416170, 0.000000,0.000630
99 , Y ,1.038179 , 0.263966, 0.000000,0.000150
99 , C ,0.379008 , -0.002778, 0.000006,0.000199
99 , N ,0.866275 , 0.326029, 0.000000,0.000335
99 , K ,1.111077 , 2.214048, 0.002532,0.002263
99 , D ,0.834572 , 0.294999, 0.000000,0.000298
100 , E ,0.228278 , 0.833374, 0.134588,0.001474
100 , H ,0.972540 , 0.336307, 0.000000,0.001066
100 , Q ,0.333151 , 1.014943, 0.094317,0.000412
100 , F ,1.067636 , 0.394295, 0.000000,0.001194
100 , Y ,0.972615 , 0.333513, 0.000000,0.000051
100 , C ,0.311280 , 0.001802, 0.000044,0.000659
100 , N ,0.807871 , 0.309218, 0.000000,0.000297
100 , K ,0.938769 , 1.903483, 0.005320,0.000985
100 , D ,0.595523 , 0.261186, 0.000006,0.000923
101 , E ,0.277883 , 0.873524, 0.106172,0.000758
101 , H ,1.001946 , 0.363323, 0.000000,0.000733
101 , Q ,0.354591 , 1.235877, 0.105838,0.000498
101 , F ,0.702691 , 0.191342, 0.000000,0.000316
101 , Y ,0.796555 , 0.295401, 0.000000,0.001460
101 , C ,0.715659 , 0.351983, 0.000002,0.000197
101 , N ,0.639790 , 0.250757, 0.000002,0.000978
101 , K ,0.200147 , 0.365465, 0.081789,0.003711
101 , D ,0.902370 , 0.354082, 0.000000,0.000981
102 , E ,1.776289 , 3.873163, 0.000322,0.009791
102 , H ,0.558161 , 0.211432, 0.000008,0.007364
102 , Q ,-25593.694978 , -57855.104695, 0.222222,0.248457
102 , F ,0.770164 , 0.335082, 0.000000,0.005835
102 , Y ,0.748051 , 0.205863, 0.000000,0.004832
102 , C ,0.760709 , 0.250021, 0.000000,0.002489
102 , N ,0.059015 , -0.018967, 0.029300,0.018589
102 , K ,0.337508 , 0.904456, 0.078567,0.008944
102 , D ,0.455351 , 0.208360, 0.000082,0.001528
103 , E ,2.054733 , 5.028789, 0.000129,0.002500
103 , H ,0.420823 , 0.545309, 0.008602,0.000738
103 , Q ,1.054734 , 1.011242, 0.000009,0.001360
103 , F ,0.371089 , 0.235378, 0.000861,0.000515
103 , Y ,1.180341 , 1.516854, 0.000043,0.002285
103 , C ,0.349920 , 0.528730, 0.021340,0.000638
103 , N ,1.313609 , 1.592435, 0.000013,0.002949
103 , K ,0.929139 , 0.772150, 0.000007,0.001898
103 , D ,1.055836 , 1.088988, 0.000016,0.002176
104 , E ,1.103642 , 1.057490, 0.000002,0.008051
104 , H ,0.327924 , 0.414275, 0.013722,0.000685
104 , Q ,0.303258 , 0.314861, 0.008947,0.000451
104 , F ,0.404479 , 0.281147, 0.000813,0.000700
104 , Y ,0.077159 , 0.089292, 0.046578,0.000646
104 , C ,0.352627 , 0.544650, 0.022531,0.000796
104 , N ,0.219709 , 0.212997, 0.014388,0.000650
104 , K ,0.432472 , 0.387866, 0.001761,0.001336
104 , D ,0.476714 , 0.326262, 0.000221,0.002218
105 , E ,1.318506 , 1.868118, 0.000038,0.004404
105 , H ,0.406898 , 0.529078, 0.009423,0.000834
105 , Q ,0.704471 , 0.657503, 0.000170,0.000707
105 , F ,0.338356 , 0.229082, 0.001614,0.000558
105 , Y ,1.349363 , 1.785629, 0.000022,0.001808
105 , C ,0.346179 , 0.509446, 0.020510,0.001068
105 , N ,1.063296 , 1.106752, 0.000015,0.002424
105 , K ,0.318709 , 0.291443, 0.005355,0.000807
105 , D ,1.042229 , 1.133889, 0.000029,0.002607
106 , E ,1.283390 , 1.463401, 0.000006,0.004916
106 , H ,0.358804 , 0.432010, 0.009835,0.000718
106 , Q ,0.517119 , 0.503585, 0.001247,0.000536
106 , F ,0.621092 , 0.365787, 0.000018,0.001514
106 , Y ,0.162016 , 0.202445, 0.033135,0.000512
106 , C ,0.357954 , 0.525166, 0.019127,0.000737
106 , N ,0.166263 , 0.152342, 0.019079,0.000520
106 , K ,1.008923 , 0.815859, 0.000002,0.001582
106 , D ,0.151950 , 0.121737, 0.017470,0.000848
107 , E ,-528.614851 , -689.755801, 0.150754,0.046129
107 , H ,0.706045 , 0.249885, 0.000000,0.000520
107 , Q ,-384.116802 , -496.861151, 0.201005,0.040296
107 , F ,0.886791 , 0.271378, 0.000000,0.000556
107 , Y ,0.670672 , 0.178978, 0.000000,0.001219
107 , C ,0.695957 , 0.311887, 0.000001,0.000443
107 , N ,0.566867 , 0.202693, 0.000004,0.002629
107 , K ,0.256825 , 0.787887, 0.108867,0.001638
107 , D ,0.580312 , 0.203602, 0.000003,0.000772
108 , E ,0.297100 , 0.927591, 0.104794,0.001083
108 , H ,0.758361 , 0.274073, 0.000000,0.000550
108 , Q ,-399.691106 , -524.658448, 0.181159,0.053941
108 , F ,1.217008 , 0.302785, 0.000000,0.000384
108 , Y ,0.975453 , 0.218227, 0.000000,0.001176
108 , C ,0.600702 , 0.241179, 0.000004,0.000477
108 , N ,0.432637 , 0.179072, 0.000080,0.003430
108 , K ,-715.163008 , -948.810385, 0.189655,0.053012
108 , D ,0.763341 , 0.268621, 0.000000,0.000593
109 , E ,-542.140435 , -707.281082, 0.139535,0.046765
109 , H ,0.740175 , 0.267227, 0.000000,0.000559
109 , Q ,-368.463341 , -480.715385, 0.181159,0.051000
109 , F ,1.047226 , 0.285591, 0.000000,0.000188
109 , Y ,0.926959 , 0.207652, 0.000000,0.000892
109 , C ,0.567046 , 0.227969, 0.000007,0.000538
109 , N ,0.452648 , 0.183776, 0.000053,0.002938
109 , K ,1.102464 , 2.273040, 0.002403,0.013606
109 , D ,0.729656 , 0.236720, 0.000000,0.000211
110 , E ,0.292557 , 0.934148, 0.105007,0.000131
110 , H ,1.003649 , 0.338653, 0.000000,0.000773
110 , Q ,0.192080 , 1.000992, 0.182997,0.000594
110 , F ,1.058812 , 0.288459, 0.000000,0.000142
110 , Y ,0.747803 , 0.175921, 0.000000,0.000017
110 , C ,0.722707 , 0.287959, 0.000000,0.000292
110 , N ,0.692471 , 0.295726, 0.000001,0.003636
110 , K ,0.075746 , 0.416542, 0.180799,0.001247
110 , D ,0.767416 , 0.235974, 0.000000,0.000291
111 , E ,0.932043 , 0.925239, 0.000049,0.000246
111 , H ,0.756666 , 0.719980, 0.000155,0.000147
111 , Q ,0.723092 , 0.784197, 0.000505,0.000186
111 , F ,0.662390 , 0.425062, 0.000023,0.000111
111 , Y ,0.881527 , 0.862763, 0.000066,0.000321
111 , C ,0.708695 , 0.642606, 0.000157,0.000279
111 , N ,0.836130 , 0.657201, 0.000014,0.000144
111 , K ,0.644325 , 0.612067, 0.000407,0.000123
111 , D ,0.667633 , 0.596249, 0.000220,0.000279
112 , E ,0.532481 , 0.712517, 0.005673,0.000161
112 , H ,0.538741 , 0.383729, 0.000192,0.000289
112 , Q ,0.246396 , 0.599123, 0.079607,0.000282
112 , F ,0.598643 , 0.596906, 0.000816,0.000133
112 , Y ,0.483986 , 0.351840, 0.000400,0.000199
112 , C ,0.782142 , 0.382457, 0.000001,0.000450
112 , N ,0.984525 , 0.669171, 0.000001,0.000539
112 , K ,0.437456 , 0.568632, 0.008404,0.000215
112 , D ,0.496100 , 0.253503, 0.000062,0.000162
113 , E ,0.145146 , 0.738585, 0.189031,0.000352
113 , H ,0.767236 , 0.429838, 0.000002,0.000365
113 , Q ,0.359364 , 0.956571, 0.069403,0.000641
113 , F ,0.629315 , 0.222095, 0.000001,0.000264
113 , Y ,0.762984 , 0.361801, 0.000001,0.000219
113 , C ,0.940309 , 0.492282, 0.000000,0.000125
113 , N ,0.796545 , 0.272989, 0.000000,0.000085
113 , K ,1.609147 , 2.928003, 0.000073,0.039342
113 , D ,0.732027 , 0.343369, 0.000001,0.000219
114 , E ,0.375298 , 0.643939, 0.027686,0.000065
114 , H ,0.647718 , 0.511152, 0.000112,0.000153
114 , Q ,0.324582 , 0.792557, 0.066849,0.000047
114 , F ,0.745085 , 0.411619, 0.000003,0.000067
114 , Y ,0.606817 , 0.417725, 0.000071,0.000126
114 , C ,0.510189 , 0.402565, 0.000475,0.000129
114 , N ,0.555847 , 0.395102, 0.000159,0.000066
114 , K ,0.319988 , 0.632927, 0.045910,0.000100
114 , D ,0.446751 , 0.379265, 0.001285,0.000055
115 , E ,0.499844 , 0.247950, 0.000052,0.000282
115 , H ,0.360007 , 0.843869, 0.055519,0.000372
115 , Q ,0.429279 , 0.221055, 0.000174,0.000133
115 , F ,0.878468 , 0.999970, 0.000239,0.000209
115 , Y ,0.418099 , 0.774057, 0.028891,0.000182
115 , C ,0.429135 , 0.872136, 0.033431,0.000138
115 , N ,0.167816 , 0.564278, 0.132189,0.000366
115 , K ,0.685688 , 0.246417, 0.000000,0.000344
115 , D ,0.410963 , 0.666463, 0.020441,0.000705
116 , E ,0.900672 , 0.544912, 0.000001,0.000127
116 , H ,0.371475 , 0.818069, 0.049575,0.000131
116 , Q ,0.894767 , 0.658392, 0.000004,0.000114
116 , F ,0.633013 , 0.603989, 0.000464,0.000102
116 , Y ,0.193623 , 0.677715, 0.134829,0.000292
116 , C ,0.285237 , 0.819684, 0.094176,0.000154
116 , N ,0.142568 , 0.602912, 0.162226,0.000156
116 , K ,0.584878 , 0.122769, 0.000000,0.000350
116 , D ,0.339486 , 0.993126, 0.084820,0.000194
117 , E ,0.907456 , 0.543024, 0.000000,0.000048
117 , H ,0.350180 , 0.771929, 0.052619,0.000066
117 , Q ,0.678731 , 0.480661, 0.000037,0.000069
117 , F ,0.744264 , 0.727755, 0.000214,0.000152
117 , Y ,1.511628 , 3.642982, 0.000904,0.007309
117 , C ,0.151399 , 0.622502, 0.157092,0.000296
117 , N ,1.984748 , 5.087716, 0.000190,0.011982
117 , K ,0.508092 , 0.082100, 0.000001,0.000667
117 , D ,0.269442 , 0.808597, 0.102172,0.000097
118 , E ,0.461701 , 0.977985, 0.034593,0.000066
118 , H ,0.836089 , 0.285274, 0.000000,0.000073
118 , Q ,0.509518 , 0.952097, 0.021047,0.000030
118 , F ,0.830533 , 0.467921, 0.000001,0.000030
118 , Y ,0.935875 , 0.459257, 0.000000,0.000179
118 , C ,0.654928 , 0.409729, 0.000021,0.000257
118 , N ,0.752444 , 0.465181, 0.000005,0.000054
118 , K ,0.349806 , 0.713090, 0.044347,0.000182
118 , D ,0.807685 , 0.402517, 0.000000,0.000020
119 , E ,0.512335 , 0.011638, 0.000000,0.000749
119 , H ,1.883889 , 3.108791, 0.000007,0.009364
119 , Q ,0.427156 , -0.041400, 0.000001,0.001835
119 , F ,1.539031 , 2.259819, 0.000016,0.004051
119 , Y ,2.208678 , 5.284436, 0.000056,0.008333
119 , C ,0.273631 , 0.682305, 0.075327,0.000350
119 , N ,2.045168 , 5.503646, 0.000151,0.006800
119 , K ,0.160889 , -0.052925, 0.000599,0.000162
119 , D ,1.606373 , 3.448154, 0.000230,0.003725
120 , E ,0.689699 , 0.909640, 0.002170,0.000092
120 , H ,0.835362 , 0.496572, 0.000001,0.000136
120 , Q ,0.575383 , 0.906741, 0.008949,0.000037
120 , F ,0.668489 , 0.540836, 0.000105,0.000123
120 , Y ,0.811028 , 0.578169, 0.000008,0.000079
120 , C ,0.826477 , 0.844338, 0.000152,0.000178
120 , N ,0.704391 , 0.427194, 0.000009,0.000100
120 , K ,0.560366 , 0.687909, 0.003215,0.000118
120 , D ,0.724102 , 0.388484, 0.000003,0.000254
122 , H ,0.548764 , 0.664178, 0.003219,0.000214
122 , Q ,0.599855 , 0.508173, 0.000287,0.000076
122 , F ,0.353332 , 0.478440, 0.015503,0.000104
122 , Y ,0.441154 , 0.616864, 0.010690,0.000371
122 , C ,0.415470 , 0.617095, 0.015457,0.000101
122 , N ,0.499744 , 0.574280, 0.003497,0.000116
122 , K ,0.594561 , 0.407997, 0.000082,0.000027
122 , D ,0.462515 , 0.562819, 0.005679,0.000140
123 , E ,0.938262 , 0.711682, 0.000001,0.037889
123 , H ,0.451711 , 0.808716, 0.023451,0.000230
123 , Q ,0.675089 , 0.187509, 0.000000,0.000592
123 , F ,0.983056 , 0.811818, 0.000005,0.000355
123 , Y ,0.261897 , 0.779604, 0.102044,0.001332
123 , C ,0.253707 , 0.641018, 0.085087,0.000541
123 , N ,0.100645 , 0.467588, 0.173401,0.000522
123 , K ,0.411635 , -0.108414, 0.000000,0.000180
123 , D ,1.852787 , 2.761503, 0.000009,0.005883
124 , E ,0.375080 , 0.534553, 0.016388,0.001234
124 , H ,0.807760 , 0.685518, 0.000033,0.001547
124 , Q ,0.182539 , 0.297020, 0.048639,0.000774
124 , F ,0.653379 , 0.457241, 0.000044,0.000725
124 , Y ,1.030032 , 0.850516, 0.000002,0.001861
124 , C ,0.583012 , 0.370754, 0.000049,0.001182
124 , N ,0.480925 , 0.405777, 0.000871,0.000466
124 , K ,0.229617 , 0.274929, 0.022276,0.000961
124 , D ,0.699041 , 0.505657, 0.000033,0.000846
125 , E ,0.556066 , 0.713721, 0.004038,0.000131
125 , H ,1.012016 , 0.748673, 0.000001,0.001266
125 , Q ,0.548166 , 0.731967, 0.004452,0.001069
125 , F ,0.982237 , 0.685676, 0.000001,0.000296
125 , Y ,0.510511 , 0.433199, 0.000704,0.000548
125 , C ,0.552104 , 0.422557, 0.000258,0.001335
125 , N ,0.538338 , 0.459855, 0.000553,0.000179
125 , K ,0.414014 , 0.412785, 0.003485,0.000195
125 , D ,0.899427 , 0.649775, 0.000003,0.000699
126 , E ,1.102838 , 0.932081, 0.000001,0.004305
126 , H ,1.784349 , 4.430283, 0.000296,0.004900
126 , Q ,0.536034 , 0.440041, 0.000384,0.000575
126 , F ,1.033135 , 0.998026, 0.000012,0.001529
126 , Y ,1.101684 , 1.431624, 0.000097,0.003392
126 , C ,1.039775 , 1.298556, 0.000080,0.005292
126 , N ,0.247736 , 0.330274, 0.025165,0.000433
126 , K ,0.320741 , 0.281314, 0.004664,0.000333
126 , D ,0.440603 , 0.521650, 0.005708,0.000510
127 , E ,0.491818 , 0.623525, 0.005675,0.001907
127 , H ,0.446386 , 0.414448, 0.002087,0.000351
127 , Q ,0.468596 , 0.609624, 0.007167,0.000423
127 , F ,0.608809 , 0.460225, 0.000127,0.001007
127 , Y ,0.559570 , 0.487601, 0.000486,0.000319
127 , C ,0.965432 , 0.624247, 0.000000,0.001626
127 , N ,0.674469 , 0.557738, 0.000113,0.001081
127 , K ,0.438918 , 0.553985, 0.007714,0.000815
127 , D ,0.890630 , 0.714463, 0.000008,0.001689
128 , E ,0.808016 , 0.804707, 0.000143,0.000176
128 , H ,0.465991 , 0.642180, 0.009322,0.000306
128 , Q ,1.107356 , 0.896617, 0.000001,0.000580
128 , F ,0.692054 , 0.886484, 0.001792,0.000219
128 , Y ,0.408715 , 0.675791, 0.021519,0.000386
128 , C ,0.764653 , 0.929765, 0.000835,0.000204
128 , N ,0.485558 , 0.713983, 0.010583,0.000247
128 , K ,0.990883 , 0.895722, 0.000011,0.000327
128 , D ,0.485819 , 0.702809, 0.009931,0.000381
129 , E ,0.838450 , 0.807112, 0.000082,0.000565
129 , H ,0.580777 , 0.752300, 0.003711,0.000236
129 , Q ,1.195448 , 0.942296, 0.000000,0.000344
129 , F ,0.559947 , 0.714577, 0.003902,0.000460
129 , Y ,0.315188 , 0.526229, 0.031942,0.000468
129 , C ,0.853141 , 1.074053, 0.000591,0.000365
129 , N ,0.542443 , 0.812845, 0.008400,0.000134
129 , K ,0.924455 , 0.804121, 0.000015,0.000322
129 , D ,0.436108 , 0.659098, 0.014720,0.000697
130 , E ,0.845833 , 0.825203, 0.000090,0.000637
130 , H ,0.570359 , 0.773544, 0.004964,0.000224
130 , Q ,1.003624 , 0.776227, 0.000002,0.000454
130 , F ,0.601373 , 0.782091, 0.003326,0.000300
130 , Y ,1.144498 , 1.754861, 0.000293,0.002481
130 , C ,0.853609 , 1.051830, 0.000511,0.000300
130 , N ,0.468030 , 0.689620, 0.011589,0.000246
130 , K ,0.853065 , 0.725126, 0.000024,0.000481
130 , D ,1.112004 , 1.479273, 0.000129,0.002017
131 , E ,0.866161 , 0.846264, 0.000073,0.000465
131 , H ,0.647014 , 0.859011, 0.002609,0.000989
131 , Q ,1.151811 , 0.897089, 0.000000,0.000407
131 , F ,0.739633 , 0.906569, 0.000986,0.000388
131 , Y ,0.369570 , 0.610000, 0.025061,0.000321
131 , C ,0.624390 , 0.789350, 0.002580,0.000180
131 , N ,0.520432 , 0.800461, 0.010267,0.000229
131 , K ,0.810679 , 0.719002, 0.000053,0.000224
131 , D ,0.445718 , 0.626167, 0.011109,0.000798
132 , E ,0.727285 , 0.689361, 0.000202,0.000369
132 , H ,0.469395 , 0.650427, 0.009324,0.000220
132 , Q ,1.133759 , 0.877965, 0.000000,0.000563
132 , F ,1.193766 , 1.455490, 0.000040,0.000836
132 , Y ,0.346801 , 0.582001, 0.028533,0.000165
132 , C ,0.646844 , 0.765914, 0.001555,0.000401
132 , N ,0.486033 , 0.690282, 0.009274,0.000439
132 , K ,0.732682 , 0.619866, 0.000078,0.000244
132 , D ,0.424871 , 0.638102, 0.015387,0.000719
133 , E ,0.874213 , 0.820511, 0.000048,0.000703
133 , H ,0.514478 , 0.687460, 0.006309,0.000123
133 , Q ,1.181914 , 0.896879, 0.000000,0.000194
133 , F ,0.634309 , 0.807802, 0.002455,0.000347
133 , Y ,0.328187 , 0.566165, 0.032598,0.000518
133 , C ,0.782938 , 0.938864, 0.000679,0.000202
133 , N ,0.506487 , 0.719947, 0.008309,0.000161
133 , K ,0.786214 , 0.689381, 0.000060,0.000207
133 , D ,0.425511 , 0.633025, 0.014670,0.000354
134 , E ,0.828560 , 0.752746, 0.000057,0.000685
134 , H ,0.662011 , 0.877542, 0.002616,0.000137
134 , Q ,1.074070 , 0.830449, 0.000001,0.000525
134 , F ,0.609036 , 0.766023, 0.002697,0.000224
134 , Y ,0.328657 , 0.530945, 0.028155,0.000318
134 , C ,0.687680 , 0.849547, 0.001510,0.000220
134 , N ,0.490369 , 0.725897, 0.010321,0.000200
134 , K ,0.812633 , 0.703376, 0.000043,0.000323
134 , D ,0.454362 , 0.670023, 0.012423,0.000942
135 , E ,0.796575 , 0.787826, 0.000151,0.000123
135 , H ,0.921729 , 1.201375, 0.000398,0.001630
135 , Q ,1.028403 , 0.789570, 0.000001,0.000527
135 , F ,0.569045 , 0.709612, 0.003320,0.000165
135 , Y ,0.343044 , 0.538208, 0.024871,0.000442
135 , C ,0.787300 , 0.991823, 0.000925,0.000124
135 , N ,0.375533 , 0.560664, 0.018728,0.000176
135 , K ,0.752402 , 0.641159, 0.000068,0.000122
135 , D ,0.377341 , 0.569999, 0.019293,0.000204
136 , E ,0.955492 , 0.896447, 0.000024,0.000984
136 , H ,0.533877 , 0.726814, 0.006108,0.000211
136 , Q ,1.017521 , 0.790637, 0.000002,0.000457
136 , F ,0.656894 , 0.835855, 0.002146,0.000232
136 , Y ,0.346519 , 0.547847, 0.024676,0.000553
136 , C ,0.596459 , 0.723383, 0.002459,0.000333
136 , N ,0.409110 , 0.596203, 0.014845,0.000192
136 , K ,0.733348 , 0.631663, 0.000089,0.000251
136 , D ,0.383238 , 0.559400, 0.016872,0.001185
137 , E ,0.928196 , 0.895911, 0.000040,0.000634
137 , H ,0.514786 , 0.690155, 0.006406,0.000570
137 , Q ,1.178900 , 0.904493, 0.000000,0.000365
137 , F ,0.650306 , 0.810192, 0.001970,0.000119
137 , Y ,0.353970 , 0.585585, 0.027061,0.000205
137 , C ,0.572741 , 0.711568, 0.003236,0.000272
137 , N ,0.428641 , 0.643194, 0.014823,0.000196
137 , K ,0.854970 , 0.745729, 0.000029,0.000501
137 , D ,1.139465 , 1.508931, 0.000103,0.002095
138 , E ,0.468138 , 0.383614, 0.000900,0.000154
138 , H ,0.641359 , 0.648787, 0.000618,0.000121
138 , Q ,0.472212 , 0.380299, 0.000777,0.000143
138 , F ,0.600053 , 0.368144, 0.000039,0.000178
138 , Y ,0.368437 , 0.482938, 0.012959,0.000239
138 , C ,0.682956 , 0.720475, 0.000588,0.000188
138 , N ,0.704090 , 0.663623, 0.000228,0.000045
138 , K ,0.492784 , 0.404859, 0.000702,0.000112
138 , D ,0.639565 , 0.591001, 0.000356,0.000138
139 , E ,0.632634 , 0.516885, 0.000164,0.000124
139 , H ,0.558324 , 0.589160, 0.001502,0.000090
139 , Q ,0.634368 , 0.528622, 0.000186,0.000134
139 , F ,0.705560 , 0.426403, 0.000008,0.000420
139 , Y ,0.352019 , 0.474785, 0.015420,0.000476
139 , C ,0.555686 , 0.584109, 0.001518,0.000095
139 , N ,0.628818 , 0.581205, 0.000390,0.000165
139 , K ,0.475903 , 0.429282, 0.001328,0.000124
139 , D ,0.561548 , 0.510609, 0.000655,0.000127
140 , E ,0.688958 , 0.556943, 0.000086,0.000186
140 , H ,1.004738 , 1.001668, 0.000026,0.000455
140 , Q ,0.479570 , 0.380827, 0.000667,0.000487
140 , F ,0.784567 , 0.474673, 0.000003,0.000453
140 , Y ,0.476219 , 0.611290, 0.006569,0.000292
140 , C ,0.739489 , 0.783478, 0.000390,0.000173
140 , N ,0.681031 , 0.647391, 0.000293,0.000128
140 , K ,0.741335 , 0.646848, 0.000089,0.000109
140 , D ,0.647732 , 0.621074, 0.000410,0.000181
141 , E ,0.462623 , 0.369448, 0.000817,0.000243
141 , H ,0.831821 , 0.781995, 0.000070,0.000236
141 , Q ,0.742191 , 0.632122, 0.000074,0.000109
141 , F ,0.706407 , 0.405663, 0.000005,0.000231
141 , Y ,0.572079 , 0.692062, 0.002743,0.000241
141 , C ,0.577357 , 0.569834, 0.000876,0.000284
141 , N ,0.591452 , 0.551296, 0.000551,0.000197
141 , K ,1.069263 , 0.886178, 0.000002,0.000599
141 , D ,0.837538 , 0.778944, 0.000061,0.000193
142 , E ,0.624106 , 0.364578, 0.000020,0.000319
142 , H ,0.398038 , 0.501876, 0.009767,0.000255
142 , Q ,0.645019 , 0.414062, 0.000027,0.000251
142 , F ,0.704802 , 0.440040, 0.000010,0.000132
142 , Y ,0.291807 , 0.478809, 0.033963,0.000549
142 , C ,0.515903 , 0.573491, 0.002745,0.000094
142 , N ,0.482463 , 0.586453, 0.004971,0.000254
142 , K ,0.465423 , 0.307132, 0.000314,0.000157
142 , D ,0.464271 , 0.547249, 0.004907,0.000051
143 , E ,0.685847 , 0.233569, 0.000000,0.000132
143 , H ,0.441887 , 0.798654, 0.024561,0.000237
143 , Q ,0.771218 , 0.304607, 0.000000,0.000039
143 , F ,0.504199 , 0.965668, 0.022903,0.000245
143 , Y ,0.429953 , 0.717830, 0.020531,0.000081
143 , C ,0.653883 , 0.935559, 0.004019,0.000088
143 , N ,0.380767 , 0.710988, 0.033583,0.000112
143 , K ,0.776789 , 0.328882, 0.000000,0.000161
143 , D ,0.505149 , 0.852136, 0.015669,0.000088
