1 , E ,0.634988 , 0.258843, 0.000052,0.000262
1 , H ,-452.407075 , -426.809597, 0.138889,0.031475
1 , Q ,0.573768 , 0.197735, 0.000068,0.000278
1 , F ,-671.875077 , -672.246139, 0.118243,0.034898
1 , Y ,-464.825314 , -434.784169, 0.188049,0.037373
1 , C ,-436.791557 , -401.797665, 0.131737,0.025555
1 , N ,-409.532954 , -383.745565, 0.173524,0.029738
1 , K ,0.600216 , -0.002160, 0.000002,0.000310
1 , D ,0.323889 , 0.709948, 0.071538,0.000198
2 , E ,0.819097 , 1.101939, 0.003544,0.000325
2 , H ,1.204303 , 0.877305, 0.000004,0.000222
2 , Q ,0.760608 , 1.016522, 0.004489,0.000180
2 , F ,0.956547 , 0.799885, 0.000097,0.000122
2 , Y ,1.046809 , 0.911213, 0.000065,0.000187
2 , C ,0.986292 , 0.899653, 0.000144,0.000063
2 , N ,1.014020 , 0.692791, 0.000014,0.000276
2 , K ,0.573572 , 0.765135, 0.010336,0.000095
2 , D ,1.128152 , 0.792258, 0.000006,0.000035
3 , E ,1.122624 , 0.699426, 0.000002,0.001546
3 , H ,-369.540549 , -325.593183, 0.117310,0.016166
3 , Q ,0.526617 , 0.292739, 0.000521,0.000108
3 , F ,0.506257 , 0.507485, 0.005179,0.000097
3 , Y ,0.289046 , 0.584839, 0.068144,0.000037
3 , C ,0.452060 , 0.625791, 0.018962,0.000084
3 , N ,0.440641 , 0.620150, 0.020699,0.000104
3 , K ,0.369099 , 0.196460, 0.002361,0.000272
3 , D ,0.714544 , 0.929039, 0.004834,0.000053
4 , E ,0.866458 , 0.916594, 0.000776,0.000046
4 , H ,0.644712 , 0.850913, 0.007166,0.000151
4 , Q ,0.696389 , 0.766621, 0.002590,0.000108
4 , F ,0.744661 , 0.792246, 0.001664,0.000018
4 , Y ,0.392182 , 0.869408, 0.063392,0.000014
4 , C ,0.562802 , 0.917383, 0.019616,0.000226
4 , N ,0.425032 , 0.860572, 0.049944,0.000046
4 , K ,0.842245 , 0.531200, 0.000041,0.000072
4 , D ,0.558667 , 1.054468, 0.028797,0.000153
5 , E ,0.794632 , 0.788951, 0.000849,0.000043
5 , H ,0.630032 , 0.846040, 0.008119,0.000048
5 , Q ,0.819505 , 0.891041, 0.001213,0.000067
5 , F ,0.786058 , 0.830983, 0.001271,0.000127
5 , Y ,0.452741 , 0.973061, 0.052173,0.000040
5 , C ,0.442282 , 0.784165, 0.036151,0.000237
5 , N ,0.469029 , 0.919987, 0.041515,0.000171
5 , K ,0.694623 , 0.430803, 0.000155,0.000209
5 , D ,0.612189 , 1.113203, 0.022644,0.000077
6 , E ,0.877033 , 0.447473, 0.000000,0.039139
6 , H ,-83.448544 , -81.293639, 0.600575,0.004054
6 , Q ,0.393615 , -0.417900, 0.000000,0.000628
6 , F ,-135.682025 , -128.193298, 0.487562,0.011524
6 , Y ,-75.970588 , -70.040178, 0.646310,0.004253
6 , C ,-69.488797 , -65.810288, 0.725610,0.003304
6 , N ,-105.356369 , -98.746299, 0.491667,0.009996
6 , K ,0.094343 , -0.228028, 0.000696,0.000125
6 , D ,-102.780098 , -97.109433, 0.593857,0.005322
7 , E ,0.417252 , 0.294024, 0.003092,0.000649
7 , H ,0.922311 , 1.334485, 0.001831,0.003880
7 , Q ,0.601260 , 0.330476, 0.000191,0.000928
7 , F ,0.813040 , 1.274037, 0.003797,0.005391
7 , Y ,0.107965 , 0.277393, 0.114072,0.000195
7 , C ,0.116522 , 0.338662, 0.123961,0.000458
7 , N ,0.194249 , 0.421117, 0.088472,0.000348
7 , K ,0.384024 , 0.260498, 0.003807,0.001722
7 , D ,0.180485 , 0.306715, 0.067169,0.000485
8 , E ,0.293942 , 0.322420, 0.020939,0.000928
8 , H ,0.804064 , 0.686366, 0.000342,0.000715
8 , Q ,0.408781 , 0.423795, 0.010407,0.000224
8 , F ,0.394693 , 0.362964, 0.007997,0.000861
8 , Y ,1.254327 , 1.215206, 0.000031,0.001042
8 , C ,0.699339 , 0.681460, 0.001398,0.000293
8 , N ,0.619015 , 0.556018, 0.001634,0.000456
8 , K ,0.540723 , 0.439063, 0.001828,0.000725
8 , D ,0.733863 , 0.615645, 0.000517,0.000106
9 , E ,0.386445 , 0.605501, 0.033919,0.001516
9 , H ,1.197002 , 1.015538, 0.000017,0.001118
9 , Q ,0.382363 , 0.569505, 0.030145,0.000620
9 , F ,1.901527 , 1.464582, 0.000000,0.001943
9 , Y ,1.070623 , 0.873444, 0.000033,0.000583
9 , C ,0.990813 , 0.827629, 0.000073,0.001721
9 , N ,0.919414 , 0.615983, 0.000029,0.001053
9 , K ,0.691398 , 0.886436, 0.005239,0.007169
9 , D ,1.790232 , 1.166508, 0.000000,0.000823
10 , E ,1.329421 , 2.946370, 0.004448,0.004310
10 , F ,0.741161 , 0.263528, 0.000009,0.000827
10 , Y ,1.082367 , 0.482411, 0.000000,0.001189
10 , C ,1.626337 , 0.790513, 0.000000,0.018237
10 , N ,0.583999 , 0.248577, 0.000105,0.007689
11 , E ,0.611653 , 0.588707, 0.002284,0.000493
11 , H ,0.458111 , 0.558851, 0.012709,0.000196
11 , Q ,0.234525 , 0.168543, 0.014324,0.000510
11 , F ,0.250362 , 0.313590, 0.034017,0.000336
11 , Y ,0.479038 , 0.481336, 0.006228,0.000451
11 , C ,1.413173 , 1.592368, 0.000026,0.005075
11 , N ,0.467966 , 0.513431, 0.008645,0.000350
11 , K ,1.030841 , 0.793729, 0.000021,0.001853
11 , D ,0.653999 , 0.543901, 0.000923,0.000701
12 , E ,0.656220 , 0.539455, 0.000834,0.000082
12 , H ,0.599190 , 0.770052, 0.008000,0.000179
12 , Q ,0.768603 , 0.816745, 0.001397,0.000098
12 , F ,0.592508 , 0.570098, 0.002641,0.000139
12 , Y ,0.379489 , 0.682712, 0.044819,0.000075
12 , C ,0.517061 , 0.727592, 0.015273,0.000164
12 , N ,0.551630 , 0.767728, 0.012847,0.000064
12 , K ,0.727876 , 0.585117, 0.000427,0.000134
12 , D ,0.876235 , 0.937279, 0.000779,0.000055
13 , E ,0.446344 , 0.928499, 0.049115,0.000708
13 , H ,0.646888 , 0.214870, 0.000023,0.002694
13 , Q ,0.338096 , 0.748277, 0.070373,0.000210
13 , F ,0.677034 , 0.233638, 0.000017,0.000713
13 , Y ,0.953830 , 0.330122, 0.000000,0.002536
13 , C ,1.237579 , 0.570885, 0.000000,0.000389
13 , N ,0.337616 , 0.062943, 0.000776,0.001400
13 , K ,0.567389 , 0.860117, 0.015814,0.000859
13 , D ,0.700664 , 0.157947, 0.000004,0.001059
14 , E ,-751.256221 , -752.592751, 0.070707,0.035139
14 , H ,0.569902 , 0.161831, 0.000044,0.000554
14 , Q ,0.465592 , 1.062414, 0.055633,0.000216
14 , F ,0.846174 , 0.308242, 0.000002,0.000203
14 , Y ,0.737154 , 0.208621, 0.000004,0.000624
14 , C ,0.738229 , 0.227478, 0.000005,0.000879
14 , N ,0.612434 , 0.218884, 0.000046,0.000615
14 , K ,0.839476 , 1.222761, 0.004100,0.001355
14 , D ,0.650912 , 0.183611, 0.000014,0.001173
15 , E ,1.097251 , 2.572724, 0.006923,0.028762
15 , H ,1.490197 , 0.813535, 0.000000,0.002635
15 , Q ,0.326246 , 0.523449, 0.053147,0.005653
15 , F ,1.238276 , 0.764424, 0.000001,0.001572
15 , Y ,0.379501 , 0.209839, 0.002372,0.004162
15 , C ,1.744114 , 1.272050, 0.000000,0.003029
15 , N ,0.215177 , 0.027408, 0.006774,0.001527
15 , K ,0.225455 , 0.258281, 0.054317,0.003741
16 , H ,0.775454 , 0.355504, 0.000015,0.000143
16 , Q ,0.275964 , 0.624805, 0.084643,0.000734
16 , F ,0.730501 , 0.343274, 0.000028,0.000512
16 , Y ,0.938138 , 0.427460, 0.000002,0.000528
16 , C ,0.862872 , 0.672364, 0.000125,0.001335
16 , N ,0.775337 , 0.357550, 0.000016,0.000642
16 , K ,0.358546 , 0.588661, 0.039279,0.000469
16 , D ,0.480763 , 0.166016, 0.000241,0.002041
17 , E ,0.304138 , 0.599106, 0.064915,0.001290
17 , H ,1.033702 , 0.585992, 0.000003,0.001878
17 , Q ,0.457399 , 0.898156, 0.042279,0.000395
17 , F ,0.792895 , 0.351234, 0.000010,0.000229
17 , Y ,0.920771 , 0.522299, 0.000010,0.000316
17 , C ,0.663605 , 0.416900, 0.000230,0.000357
17 , N ,0.797301 , 0.481491, 0.000049,0.002331
17 , K ,0.683923 , 1.071406, 0.010375,0.000878
17 , D ,0.977616 , 0.500457, 0.000003,0.000574
18 , E ,0.715436 , 0.619541, 0.000717,0.000453
18 , H ,0.691904 , 0.798288, 0.003275,0.000045
18 , Q ,0.843719 , 0.577665, 0.000066,0.000215
18 , F ,1.004153 , 1.090514, 0.000407,0.000367
18 , Y ,0.888659 , 1.048853, 0.001275,0.000307
18 , C ,0.480710 , 0.736938, 0.022937,0.000281
18 , N ,0.855706 , 1.041885, 0.001796,0.000244
18 , K ,0.912751 , 0.641579, 0.000041,0.000462
18 , D ,0.757779 , 0.826786, 0.001761,0.000096
19 , E ,0.314619 , 0.692590, 0.073362,0.000092
19 , H ,0.610080 , 0.370416, 0.000314,0.000063
19 , Q ,-2299.546647 , -3051.723098, 0.407295,0.048543
19 , F ,0.741967 , 0.479859, 0.000122,0.000111
19 , Y ,0.570458 , 0.333235, 0.000390,0.000234
19 , C ,0.782157 , 0.266089, 0.000004,0.000049
19 , N ,0.462534 , 0.298755, 0.001608,0.000228
19 , K ,0.405909 , 0.543032, 0.019931,0.000837
19 , D ,0.600253 , 0.269777, 0.000109,0.000212
20 , E ,-439.858297 , -396.013330, 0.112903,0.024936
20 , H ,0.851385 , 0.468497, 0.000017,0.000027
20 , Q ,-417.787977 , -393.826973, 0.242604,0.025168
20 , F ,0.700619 , 0.345248, 0.000050,0.000130
20 , Y ,1.064490 , 0.510787, 0.000001,0.000340
20 , C ,1.032291 , 0.216651, 0.000000,0.000111
20 , N ,0.711165 , 0.277412, 0.000017,0.000130
20 , K ,-530.543618 , -495.836011, 0.119617,0.028388
20 , D ,0.639985 , 0.152669, 0.000010,0.000273
21 , E ,-568.765760 , -574.779122, 0.267081,0.026554
21 , H ,0.983323 , 0.536820, 0.000004,0.000224
21 , Q ,-235.364423 , -220.212813, 0.461538,0.020977
21 , F ,0.748569 , 0.366319, 0.000027,0.000174
21 , Y ,0.714060 , 0.256358, 0.000012,0.000044
21 , C ,0.868071 , 0.468479, 0.000013,0.000136
21 , N ,0.727332 , 0.332812, 0.000026,0.000071
21 , K ,-3441.774269 , -4497.153190, 0.153527,0.070304
21 , D ,0.867906 , 0.334571, 0.000002,0.000343
22 , E ,0.738099 , 0.741588, 0.001261,0.000935
22 , H ,0.816035 , 0.881485, 0.001184,0.000067
22 , Q ,0.943145 , 0.670291, 0.000028,0.000988
22 , F ,0.842930 , 0.742994, 0.000308,0.000310
22 , Y ,0.682434 , 0.678058, 0.001709,0.000134
22 , C ,0.554646 , 0.846670, 0.016858,0.000898
22 , N ,0.481303 , 0.621187, 0.013768,0.000108
22 , K ,0.679142 , 0.555603, 0.000675,0.000317
22 , D ,0.648683 , 0.682952, 0.002752,0.000760
23 , E ,0.910014 , 0.861216, 0.000255,0.001433
23 , H ,0.589463 , 0.769354, 0.008613,0.000246
23 , Q ,0.404039 , 0.203689, 0.001417,0.002156
23 , F ,0.622549 , 0.600567, 0.002168,0.000156
23 , Y ,0.725333 , 0.789392, 0.002069,0.000674
23 , C ,0.711184 , 1.203152, 0.012841,0.000489
23 , N ,0.523569 , 0.741456, 0.014667,0.000116
23 , K ,0.575564 , 0.467811, 0.001467,0.000505
23 , D ,0.734839 , 0.770539, 0.001564,0.000353
24 , E ,0.793280 , 0.751417, 0.000672,0.001032
24 , H ,1.098940 , 1.004309, 0.000044,0.001696
24 , Q ,0.839608 , 0.728478, 0.000266,0.000848
24 , F ,0.816036 , 0.746576, 0.000453,0.000401
24 , Y ,0.779270 , 0.791717, 0.000749,0.001673
24 , C ,0.931926 , 1.162031, 0.001363,0.000767
24 , N ,0.975015 , 0.957299, 0.000167,0.001535
24 , K ,0.750310 , 0.582951, 0.000287,0.000926
24 , D ,0.260585 , 0.203153, 0.013934,0.000580
25 , E ,0.522279 , 0.432546, 0.002297,0.000358
25 , H ,1.451773 , 1.792069, 0.000058,0.002267
25 , Q ,0.482278 , 0.299704, 0.001203,0.001068
25 , F ,0.731492 , 0.712620, 0.001138,0.000419
25 , Y ,0.539208 , 0.581987, 0.005646,0.000283
25 , C ,0.500670 , 0.818450, 0.024710,0.000347
25 , N ,0.259022 , 0.477166, 0.063105,0.000425
25 , K ,0.532209 , 0.453868, 0.002461,0.000723
25 , D ,0.469334 , 0.463572, 0.006192,0.000204
26 , E ,0.695553 , 0.644290, 0.001119,0.000357
26 , H ,0.349944 , 0.638834, 0.049931,0.000264
26 , Q ,0.400191 , 0.239191, 0.002275,0.000406
26 , F ,0.573776 , 0.568301, 0.003390,0.000263
26 , Y ,0.408401 , 0.619812, 0.028242,0.000133
26 , C ,0.384255 , 0.761515, 0.053496,0.000356
26 , N ,1.570140 , 2.201485, 0.000086,0.002762
26 , K ,0.816217 , 0.698539, 0.000318,0.000195
26 , D ,0.265442 , 0.495346, 0.064061,0.000700
27 , E ,0.860889 , 0.754923, 0.000253,0.000443
27 , H ,1.350140 , 1.404305, 0.000027,0.002540
27 , Q ,0.450619 , 0.274053, 0.001528,0.001054
27 , F ,0.630516 , 0.621719, 0.002327,0.000496
27 , Y ,0.443776 , 0.439428, 0.007364,0.000547
27 , C ,0.765627 , 1.079840, 0.005283,0.000660
27 , N ,1.405758 , 1.728502, 0.000075,0.002317
27 , K ,0.753208 , 0.629847, 0.000446,0.000144
27 , D ,0.497284 , 0.436702, 0.003483,0.000242
28 , C ,-0.000000 , -0.000000, 0.250000,0.000000
29 , E ,0.623369 , 0.529673, 0.001265,0.000563
29 , H ,0.337402 , 0.526545, 0.038747,0.000263
29 , Q ,0.552442 , 0.327407, 0.000511,0.000473
29 , F ,0.627670 , 0.673897, 0.003396,0.000277
29 , Y ,0.545283 , 0.821989, 0.016591,0.000216
29 , C ,0.236505 , 0.514918, 0.085400,0.000640
29 , N ,0.519677 , 0.727392, 0.014797,0.000305
29 , K ,0.844147 , 0.724532, 0.000256,0.000529
29 , D ,0.434183 , 0.642101, 0.024292,0.000764
30 , E ,-1077.863307 , -1223.683994, 0.308970,0.032803
30 , H ,0.472560 , 0.043572, 0.000045,0.000226
30 , Q ,-823.580708 , -956.823644, 0.485893,0.027727
30 , F ,0.789057 , 0.230682, 0.000002,0.000612
30 , Y ,0.998783 , 0.197929, 0.000000,0.000317
30 , C ,0.911013 , -0.053648, 0.000000,0.000020
30 , N ,0.590845 , 0.145171, 0.000023,0.000786
30 , K ,-707.435747 , -659.792692, 0.156863,0.043337
30 , D ,0.610845 , 0.127125, 0.000012,0.000232
31 , E ,-1107.834559 , -1256.139008, 0.271255,0.039437
31 , H ,0.862405 , 0.063240, 0.000000,0.000362
31 , Q ,-2147.389370 , -2861.366977, 0.491909,0.039278
31 , F ,0.612810 , 0.143249, 0.000014,0.000228
31 , Y ,0.798061 , 0.120275, 0.000000,0.001130
31 , C ,0.781131 , -0.110784, 0.000000,0.000087
31 , N ,0.723945 , 0.199728, 0.000004,0.000169
31 , K ,-416.333599 , -375.147848, 0.117073,0.024200
31 , D ,0.654123 , 0.185419, 0.000013,0.000187
32 , E ,-1109.622735 , -1249.907850, 0.244048,0.040382
32 , H ,0.970718 , 0.067543, 0.000000,0.000377
32 , Q ,-1964.181545 , -2624.063958, 0.517241,0.039254
32 , F ,0.579665 , 0.118175, 0.000019,0.000085
32 , Y ,0.668272 , 0.084886, 0.000002,0.001913
32 , C ,0.750838 , -0.163697, 0.000000,0.000012
32 , N ,0.977349 , 0.266938, 0.000000,0.000064
32 , K ,-500.050560 , -470.583722, 0.148148,0.028651
32 , D ,0.710275 , 0.242490, 0.000010,0.000495
33 , E ,-400.405962 , -379.073141, 0.271084,0.022772
33 , H ,0.822000 , 0.063158, 0.000000,0.000068
33 , Q ,-173.210165 , -163.506002, 0.486166,0.012707
33 , F ,0.891577 , 0.609154, 0.000000,0.017505
33 , Y ,0.535931 , 0.058149, 0.000017,0.001159
33 , C ,0.525246 , -0.173841, 0.000000,0.000094
33 , N ,0.899509 , 0.240265, 0.000000,0.000084
33 , K ,-437.763144 , -408.491366, 0.129496,0.017212
33 , D ,0.807350 , 0.301631, 0.000004,0.000587
34 , E ,-1107.808780 , -1252.653904, 0.262626,0.038453
34 , H ,0.799710 , 0.040749, 0.000000,0.000436
34 , Q ,-1941.599587 , -2594.673722, 0.510870,0.042450
34 , F ,0.597425 , 0.134514, 0.000017,0.000162
34 , Y ,0.640173 , 0.063644, 0.000003,0.001136
34 , C ,0.589183 , -0.185260, 0.000000,0.000001
34 , N ,0.783171 , 0.204844, 0.000002,0.000239
34 , K ,-487.104492 , -460.837879, 0.146497,0.028263
34 , D ,0.749572 , 0.267973, 0.000007,0.000567
35 , E ,-1053.247634 , -1185.950280, 0.270531,0.037871
35 , H ,0.611781 , 0.010521, 0.000002,0.001109
35 , Q ,-2073.282742 , -2769.105886, 0.498195,0.041979
35 , F ,0.620846 , 0.117837, 0.000008,0.000156
35 , Y ,0.825295 , 0.102189, 0.000000,0.000388
35 , C ,0.771057 , -0.165736, 0.000000,0.000064
35 , N ,0.799914 , 0.237866, 0.000002,0.000084
35 , K ,-401.208933 , -357.401470, 0.104046,0.024415
35 , D ,0.755712 , 0.261973, 0.000006,0.000492
36 , E ,0.333167 , 0.522813, 0.039554,0.000518
36 , H ,0.644901 , 0.698575, 0.003173,0.000245
36 , Q ,0.373982 , 0.828343, 0.066580,0.000167
36 , F ,0.506320 , 0.390967, 0.002057,0.000340
36 , Y ,0.711311 , 0.582449, 0.000543,0.000181
36 , C ,0.636907 , 0.369110, 0.000202,0.000084
36 , N ,0.560895 , 0.543373, 0.003324,0.000326
36 , K ,0.425093 , 0.596035, 0.022048,0.000071
36 , D ,0.507879 , 0.506735, 0.005075,0.000218
37 , E ,-1106.048925 , -1252.771155, 0.276316,0.035708
37 , H ,0.870149 , 0.054938, 0.000000,0.000284
37 , Q ,-1962.249293 , -2612.231869, 0.481481,0.038510
37 , F ,0.750839 , 0.203945, 0.000003,0.000092
37 , Y ,0.677277 , 0.027037, 0.000001,0.000423
37 , C ,0.408979 , -0.206194, 0.000002,0.000483
37 , N ,1.065435 , 0.303581, 0.000000,0.000069
37 , K ,-530.703331 , -503.701566, 0.115942,0.035164
37 , D ,1.037923 , 0.413847, 0.000000,0.000254
38 , E ,0.579793 , 0.545651, 0.002584,0.000139
38 , H ,0.401424 , 0.478829, 0.016099,0.000647
38 , Q ,0.685758 , 0.658844, 0.001435,0.000125
38 , F ,0.416171 , 0.536848, 0.018591,0.000467
38 , Y ,0.597681 , 0.819943, 0.009654,0.000376
38 , C ,0.770789 , 0.819389, 0.001442,0.000345
38 , N ,0.337632 , 0.463341, 0.029129,0.000174
38 , K ,0.587201 , 0.435803, 0.000903,0.000429
38 , D ,0.407133 , 0.555525, 0.021594,0.000348
39 , E ,0.770846 , 0.739786, 0.000817,0.000375
39 , H ,0.364381 , 0.618790, 0.041394,0.000669
39 , Q ,1.115084 , 0.732730, 0.000004,0.000440
39 , F ,0.560088 , 0.724535, 0.009810,0.000312
39 , Y ,0.328109 , 0.634104, 0.057987,0.000200
39 , C ,0.681341 , 0.908107, 0.006219,0.000147
39 , N ,0.434751 , 0.651938, 0.025573,0.000919
39 , K ,0.893743 , 0.727563, 0.000125,0.000407
39 , D ,0.532905 , 0.782777, 0.016247,0.000439
40 , E ,-2623.734621 , -3488.279536, 0.311628,0.063414
40 , H ,1.195803 , 0.203271, 0.000000,0.000103
40 , Q ,-476.421829 , -492.852060, 0.327103,0.027950
40 , F ,0.678431 , 0.244334, 0.000019,0.000216
40 , Y ,1.033020 , 0.258436, 0.000000,0.000382
40 , C ,1.257881 , 0.652981, 0.000000,0.000299
40 , N ,0.914061 , 0.263882, 0.000000,0.000989
40 , K ,-338.410930 , -309.252170, 0.189542,0.033050
40 , D ,0.803473 , 0.135658, 0.000000,0.000035
41 , E ,0.727420 , 0.297305, 0.000016,0.000407
41 , H ,-501.688143 , -457.556006, 0.082569,0.027040
41 , Q ,1.002109 , 0.414824, 0.000001,0.000231
41 , F ,0.685652 , 0.809263, 0.003632,0.000566
41 , Y ,-780.246154 , -783.199478, 0.091691,0.036576
41 , C ,0.497275 , 0.896232, 0.031931,0.000234
41 , N ,0.460444 , 0.898656, 0.041689,0.000302
41 , K ,0.810174 , 0.297194, 0.000004,0.000215
41 , D ,0.594893 , 0.858455, 0.012013,0.000215
42 , E ,0.957327 , 0.376628, 0.000001,0.000444
42 , H ,0.467053 , 0.977135, 0.047182,0.000242
42 , Q ,1.004596 , 0.358563, 0.000000,0.000211
42 , F ,0.523907 , 0.695096, 0.012536,0.000118
42 , Y ,-385.039198 , -344.648247, 0.113889,0.025980
42 , C ,-666.223042 , -664.234244, 0.095941,0.033314
42 , N ,0.311669 , 0.733802, 0.083483,0.000576
42 , K ,0.690395 , 0.213721, 0.000010,0.000121
42 , D ,0.500558 , 0.792349, 0.022891,0.000336
43 , E ,0.710738 , 0.262040, 0.000014,0.000189
43 , H ,0.423540 , 0.920292, 0.056187,0.000208
43 , Q ,0.894161 , 0.303918, 0.000001,0.000175
43 , F ,0.525053 , 0.720883, 0.013798,0.000065
43 , Y ,-400.451519 , -353.426846, 0.116022,0.029621
43 , C ,-706.670204 , -705.581956, 0.094595,0.035181
43 , N ,-688.563904 , -673.374393, 0.078035,0.033581
43 , K ,0.638789 , 0.193627, 0.000020,0.000152
43 , D ,0.489433 , 0.794813, 0.025234,0.000410
44 , E ,0.616594 , 0.205579, 0.000034,0.000522
44 , H ,0.388626 , 0.866894, 0.064845,0.000025
44 , Q ,0.730117 , 0.224644, 0.000005,0.000269
44 , F ,0.565975 , 0.757540, 0.010529,0.000648
44 , Y ,-741.617745 , -750.147715, 0.136364,0.036245
44 , C ,0.375637 , 0.855727, 0.069261,0.000108
44 , N ,0.383466 , 0.932557, 0.075083,0.000250
44 , K ,0.673420 , 0.199903, 0.000011,0.000402
44 , D ,0.737547 , 1.137954, 0.008307,0.000396
45 , E ,0.667030 , 0.249034, 0.000025,0.000336
45 , H ,0.485673 , 0.979470, 0.041343,0.000543
45 , Q ,1.203214 , 0.510734, 0.000000,0.000140
45 , F ,0.660671 , 0.776623, 0.004131,0.000223
45 , Y ,-479.748424 , -434.540035, 0.078947,0.029825
45 , C ,0.491578 , 0.905491, 0.034239,0.000079
45 , N ,0.441244 , 0.838428, 0.042368,0.000296
45 , K ,0.908795 , 0.345853, 0.000001,0.000650
45 , D ,0.700346 , 1.001106, 0.007460,0.000334
46 , E ,0.770094 , 0.257717, 0.000004,0.000839
46 , H ,-391.675501 , -357.515682, 0.155116,0.026979
46 , Q ,0.673634 , 0.214600, 0.000013,0.000530
46 , F ,0.563828 , 0.749774, 0.010265,0.000235
46 , Y ,-476.760703 , -471.959166, 0.220339,0.027131
46 , C ,-347.686282 , -300.043747, 0.109827,0.017470
46 , N ,-478.727704 , -444.603394, 0.169014,0.024948
46 , K ,0.790382 , 0.280767, 0.000004,0.000720
46 , D ,0.374334 , 0.643882, 0.042702,0.000501
47 , E ,0.568800 , 0.238518, 0.000126,0.000487
47 , H ,0.312217 , 0.661752, 0.069739,0.000187
47 , Q ,0.653202 , 0.280180, 0.000048,0.000409
47 , F ,0.640743 , 0.736894, 0.004154,0.000264
47 , Y ,-390.262112 , -344.051835, 0.082596,0.024271
47 , C ,0.328093 , 0.684856, 0.066266,0.001005
47 , N ,0.499829 , 0.961242, 0.036107,0.000601
47 , K ,0.567092 , 0.211355, 0.000093,0.000329
47 , D ,0.891479 , 1.235891, 0.002870,0.000558
48 , E ,-34536.145136 , -61421.040164, 0.200000,0.300000
48 , H ,-0.315455 , -0.191521, 5.763997,0.010147
48 , Q ,-0.165719 , -0.344861, 0.300905,0.029603
48 , F ,1.198687 , 0.302659, 0.000000,0.034300
48 , Y ,-0.164379 , -0.135173, 0.344859,0.006852
48 , K ,-4077.316307 , -5365.667342, 0.166667,0.319444
48 , D ,-0.219392 , -0.121204, 1.659206,0.006168
49 , E ,0.895773 , 0.640111, 0.000054,0.000235
49 , H ,0.693361 , 0.894964, 0.005229,0.000118
49 , Q ,0.820171 , 0.715370, 0.000337,0.000210
49 , F ,0.821755 , 0.625156, 0.000149,0.000244
49 , Y ,0.622017 , 0.833119, 0.008274,0.000216
49 , C ,0.559612 , 0.893515, 0.018475,0.000140
49 , N ,0.460120 , 0.737408, 0.027006,0.000133
49 , K ,0.692221 , 0.393436, 0.000104,0.000196
49 , D ,1.027193 , 1.135107, 0.000391,0.000403
50 , E ,0.865414 , 0.639631, 0.000088,0.000772
50 , H ,1.616478 , 1.967392, 0.000028,0.005781
50 , Q ,0.921897 , 0.772980, 0.000126,0.001010
50 , F ,0.444393 , 0.588429, 0.017951,0.000876
50 , Y ,0.446532 , 0.812201, 0.036105,0.000889
50 , C ,0.313874 , 0.497153, 0.049613,0.002016
50 , N ,1.163032 , 1.305563, 0.000132,0.003610
50 , K ,1.427538 , 1.112456, 0.000001,0.000219
50 , D ,0.364578 , 0.564387, 0.036489,0.000665
51 , E ,0.759888 , 0.612300, 0.000341,0.000190
51 , H ,0.641467 , 0.789047, 0.005392,0.000190
51 , Q ,0.747509 , 0.649286, 0.000573,0.000520
51 , F ,0.542165 , 0.646231, 0.008055,0.000143
51 , Y ,0.621174 , 0.960801, 0.013566,0.000066
51 , C ,0.639237 , 0.888370, 0.008885,0.000330
51 , N ,0.535024 , 0.644572, 0.008628,0.000132
51 , K ,0.755568 , 0.658322, 0.000534,0.000259
51 , D ,0.631136 , 0.829980, 0.007236,0.000175
52 , E ,1.012000 , 1.239106, 0.000966,0.003211
52 , H ,0.052923 , 0.003256, 0.060431,0.005338
52 , Q ,0.540953 , 0.743341, 0.013502,0.002278
52 , F ,1.975030 , 1.822010, 0.000000,0.003776
52 , Y ,1.448563 , 1.318906, 0.000005,0.003988
52 , C ,0.421606 , 0.569973, 0.028002,0.008130
52 , N ,0.658406 , 0.515000, 0.000670,0.000350
52 , K ,0.377666 , 0.480955, 0.022787,0.005080
52 , D ,1.177163 , 0.830745, 0.000004,0.002075
53 , E ,0.711408 , 0.962394, 0.005712,0.001026
53 , H ,0.902502 , 0.607951, 0.000035,0.000052
53 , Q ,0.509047 , 0.979699, 0.035120,0.000244
53 , F ,0.569563 , 0.493403, 0.001955,0.000129
53 , Y ,0.825144 , 0.646785, 0.000174,0.000111
53 , C ,0.823755 , 0.827738, 0.000768,0.000049
53 , N ,0.502386 , 0.359870, 0.001594,0.000072
53 , K ,1.734111 , 2.163951, 0.000015,0.002064
53 , D ,0.795975 , 0.486841, 0.000054,0.000145
54 , E ,0.722750 , 1.168349, 0.011350,0.005492
54 , H ,1.465845 , 0.603850, 0.000000,0.001177
54 , Q ,0.450757 , 0.741624, 0.031224,0.001078
54 , F ,1.911778 , 1.232720, 0.000000,0.008615
54 , Y ,0.373060 , 0.179168, 0.002360,0.004035
54 , C ,0.045335 , -0.023142, 0.088162,0.020825
54 , N ,0.153972 , -0.109172, 0.002511,0.003114
54 , K ,1.929222 , 2.946213, 0.000057,0.001018
54 , D ,0.564371 , 0.203810, 0.000093,0.007317
55 , E ,1.039846 , 1.163729, 0.000371,0.001146
55 , H ,0.662603 , 0.612153, 0.001372,0.000475
55 , Q ,1.013399 , 1.027862, 0.000242,0.001212
55 , F ,0.973206 , 0.962880, 0.000268,0.000043
55 , Y ,0.918608 , 0.909983, 0.000386,0.000235
55 , C ,0.669407 , 0.750251, 0.003157,0.000514
55 , N ,0.730169 , 0.695927, 0.001006,0.000404
55 , K ,1.104457 , 1.240101, 0.000271,0.000548
55 , D ,1.285293 , 1.090454, 0.000008,0.001140
56 , E ,0.719883 , 0.493014, 0.000203,0.000103
56 , H ,0.866747 , 0.714609, 0.000170,0.000156
56 , Q ,0.841013 , 0.672365, 0.000174,0.000131
56 , F ,0.432953 , 0.732003, 0.033394,0.000053
56 , Y ,0.652876 , 0.635681, 0.001894,0.000081
56 , C ,0.786923 , 0.788587, 0.000924,0.000076
56 , N ,0.670978 , 0.686951, 0.002107,0.000047
56 , K ,0.672829 , 0.392841, 0.000145,0.000046
56 , D ,0.858913 , 0.707353, 0.000179,0.000077
57 , E ,0.481309 , 0.364018, 0.002284,0.001134
57 , H ,0.628240 , 0.678381, 0.003450,0.000185
57 , Q ,0.529015 , 0.415125, 0.001851,0.000331
57 , F ,1.097967 , 0.925534, 0.000034,0.000297
57 , Y ,0.695564 , 0.818026, 0.003337,0.000842
57 , C ,0.587262 , 0.747757, 0.007875,0.000688
57 , N ,0.578621 , 0.642324, 0.005165,0.000341
57 , K ,0.645116 , 0.517075, 0.000815,0.000277
57 , D ,1.073395 , 0.827805, 0.000020,0.000949
58 , E ,0.527918 , 0.460927, 0.002638,0.001028
58 , H ,0.513256 , 0.550578, 0.006438,0.000429
58 , Q ,0.539271 , 0.464135, 0.002430,0.000470
58 , F ,0.820881 , 0.608010, 0.000120,0.000480
58 , Y ,0.657164 , 0.683998, 0.002494,0.000524
58 , C ,0.716661 , 0.798366, 0.002359,0.000504
58 , N ,0.474127 , 0.455647, 0.005642,0.000079
58 , K ,0.585852 , 0.521624, 0.002004,0.000308
58 , D ,0.681498 , 0.584737, 0.000847,0.000361
59 , E ,0.954110 , 0.692634, 0.000029,0.000969
59 , H ,0.421558 , 0.652118, 0.027733,0.000339
59 , Q ,0.393603 , 0.295232, 0.004532,0.000311
59 , F ,0.390395 , 0.640725, 0.035535,0.000085
59 , Y ,0.395146 , 0.692848, 0.040350,0.000147
59 , C ,0.865500 , 0.968724, 0.001067,0.000206
59 , N ,1.238019 , 1.708173, 0.000329,0.003508
59 , K ,0.464914 , 0.257267, 0.000976,0.000314
59 , D ,0.459678 , 0.647470, 0.019299,0.000021
60 , E ,0.577632 , 0.421683, 0.000927,0.000165
60 , H ,0.372104 , 0.544535, 0.029622,0.000146
60 , Q ,0.431388 , 0.312876, 0.003033,0.000098
60 , F ,2.012792 , 3.105636, 0.000030,0.004638
60 , Y ,0.448679 , 0.757416, 0.031502,0.000112
60 , C ,0.705392 , 0.818945, 0.003112,0.000098
60 , N ,0.413382 , 0.605839, 0.025647,0.000269
60 , K ,0.495784 , 0.272224, 0.000703,0.000176
60 , D ,0.484037 , 0.696450, 0.018521,0.000130
61 , E ,0.609510 , 0.477179, 0.000964,0.000113
61 , H ,0.467334 , 0.644597, 0.017602,0.000124
61 , Q ,0.473317 , 0.347695, 0.002240,0.000107
61 , F ,0.336952 , 0.504651, 0.035509,0.000196
61 , Y ,1.453415 , 2.098824, 0.000187,0.002950
61 , C ,0.574212 , 0.681669, 0.006752,0.000122
61 , N ,0.409411 , 0.591441, 0.025064,0.000247
61 , K ,0.561957 , 0.324399, 0.000423,0.000049
61 , D ,0.462201 , 0.641010, 0.018488,0.000179
62 , E ,0.533630 , 0.409117, 0.001611,0.000174
62 , H ,0.466584 , 0.642444, 0.017569,0.000114
62 , Q ,0.437253 , 0.311063, 0.002732,0.000149
62 , F ,1.337084 , 1.851571, 0.000217,0.004012
62 , Y ,2.119659 , 3.227647, 0.000020,0.005422
62 , C ,0.634222 , 0.751081, 0.004911,0.000127
62 , N ,0.426539 , 0.615245, 0.023331,0.000089
62 , K ,0.539242 , 0.306640, 0.000506,0.000148
62 , D ,0.476249 , 0.647457, 0.016427,0.000082
63 , E ,0.602276 , 0.468269, 0.000989,0.000241
63 , H ,0.467660 , 0.647278, 0.017687,0.000160
63 , Q ,0.462397 , 0.321815, 0.002057,0.000077
63 , F ,0.336222 , 0.531362, 0.039358,0.000073
63 , Y ,0.419216 , 0.665404, 0.030294,0.000165
63 , C ,0.620936 , 0.724899, 0.004979,0.000179
63 , N ,0.423344 , 0.599348, 0.022488,0.000284
63 , K ,0.541432 , 0.307403, 0.000490,0.000080
63 , D ,0.488191 , 0.660289, 0.015392,0.000214
64 , E ,0.609078 , 0.458802, 0.000816,0.000040
64 , H ,0.471319 , 0.653928, 0.017633,0.000128
64 , Q ,0.451524 , 0.316415, 0.002311,0.000091
64 , F ,0.342228 , 0.518648, 0.035496,0.000215
64 , Y ,1.668939 , 2.388402, 0.000065,0.003159
64 , C ,0.644404 , 0.774460, 0.004906,0.000180
64 , N ,0.431589 , 0.609625, 0.021697,0.000157
64 , K ,0.541022 , 0.311481, 0.000515,0.000085
64 , D ,0.502574 , 0.683639, 0.014721,0.000049
65 , E ,0.590205 , 0.457688, 0.001083,0.000194
65 , H ,0.428433 , 0.596580, 0.021193,0.000109
65 , Q ,0.467759 , 0.335428, 0.002165,0.000102
65 , F ,0.347961 , 0.544028, 0.037282,0.000347
65 , Y ,1.506836 , 2.175851, 0.000146,0.003033
65 , C ,0.613810 , 0.728317, 0.005491,0.000066
65 , N ,0.372867 , 0.533679, 0.028135,0.000207
65 , K ,0.549351 , 0.319395, 0.000493,0.000059
65 , D ,0.515420 , 0.696630, 0.013706,0.000107
66 , E ,0.612604 , 0.493469, 0.001063,0.000163
66 , H ,0.425543 , 0.606284, 0.022710,0.000129
66 , Q ,0.490120 , 0.365104, 0.002048,0.000091
66 , F ,0.349671 , 0.529898, 0.034861,0.000165
66 , Y ,0.454724 , 0.727742, 0.027313,0.000049
66 , C ,0.655329 , 0.776609, 0.004431,0.000114
66 , N ,0.407810 , 0.582106, 0.024459,0.000054
66 , K ,0.569472 , 0.324708, 0.000372,0.000044
66 , D ,0.526473 , 0.699648, 0.012418,0.000056
67 , E ,0.654519 , 0.521435, 0.000737,0.000046
67 , H ,0.438865 , 0.597053, 0.019044,0.000280
67 , Q ,0.501049 , 0.375376, 0.001914,0.000206
67 , F ,0.337047 , 0.529958, 0.039124,0.000439
67 , Y ,0.448137 , 0.705373, 0.026823,0.000089
67 , C ,0.610129 , 0.722206, 0.005561,0.000082
67 , N ,0.424967 , 0.610653, 0.023188,0.000068
67 , K ,0.622485 , 0.369126, 0.000257,0.000063
67 , D ,0.489405 , 0.652427, 0.014735,0.000188
68 , E ,0.608024 , 0.484536, 0.001056,0.000137
68 , H ,0.407759 , 0.578922, 0.024140,0.000225
68 , Q ,0.460793 , 0.330383, 0.002304,0.000065
68 , F ,0.352543 , 0.542584, 0.035547,0.000179
68 , Y ,0.422635 , 0.673115, 0.030297,0.000102
68 , C ,0.648593 , 0.772749, 0.004644,0.000154
68 , N ,0.451108 , 0.631692, 0.019655,0.000129
68 , K ,0.671540 , 0.395425, 0.000152,0.000036
68 , D ,0.542753 , 0.731004, 0.011929,0.000083
69 , E ,0.784918 , 0.578032, 0.000170,0.000089
69 , H ,0.556562 , 0.720637, 0.009775,0.000128
69 , Q ,0.838629 , 0.408895, 0.000010,0.000330
69 , F ,-397.356497 , -371.527087, 0.199461,0.024885
69 , Y ,0.197245 , 0.551091, 0.118486,0.000554
69 , C ,0.423014 , 0.836214, 0.048361,0.000482
69 , N ,0.222105 , 0.531918, 0.098128,0.000080
69 , K ,0.911746 , 0.461054, 0.000005,0.000309
69 , D ,0.448371 , 0.711397, 0.027447,0.000119
70 , E ,-1476.259642 , -1699.463622, 0.133333,0.064036
70 , H ,0.957110 , 0.285507, 0.000000,0.000233
70 , Q ,-392.713784 , -377.541585, 0.221277,0.033913
70 , F ,1.139155 , 0.265502, 0.000000,0.000216
70 , Y ,0.919136 , 0.177060, 0.000000,0.000034
70 , C ,0.883217 , 0.441738, 0.000007,0.001209
70 , N ,0.952689 , 0.337000, 0.000000,0.000530
70 , K ,-358.298945 , -320.031429, 0.205000,0.021372
70 , D ,0.824050 , 0.225128, 0.000001,0.000492
72 , H ,1.014063 , 0.319199, 0.000000,0.002328
72 , Q ,-558.965948 , -532.422482, 0.282051,0.043456
72 , F ,0.810139 , 0.157520, 0.000000,0.000127
72 , Y ,0.713624 , 0.134482, 0.000002,0.000124
72 , C ,0.809873 , 0.363351, 0.000009,0.000667
72 , N ,1.003124 , 0.401862, 0.000000,0.000172
72 , K ,-734.214519 , -749.713115, 0.138408,0.040275
72 , D ,0.873190 , 0.283535, 0.000001,0.000125
73 , E ,0.350033 , 0.472449, 0.028118,0.000346
73 , H ,0.672200 , 0.696229, 0.002120,0.000412
73 , Q ,0.575226 , 0.581876, 0.003638,0.000301
73 , F ,0.916079 , 0.726250, 0.000088,0.000449
73 , Y ,0.533373 , 0.689646, 0.010286,0.001030
73 , C ,0.529391 , 0.523124, 0.004368,0.000133
73 , N ,0.807406 , 0.720143, 0.000414,0.000453
73 , K ,0.721707 , 0.687405, 0.001057,0.001228
73 , D ,0.571838 , 0.596185, 0.004110,0.000026
74 , E ,0.256270 , 0.386314, 0.046077,0.000543
74 , H ,0.889354 , 0.926213, 0.000556,0.001234
74 , Q ,0.429013 , 0.502730, 0.013402,0.000262
74 , F ,0.566782 , 0.409232, 0.000970,0.000255
74 , Y ,1.044857 , 1.248455, 0.000429,0.001810
74 , C ,0.524163 , 0.551350, 0.005636,0.000342
74 , N ,0.621496 , 0.590745, 0.001952,0.000778
74 , K ,0.367940 , 0.488622, 0.024473,0.000841
74 , D ,1.245501 , 1.358564, 0.000066,0.002060
75 , E ,-1160.535912 , -1317.802192, 0.286957,0.034518
75 , H ,0.763311 , 0.109813, 0.000001,0.000524
75 , Q ,-3374.827169 , -4428.430479, 0.147541,0.076423
75 , F ,0.660476 , 0.225743, 0.000022,0.000573
75 , Y ,0.757352 , 0.106732, 0.000001,0.000555
75 , C ,0.742478 , 0.061633, 0.000000,0.000481
75 , N ,1.302715 , 0.441262, 0.000000,0.000821
75 , K ,-1356.849650 , -1524.291019, 0.091954,0.044887
75 , D ,1.160718 , 0.408027, 0.000000,0.000965
76 , E ,-3159.375912 , -4128.632053, 0.252101,0.056564
76 , H ,0.776253 , 0.125150, 0.000001,0.000360
76 , Q ,-3283.955208 , -4262.309105, 0.144444,0.072078
76 , F ,0.829860 , 0.296963, 0.000003,0.000078
76 , Y ,0.867567 , 0.174703, 0.000000,0.001332
76 , C ,0.637643 , 0.053305, 0.000002,0.000319
76 , N ,1.084881 , 0.420198, 0.000000,0.007155
76 , K ,-1292.835291 , -1450.098772, 0.107527,0.045410
76 , D ,1.463273 , 0.483972, 0.000000,0.001189
77 , E ,-2899.609494 , -3801.359631, 0.213115,0.067903
77 , H ,0.607180 , 0.072001, 0.000006,0.000301
77 , Q ,-542.897730 , -526.368455, 0.243056,0.026612
77 , F ,0.567998 , 0.133343, 0.000030,0.003386
77 , Y ,0.690994 , 0.158046, 0.000004,0.002063
77 , C ,0.903322 , 0.118893, 0.000000,0.000205
77 , N ,1.419262 , 0.505051, 0.000000,0.000944
77 , K ,-399.682175 , -374.345546, 0.178082,0.024332
77 , D ,0.548122 , 0.109558, 0.000031,0.001110
78 , E ,-1150.424100 , -1305.906655, 0.274194,0.035477
78 , H ,0.507405 , 0.053020, 0.000028,0.001704
78 , Q ,-1285.245501 , -1462.000723, 0.195266,0.046602
78 , F ,0.933409 , 0.290435, 0.000000,0.000388
78 , Y ,0.789521 , 0.132646, 0.000000,0.002403
78 , C ,0.882460 , 0.119110, 0.000000,0.001047
78 , N ,1.036569 , 0.349174, 0.000000,0.003782
78 , K ,-1486.051640 , -1650.885303, 0.101266,0.049231
78 , D ,0.940016 , 0.290669, 0.000000,0.000397
79 , E ,-856.152472 , -878.234848, 0.205128,0.042936
79 , H ,0.774500 , 0.104667, 0.000000,0.000066
79 , Q ,0.180675 , 0.806105, 0.182169,0.000075
79 , F ,0.461266 , 0.107949, 0.000157,0.000419
79 , Y ,0.522386 , 0.039957, 0.000017,0.003885
79 , C ,0.602099 , 0.081181, 0.000007,0.000848
79 , N ,1.000433 , 0.396228, 0.000000,0.000223
79 , K ,-469.449587 , -430.457042, 0.135593,0.029474
79 , D ,1.005628 , 0.318426, 0.000000,0.001797
80 , E ,-1224.777185 , -1391.702683, 0.239583,0.039795
80 , H ,0.714163 , 0.063346, 0.000001,0.000012
80 , Q ,-3061.283898 , -4013.087558, 0.167785,0.072189
80 , F ,0.990479 , 0.304363, 0.000000,0.002843
80 , Y ,0.876343 , 0.170748, 0.000000,0.000125
80 , C ,0.693809 , 0.055515, 0.000001,0.000270
80 , N ,0.971141 , 0.322248, 0.000000,0.003476
80 , K ,-510.364675 , -458.754601, 0.101695,0.038552
80 , D ,0.998569 , 0.343035, 0.000000,0.000248
81 , E ,-2565.405223 , -3335.385972, 0.272727,0.050816
81 , H ,0.790127 , 0.138526, 0.000000,0.000558
81 , Q ,-2881.115541 , -3742.770911, 0.190476,0.064768
81 , F ,1.013016 , 0.291126, 0.000000,0.000105
81 , Y ,0.760136 , 0.104534, 0.000000,0.001452
81 , C ,0.675545 , 0.044710, 0.000001,0.000627
81 , N ,0.758093 , 0.255558, 0.000005,0.003540
81 , K ,-458.398029 , -411.065780, 0.094828,0.036995
81 , D ,1.087209 , 0.344113, 0.000000,0.001176
82 , E ,-1308.287444 , -1489.013597, 0.276786,0.037209
82 , H ,0.784999 , 0.130530, 0.000000,0.000013
82 , Q ,-3115.992634 , -4057.883299, 0.194286,0.061094
82 , F ,1.051974 , 0.332599, 0.000000,0.001010
82 , Y ,0.571559 , 0.107535, 0.000019,0.002075
82 , C ,1.046494 , 0.156650, 0.000000,0.000407
82 , N ,1.487928 , 0.518912, 0.000000,0.001359
82 , K ,-772.098312 , -775.736936, 0.125000,0.035041
82 , D ,1.195880 , 0.424337, 0.000000,0.000237
83 , E ,-784.789054 , -806.426817, 0.275591,0.036456
83 , H ,0.815493 , 0.128479, 0.000000,0.000052
83 , Q ,-3096.637362 , -4052.990039, 0.180645,0.070801
83 , F ,1.247423 , 0.411953, 0.000000,0.001194
83 , Y ,0.667288 , 0.099387, 0.000003,0.001475
83 , C ,0.733096 , 0.122225, 0.000001,0.000419
83 , N ,1.383323 , 0.527681, 0.000000,0.001878
83 , K ,-1339.903949 , -1486.970079, 0.076923,0.048981
83 , D ,1.624053 , 0.581050, 0.000000,0.001162
84 , E ,-763.859076 , -789.140347, 0.302752,0.035687
84 , H ,0.801507 , 0.141626, 0.000000,0.000460
84 , Q ,-3178.550753 , -4132.738890, 0.157303,0.069583
84 , F ,0.842397 , 0.278052, 0.000002,0.000966
84 , Y ,1.093754 , 0.226683, 0.000000,0.001129
84 , C ,0.835506 , 0.123393, 0.000000,0.000122
84 , N ,1.075340 , 0.389410, 0.000000,0.003456
84 , K ,-626.058553 , -604.558523, 0.058140,0.037723
84 , D ,1.572816 , 0.555737, 0.000000,0.001159
85 , E ,-2360.386426 , -3030.193693, 0.222222,0.059285
85 , H ,0.699545 , 0.129096, 0.000002,0.002486
85 , Q ,-1176.732094 , -1341.664367, 0.186813,0.049390
85 , F ,1.105164 , 0.333777, 0.000000,0.000465
85 , Y ,0.402249 , -0.049141, 0.000039,0.000054
85 , C ,0.277131 , -0.087662, 0.000225,0.000931
85 , N ,0.785770 , 0.243320, 0.000003,0.003415
85 , K ,0.307016 , 0.854448, 0.093553,0.000686
85 , D ,0.774539 , 0.113032, 0.000000,0.000274
86 , E ,-2445.322727 , -3120.063887, 0.267241,0.049519
86 , H ,0.701247 , 0.112176, 0.000002,0.000722
86 , Q ,-3238.495725 , -4241.613013, 0.156069,0.078786
86 , F ,0.735187 , 0.244483, 0.000007,0.000211
86 , Y ,0.732251 , 0.113106, 0.000001,0.000199
86 , C ,0.660327 , 0.070223, 0.000002,0.000069
86 , N ,1.270491 , 0.507476, 0.000000,0.002175
86 , K ,-1437.527516 , -1592.698223, 0.059524,0.052048
86 , D ,0.895499 , 0.310650, 0.000001,0.002484
87 , E ,-870.836438 , -898.138676, 0.243056,0.041438
87 , H ,0.641367 , 0.090941, 0.000004,0.000363
87 , Q ,-436.890953 , -409.177338, 0.159420,0.040608
87 , F ,1.106488 , 0.362571, 0.000000,0.000077
87 , Y ,0.615829 , 0.103292, 0.000008,0.001978
87 , C ,0.728372 , 0.058890, 0.000000,0.000209
87 , N ,1.328042 , 0.494238, 0.000000,0.001200
87 , K ,-459.985017 , -421.179314, 0.152381,0.023930
87 , D ,1.183127 , 0.361940, 0.000000,0.000458
88 , E ,-1121.878835 , -1273.757545, 0.311927,0.032089
88 , H ,0.797326 , 0.117873, 0.000000,0.000404
88 , Q ,-1334.177442 , -1516.389633, 0.156627,0.052983
88 , F ,1.011525 , 0.293898, 0.000000,0.001944
88 , Y ,0.530634 , 0.059638, 0.000020,0.001983
88 , C ,0.737886 , 0.094366, 0.000001,0.000396
88 , N ,1.164974 , 0.450590, 0.000000,0.003963
88 , K ,-1328.762176 , -1475.538197, 0.103448,0.046836
88 , D ,1.177758 , 0.409580, 0.000000,0.000108
89 , E ,-2643.638340 , -3426.129027, 0.250000,0.054606
89 , H ,0.679789 , 0.099987, 0.000002,0.000449
89 , Q ,-2999.051046 , -3913.148648, 0.193182,0.069107
89 , F ,0.764822 , 0.217596, 0.000003,0.000278
89 , Y ,0.627173 , 0.087833, 0.000005,0.000742
89 , C ,0.488779 , 0.009895, 0.000019,0.000355
89 , N ,1.139155 , 0.433739, 0.000000,0.003611
89 , K ,-864.355562 , -862.127148, 0.057471,0.039794
89 , D ,1.249272 , 0.385293, 0.000000,0.000205
90 , E ,0.730256 , 0.975786, 0.004910,0.001042
90 , H ,0.647481 , 0.676418, 0.002638,0.000495
90 , Q ,0.965154 , 1.103430, 0.000700,0.000242
90 , F ,0.709923 , 0.583486, 0.000560,0.000187
90 , Y ,0.528990 , 0.592099, 0.006793,0.000564
90 , C ,0.708208 , 0.686138, 0.001291,0.000322
90 , N ,0.612581 , 0.588822, 0.002271,0.000193
90 , K ,0.647046 , 0.663603, 0.002417,0.000749
90 , D ,1.099175 , 1.224925, 0.000179,0.003263
91 , E ,-1276.431139 , -1459.493951, 0.200000,0.047335
91 , H ,0.968359 , 0.194355, 0.000000,0.000729
91 , Q ,-2973.904387 , -3870.310384, 0.197452,0.063126
91 , F ,1.053629 , 0.366976, 0.000000,0.001056
91 , Y ,0.679567 , 0.104822, 0.000002,0.001424
91 , C ,0.368374 , -0.006856, 0.000153,0.001249
91 , N ,1.005171 , 0.389753, 0.000000,0.001980
91 , K ,-878.441380 , -946.731594, 0.105263,0.039012
91 , D ,0.684989 , 0.196849, 0.000009,0.000182
92 , E ,0.298199 , 0.357542, 0.025880,0.000584
92 , H ,0.555942 , 0.575028, 0.004513,0.000142
92 , Q ,0.695209 , 0.648181, 0.001181,0.000253
92 , F ,0.573583 , 0.543228, 0.002814,0.000146
92 , Y ,0.353551 , 0.423453, 0.019548,0.000636
92 , C ,0.558339 , 0.630517, 0.006078,0.000308
92 , N ,1.398331 , 1.367356, 0.000013,0.001278
92 , K ,0.973590 , 0.923749, 0.000182,0.002588
92 , D ,0.579057 , 0.604041, 0.004011,0.000408
93 , E ,0.479344 , 0.705157, 0.020270,0.000587
93 , H ,0.566481 , 0.546795, 0.003214,0.000536
93 , Q ,0.699799 , 0.793422, 0.002877,0.000232
93 , F ,0.803280 , 0.673589, 0.000291,0.000687
93 , Y ,0.604952 , 0.683308, 0.004531,0.000998
93 , C ,0.838271 , 0.834168, 0.000650,0.000403
93 , N ,0.763769 , 0.723312, 0.000796,0.000240
93 , K ,1.010161 , 0.993182, 0.000184,0.001171
93 , D ,0.540251 , 0.491305, 0.002947,0.001145
94 , E ,-560.664636 , -523.225162, 0.094787,0.030948
94 , H ,1.062752 , 0.455496, 0.000000,0.000191
94 , Q ,0.475932 , 0.905390, 0.038778,0.000944
94 , F ,0.975002 , 0.339926, 0.000000,0.000513
94 , Y ,1.018926 , 0.510282, 0.000001,0.000748
94 , C ,0.799824 , 0.424276, 0.000024,0.000179
94 , N ,0.754026 , 0.317987, 0.000013,0.000412
94 , K ,0.451576 , 0.911909, 0.044633,0.001053
94 , D ,0.516761 , 0.174569, 0.000138,0.000328
95 , E ,0.349634 , 0.845942, 0.078157,0.000316
95 , H ,0.647717 , 0.296161, 0.000064,0.000196
95 , Q ,0.417993 , 0.828418, 0.047491,0.001072
95 , F ,0.860658 , 0.386423, 0.000005,0.000187
95 , Y ,0.599504 , 0.340499, 0.000261,0.000757
95 , C ,0.998636 , 0.597423, 0.000006,0.000291
95 , N ,0.400480 , 0.280231, 0.003602,0.001241
95 , K ,0.342026 , 0.614093, 0.049615,0.000630
95 , D ,0.534425 , 0.236772, 0.000224,0.000180
96 , E ,-532.433819 , -499.567374, 0.081967,0.029741
96 , H ,0.614386 , 0.304057, 0.000135,0.000338
96 , Q ,0.548957 , 1.010958, 0.027885,0.000588
96 , F ,0.864037 , 0.549739, 0.000000,0.022579
96 , Y ,0.736608 , 0.453119, 0.000095,0.000586
96 , C ,0.840244 , 0.500325, 0.000029,0.000534
96 , N ,0.504715 , 0.351211, 0.001444,0.000999
96 , K ,0.516189 , 0.944202, 0.030183,0.000504
96 , D ,0.605213 , 0.326207, 0.000209,0.000273
97 , E ,-333.208374 , -294.099553, 0.114504,0.018697
97 , H ,0.699690 , 0.341516, 0.000047,0.000536
97 , Q ,0.394239 , 0.767329, 0.049340,0.000365
97 , F ,0.804686 , 0.395789, 0.000015,0.000260
97 , Y ,0.512117 , 0.316986, 0.000879,0.001028
97 , C ,0.760779 , 0.460168, 0.000071,0.000192
97 , N ,1.081994 , 0.648035, 0.000002,0.000694
97 , K ,1.514911 , 2.269281, 0.000195,0.002818
97 , D ,0.826099 , 0.461916, 0.000022,0.000547
98 , E ,0.222534 , 0.538373, 0.097043,0.000076
98 , H ,0.697720 , 0.340433, 0.000049,0.000368
98 , Q ,1.741925 , 2.711312, 0.000080,0.005805
98 , F ,0.836301 , 0.422639, 0.000012,0.000206
98 , Y ,0.640462 , 0.407939, 0.000283,0.000614
98 , C ,0.745884 , 0.455559, 0.000087,0.000118
98 , N ,0.949061 , 0.588216, 0.000013,0.000467
98 , K ,0.409743 , 0.666208, 0.032415,0.000321
98 , D ,0.787948 , 0.435174, 0.000031,0.000433
99 , E ,-2581.726653 , -3344.176812, 0.252427,0.052817
99 , H ,0.995618 , 0.214150, 0.000000,0.000315
99 , Q ,-3069.145129 , -4021.059619, 0.169118,0.070736
99 , F ,0.890403 , 0.287816, 0.000001,0.001309
99 , Y ,0.647722 , 0.040941, 0.000001,0.002792
99 , C ,0.648706 , 0.054171, 0.000002,0.000748
99 , N ,1.416267 , 0.538459, 0.000000,0.001591
99 , K ,-1269.523709 , -1383.943660, 0.087719,0.047553
99 , D ,1.136723 , 0.317736, 0.000000,0.000622
100 , E ,-2880.368645 , -3732.445813, 0.197917,0.063332
100 , H ,1.227995 , 0.294579, 0.000000,0.000242
100 , Q ,-3004.973119 , -3895.818217, 0.154229,0.071054
100 , F ,0.932885 , 0.363320, 0.000001,0.000601
100 , Y ,0.669001 , 0.137813, 0.000005,0.001119
100 , C ,0.625447 , 0.111987, 0.000007,0.000738
100 , N ,1.255281 , 0.493852, 0.000000,0.000885
100 , K ,-1185.749067 , -1298.596960, 0.096154,0.041882
100 , D ,0.958882 , 0.373858, 0.000001,0.000301
101 , E ,-7444.917865 , -11489.544539, 0.141509,0.101237
101 , H ,0.814160 , 0.244146, 0.000002,0.001343
101 , Q ,-3128.365001 , -4110.115510, 0.230303,0.063116
101 , F ,0.971282 , 0.297435, 0.000000,0.000385
101 , Y ,0.757216 , 0.191121, 0.000002,0.000586
101 , C ,1.340376 , 0.771578, 0.000000,0.000709
101 , N ,0.897361 , 0.426417, 0.000004,0.002421
101 , K ,-1133.395207 , -1251.697914, 0.132075,0.043610
101 , D ,0.621026 , 0.214603, 0.000037,0.001778
102 , E ,-3566.067704 , -4656.592441, 0.031250,0.083659
102 , H ,0.678147 , 0.234054, 0.000017,0.001017
102 , Q ,-2361.916298 , -2803.811818, 0.244444,0.056626
102 , F ,0.819101 , 0.199818, 0.000001,0.000562
102 , Y ,0.774299 , 0.276685, 0.000006,0.001222
102 , C ,0.633081 , 0.255868, 0.000053,0.002228
102 , N ,0.428045 , 0.213633, 0.001251,0.004956
102 , K ,-1670.986615 , -1928.614130, 0.125000,0.064236
102 , D ,1.218096 , 0.600851, 0.000000,0.002201
103 , E ,0.587902 , 0.652143, 0.004333,0.002930
103 , H ,0.323857 , 0.415787, 0.024956,0.000724
103 , Q ,1.317326 , 1.252343, 0.000011,0.003486
103 , F ,0.992154 , 0.671734, 0.000011,0.001890
103 , Y ,0.196484 , 0.242281, 0.039861,0.000430
103 , C ,0.191063 , 0.239368, 0.042917,0.000422
103 , N ,0.470999 , 0.443939, 0.004819,0.000697
103 , K ,0.769075 , 0.735242, 0.000511,0.002843
103 , D ,1.166354 , 0.703064, 0.000001,0.004854
104 , E ,1.753052 , 2.087706, 0.000006,0.005370
104 , H ,0.192631 , 0.233837, 0.041315,0.000858
104 , Q ,0.316546 , 0.321738, 0.016295,0.000253
104 , F ,0.386190 , 0.231844, 0.002623,0.000881
104 , Y ,1.408937 , 1.723325, 0.000049,0.003454
104 , C ,0.189324 , 0.215471, 0.037845,0.000669
104 , N ,0.293943 , 0.271092, 0.014803,0.000535
104 , K ,0.814348 , 0.714874, 0.000250,0.002564
104 , D ,1.053075 , 0.557669, 0.000001,0.004602
105 , E ,0.211519 , 0.311505, 0.051251,0.000652
105 , H ,1.613364 , 2.135353, 0.000041,0.003323
105 , Q ,0.309285 , 0.340543, 0.020287,0.000479
105 , F ,0.378482 , 0.248938, 0.003590,0.000469
105 , Y ,1.216433 , 1.496443, 0.000143,0.003225
105 , C ,1.000711 , 1.101776, 0.000237,0.003288
105 , N ,0.452504 , 0.458127, 0.007108,0.000513
105 , K ,0.320548 , 0.297022, 0.012802,0.000671
105 , D ,1.007288 , 0.552166, 0.000001,0.005481
106 , E ,0.128257 , 0.243848, 0.083745,0.000484
106 , H ,0.189853 , 0.248235, 0.046085,0.001039
106 , Q ,0.326163 , 0.350902, 0.017807,0.000677
106 , F ,0.695213 , 0.419357, 0.000099,0.001577
106 , Y ,1.886386 , 2.681669, 0.000017,0.003800
106 , C ,0.233582 , 0.303894, 0.038282,0.000450
106 , N ,0.378379 , 0.346815, 0.008548,0.000688
106 , K ,0.251937 , 0.264465, 0.024499,0.001598
106 , D ,0.838493 , 0.528043, 0.000021,0.003957
107 , E ,-3353.955148 , -4360.421702, 0.165000,0.069492
107 , H ,0.548275 , 0.098465, 0.000024,0.000698
107 , Q ,-1147.186257 , -1318.563388, 0.230453,0.050733
107 , F ,1.212022 , 0.342879, 0.000000,0.000452
107 , Y ,0.963924 , 0.176664, 0.000000,0.000100
107 , C ,0.611265 , 0.238567, 0.000062,0.000423
107 , N ,1.013542 , 0.421612, 0.000000,0.000468
107 , K ,-1288.276943 , -1448.413141, 0.112676,0.048155
107 , D ,0.736405 , 0.311579, 0.000018,0.001347
108 , E ,-3515.421509 , -4568.399382, 0.120301,0.078184
108 , H ,0.894690 , 0.165080, 0.000000,0.000397
108 , Q ,-1146.968108 , -1319.981441, 0.228571,0.052286
108 , F ,1.196669 , 0.286833, 0.000000,0.000327
108 , Y ,0.964741 , 0.203335, 0.000000,0.000280
108 , C ,0.771672 , 0.260859, 0.000004,0.000201
108 , N ,0.597624 , 0.211413, 0.000054,0.001966
108 , K ,-1204.325113 , -1365.823123, 0.160000,0.047000
108 , D ,0.862563 , 0.314211, 0.000002,0.000016
109 , E ,-3350.177005 , -4320.128475, 0.104167,0.077144
109 , H ,0.722392 , 0.133704, 0.000002,0.000744
109 , Q ,-1154.433000 , -1328.659179, 0.227778,0.052400
109 , F ,0.903646 , 0.163358, 0.000000,0.000340
109 , Y ,0.987707 , 0.198607, 0.000000,0.000159
109 , C ,0.821145 , 0.252215, 0.000002,0.000652
109 , N ,0.609885 , 0.204987, 0.000040,0.001805
109 , K ,-1179.779258 , -1340.382644, 0.132075,0.047526
109 , D ,0.885945 , 0.324811, 0.000001,0.000138
110 , E ,-410.868733 , -377.866126, 0.136905,0.042453
110 , H ,0.740758 , 0.162501, 0.000002,0.000224
110 , Q ,-319.583337 , -304.099013, 0.279570,0.020841
110 , F ,0.666444 , 0.110182, 0.000003,0.000209
110 , Y ,1.241452 , 0.220502, 0.000000,0.000669
110 , C ,1.042250 , 0.364225, 0.000000,0.000562
110 , N ,0.750745 , 0.331936, 0.000017,0.000627
110 , K ,-381.616017 , -347.823626, 0.271739,0.015579
110 , D ,0.698558 , 0.215187, 0.000009,0.000075
111 , E ,0.657952 , 0.683815, 0.002473,0.000098
111 , H ,0.849764 , 0.776466, 0.000369,0.000217
111 , Q ,0.681235 , 0.736114, 0.002526,0.000099
111 , F ,0.811051 , 0.522202, 0.000063,0.000285
111 , Y ,0.832440 , 0.791516, 0.000520,0.000218
111 , C ,0.809208 , 0.750295, 0.000517,0.000161
111 , N ,0.770303 , 0.601206, 0.000268,0.000420
111 , K ,0.535759 , 0.489628, 0.003133,0.000331
111 , D ,0.778529 , 0.732959, 0.000706,0.000299
112 , E ,0.549793 , 0.781816, 0.013771,0.000429
112 , H ,0.715769 , 0.514806, 0.000262,0.000121
112 , Q ,-433.875780 , -399.346929, 0.145553,0.023889
112 , F ,0.558373 , 0.556061, 0.003785,0.000345
112 , Y ,0.635864 , 0.424257, 0.000364,0.000313
112 , C ,0.824115 , 0.383279, 0.000009,0.000074
112 , N ,0.804358 , 0.547503, 0.000070,0.000983
112 , K ,0.373423 , 0.527676, 0.026495,0.000249
112 , D ,0.653482 , 0.274361, 0.000045,0.000374
113 , E ,-494.764685 , -462.946852, 0.308475,0.029918
113 , H ,0.597121 , 0.338137, 0.000266,0.000062
113 , Q ,-423.529362 , -390.750538, 0.144886,0.024257
113 , F ,0.890825 , 0.585877, 0.000000,0.017976
113 , Y ,0.900379 , 0.374917, 0.000002,0.000344
113 , C ,1.156124 , 0.525861, 0.000000,0.000114
113 , N ,0.879368 , 0.559810, 0.000000,0.023182
113 , K ,-530.727188 , -547.433299, 0.296651,0.033282
113 , D ,0.691718 , 0.263299, 0.000019,0.000075
114 , E ,1.959576 , 3.326814, 0.000071,0.004979
114 , H ,0.730435 , 0.549238, 0.000298,0.000120
114 , Q ,-402.267838 , -356.594868, 0.115343,0.023933
114 , F ,0.777506 , 0.397144, 0.000025,0.000027
114 , Y ,0.612059 , 0.391964, 0.000394,0.000045
114 , C ,0.525904 , 0.383650, 0.001421,0.000057
114 , N ,0.626935 , 0.423473, 0.000428,0.000090
114 , K ,0.319228 , 0.692918, 0.071352,0.000019
114 , D ,0.520251 , 0.429284, 0.002327,0.000103
115 , E ,0.612862 , 0.276847, 0.000097,0.000200
115 , H ,-427.322046 , -381.808693, 0.117188,0.025064
115 , Q ,0.680006 , 0.353544, 0.000080,0.000257
115 , F ,0.739162 , 0.861511, 0.002673,0.000206
115 , Y ,0.417030 , 0.854215, 0.051938,0.000106
115 , C ,0.549735 , 1.076367, 0.031677,0.000562
115 , N ,-657.953938 , -667.602119, 0.204604,0.032971
115 , K ,0.521549 , 0.144735, 0.000084,0.000260
115 , D ,0.547814 , 0.904787, 0.021643,0.000414
116 , E ,1.124565 , 0.670287, 0.000002,0.000235
116 , H ,0.341054 , 0.817805, 0.080417,0.000106
116 , Q ,0.709315 , 0.507106, 0.000277,0.000107
116 , F ,0.724467 , 0.701454, 0.001176,0.000209
116 , Y ,-684.315065 , -693.527242, 0.191554,0.034352
116 , C ,-1179.036421 , -1320.905973, 0.182848,0.039557
116 , N ,-392.469600 , -361.827646, 0.200257,0.026833
116 , K ,0.515320 , 0.078091, 0.000034,0.000064
116 , D ,-502.796744 , -470.586836, 0.148221,0.029931
117 , E ,1.008236 , 0.566531, 0.000004,0.000086
117 , H ,-515.677196 , -474.873850, 0.066667,0.030412
117 , Q ,0.817055 , 0.576489, 0.000101,0.000129
117 , F ,0.788816 , 0.763124, 0.000764,0.000165
117 , Y ,-690.039095 , -701.657440, 0.177905,0.036514
117 , C ,-699.819920 , -717.353914, 0.184039,0.037676
117 , N ,-380.898528 , -354.719978, 0.220779,0.020823
117 , K ,0.511590 , 0.069554, 0.000032,0.000083
117 , D ,-512.533693 , -482.883307, 0.136207,0.026467
118 , E ,-574.543019 , -528.919556, 0.064907,0.031907
118 , H ,0.901162 , 0.251970, 0.000000,0.000086
118 , Q ,0.488340 , 0.982600, 0.041482,0.000031
118 , F ,0.917264 , 0.474409, 0.000006,0.000090
118 , Y ,0.801155 , 0.354631, 0.000009,0.000007
118 , C ,0.675079 , 0.438481, 0.000232,0.000025
118 , N ,0.815975 , 0.481913, 0.000036,0.000097
118 , K ,0.418501 , 0.913159, 0.057735,0.000123
118 , D ,0.820460 , 0.387005, 0.000010,0.000051
119 , E ,0.132917 , -0.095491, 0.002930,0.000045
119 , H ,-262.079915 , -233.802071, 0.198218,0.012244
119 , Q ,0.651968 , -0.022138, 0.000000,0.000802
119 , F ,1.306484 , 1.615925, 0.000093,0.004812
119 , Y ,-243.478480 , -216.933124, 0.232044,0.015463
119 , C ,-284.807167 , -246.874744, 0.135952,0.014941
119 , N ,-230.778455 , -201.551321, 0.193294,0.011155
119 , K ,0.069388 , -0.110340, 0.007498,0.000087
119 , D ,0.136179 , 0.350692, 0.110333,0.000355
120 , E ,0.721135 , 0.973716, 0.005498,0.000060
120 , H ,0.836358 , 0.458675, 0.000019,0.000059
120 , Q ,0.524560 , 0.891378, 0.025279,0.000046
120 , F ,0.764514 , 0.620677, 0.000338,0.000097
120 , Y ,0.782129 , 0.539814, 0.000120,0.000029
120 , C ,0.864523 , 0.940690, 0.000948,0.000182
120 , N ,0.795703 , 0.459038, 0.000036,0.000533
120 , K ,1.769318 , 2.297953, 0.000019,0.002167
120 , D ,1.030836 , 0.490173, 0.000001,0.000200
121 , E ,-27962.182103 , -57750.949781, 0.166667,0.250000
122 , H ,0.435262 , 0.550179, 0.015820,0.000092
122 , Q ,0.566742 , 0.485737, 0.001923,0.000126
122 , F ,0.378985 , 0.508063, 0.023453,0.000069
122 , Y ,0.404212 , 0.605471, 0.027660,0.000260
122 , C ,0.538240 , 0.835974, 0.018736,0.000090
122 , N ,0.574800 , 0.698545, 0.007170,0.000225
122 , K ,0.568277 , 0.382708, 0.000720,0.000100
122 , D ,0.473373 , 0.586818, 0.012409,0.000127
123 , E ,0.645812 , 0.064871, 0.000002,0.000324
123 , H ,0.388568 , 0.756327, 0.050759,0.000101
123 , Q ,0.448957 , 0.050619, 0.000079,0.000465
123 , F ,0.999371 , 0.819659, 0.000060,0.000308
123 , Y ,-687.339232 , -689.702525, 0.152019,0.033095
123 , C ,-485.769293 , -445.254961, 0.118110,0.034187
123 , N ,-619.700166 , -630.450986, 0.219451,0.032670
123 , K ,0.389868 , -0.183940, 0.000005,0.000417
123 , D ,0.511200 , 0.855451, 0.025617,0.000388
124 , E ,0.314632 , 0.557670, 0.052994,0.000682
124 , H ,0.493611 , 0.410322, 0.002890,0.000382
124 , Q ,0.451175 , 0.639523, 0.019499,0.001285
124 , F ,0.723398 , 0.485475, 0.000180,0.001656
124 , Y ,0.501922 , 0.428128, 0.002906,0.001007
124 , C ,0.928743 , 0.618783, 0.000021,0.001620
124 , N ,0.316312 , 0.260039, 0.010396,0.001527
124 , K ,0.192431 , 0.313784, 0.064091,0.000764
124 , D ,0.413643 , 0.219433, 0.001526,0.002245
125 , E ,0.450555 , 0.593131, 0.016759,0.000754
125 , H ,0.920539 , 0.671674, 0.000049,0.000323
125 , Q ,0.519674 , 0.692423, 0.012725,0.001895
125 , F ,0.720097 , 0.523436, 0.000268,0.000765
125 , Y ,0.729910 , 0.642129, 0.000685,0.000399
125 , C ,0.854335 , 0.650843, 0.000114,0.000488
125 , N ,0.751499 , 0.624079, 0.000438,0.000345
125 , K ,0.871945 , 0.829534, 0.000336,0.001124
125 , D ,0.558523 , 0.401579, 0.001030,0.000188
126 , E ,0.444932 , 0.425769, 0.006348,0.001188
126 , H ,0.183232 , 0.434647, 0.102094,0.000124
126 , Q ,0.395150 , 0.287924, 0.003975,0.001025
126 , F ,1.252464 , 1.282256, 0.000059,0.002330
126 , Y ,1.213551 , 1.683214, 0.000367,0.004179
126 , C ,0.275818 , 0.336550, 0.029396,0.000284
126 , N ,0.268729 , 0.425720, 0.048833,0.000648
126 , K ,0.314680 , 0.267500, 0.010781,0.001734
126 , D ,0.375204 , 0.421632, 0.015155,0.000561
127 , E ,0.493627 , 0.626020, 0.012329,0.000613
127 , H ,0.456178 , 0.437879, 0.006140,0.000461
127 , Q ,0.444531 , 0.550004, 0.014776,0.000920
127 , F ,0.679928 , 0.489168, 0.000366,0.000291
127 , Y ,0.644207 , 0.612914, 0.001816,0.000403
127 , C ,0.878226 , 0.510057, 0.000016,0.001215
127 , N ,0.815425 , 0.652116, 0.000212,0.000102
127 , K ,0.738645 , 0.960241, 0.004434,0.000873
127 , D ,1.060724 , 0.783064, 0.000016,0.000638
128 , E ,0.735029 , 0.660564, 0.000754,0.000459
128 , H ,0.615461 , 0.807607, 0.007840,0.000571
128 , Q ,0.911920 , 0.652637, 0.000048,0.000094
128 , F ,0.560975 , 0.693992, 0.008308,0.000135
128 , Y ,0.372833 , 0.613146, 0.038347,0.000138
128 , C ,0.592242 , 0.755572, 0.007991,0.000051
128 , N ,0.755737 , 1.129950, 0.007056,0.000104
128 , K ,0.763163 , 0.673401, 0.000553,0.000265
128 , D ,0.529091 , 0.817672, 0.019204,0.000714
129 , E ,0.856553 , 0.783452, 0.000354,0.000522
129 , H ,0.458203 , 0.628920, 0.018227,0.000245
129 , Q ,0.977565 , 0.674887, 0.000021,0.000116
129 , F ,0.639986 , 0.803994, 0.005949,0.000103
129 , Y ,0.267692 , 0.484716, 0.061157,0.000119
129 , C ,0.555086 , 0.704134, 0.009492,0.000155
129 , N ,0.582737 , 0.866188, 0.013894,0.000176
129 , K ,0.980498 , 0.832262, 0.000086,0.000166
129 , D ,0.404769 , 0.637767, 0.031672,0.000407
130 , E ,0.908576 , 0.836829, 0.000256,0.000441
130 , H ,0.651018 , 0.883435, 0.007482,0.000487
130 , Q ,1.062098 , 0.727185, 0.000009,0.000170
130 , F ,0.497925 , 0.633072, 0.012191,0.000189
130 , Y ,0.323005 , 0.552083, 0.047826,0.000095
130 , C ,0.504556 , 0.660605, 0.013098,0.000056
130 , N ,0.594863 , 0.885315, 0.013218,0.000392
130 , K ,0.853596 , 0.765051, 0.000320,0.000329
130 , D ,0.562832 , 0.834195, 0.014920,0.001110
131 , E ,0.824282 , 0.754941, 0.000443,0.001668
131 , H ,0.553636 , 0.761672, 0.012182,0.000391
131 , Q ,0.953049 , 0.646595, 0.000023,0.000117
131 , F ,0.523451 , 0.661959, 0.010707,0.000396
131 , Y ,1.944317 , 2.810436, 0.000022,0.003722
131 , C ,0.478742 , 0.621752, 0.014365,0.000066
131 , N ,0.554427 , 0.798438, 0.014025,0.000127
131 , K ,0.782739 , 0.690845, 0.000479,0.000288
131 , D ,0.476537 , 0.677841, 0.018749,0.000427
132 , E ,0.927105 , 0.817317, 0.000171,0.000267
132 , H ,0.668669 , 0.905583, 0.006978,0.000385
132 , Q ,0.870101 , 0.604757, 0.000058,0.000379
132 , F ,0.500854 , 0.634355, 0.011975,0.000235
132 , Y ,0.353252 , 0.617635, 0.045075,0.000070
132 , C ,0.538679 , 0.695854, 0.010756,0.000394
132 , N ,0.566695 , 0.849788, 0.015192,0.000493
132 , K ,0.931037 , 0.811094, 0.000152,0.000129
132 , D ,0.496941 , 0.773954, 0.022438,0.001058
133 , E ,0.937614 , 0.862072, 0.000209,0.000306
133 , H ,0.668922 , 0.929182, 0.007626,0.000137
133 , Q ,1.020914 , 0.716951, 0.000016,0.000223
133 , F ,0.765497 , 0.939576, 0.002916,0.000173
133 , Y ,0.313862 , 0.547870, 0.050870,0.000105
133 , C ,0.556891 , 0.731780, 0.010545,0.000140
133 , N ,0.522933 , 0.788414, 0.018485,0.000237
133 , K ,0.773714 , 0.671885, 0.000469,0.000312
133 , D ,0.559930 , 0.820393, 0.014315,0.000593
134 , E ,0.845826 , 0.783668, 0.000413,0.000380
134 , H ,0.690183 , 0.945764, 0.006644,0.000312
134 , Q ,1.173126 , 0.803508, 0.000003,0.000162
134 , F ,0.622691 , 0.773993, 0.006303,0.000153
134 , Y ,0.345504 , 0.581217, 0.043243,0.000087
134 , C ,0.575467 , 0.737020, 0.008721,0.000090
134 , N ,0.582500 , 0.858205, 0.013573,0.000219
134 , K ,0.911063 , 0.794961, 0.000176,0.000141
134 , D ,0.473133 , 0.739299, 0.023999,0.000552
135 , E ,1.066841 , 1.026377, 0.000118,0.000350
135 , H ,0.660335 , 0.875424, 0.006654,0.000329
135 , Q ,0.960142 , 0.690902, 0.000032,0.000093
135 , F ,0.563366 , 0.693045, 0.008072,0.000466
135 , Y ,0.340756 , 0.558173, 0.041908,0.000419
135 , C ,0.644320 , 0.804302, 0.005728,0.000700
135 , N ,0.550658 , 0.870264, 0.018855,0.000272
135 , K ,1.256228 , 1.158753, 0.000026,0.002104
135 , D ,0.391391 , 0.595063, 0.030663,0.000318
136 , E ,0.965910 , 0.849780, 0.000128,0.001278
136 , H ,0.569544 , 0.764177, 0.010572,0.000480
136 , Q ,0.982098 , 0.706385, 0.000027,0.000093
136 , F ,0.521802 , 0.648302, 0.010246,0.000187
136 , Y ,1.957886 , 3.067016, 0.000034,0.005449
136 , C ,0.598190 , 0.767180, 0.008042,0.000062
136 , N ,0.575026 , 0.864365, 0.014875,0.000061
136 , K ,0.805174 , 0.683804, 0.000328,0.000325
136 , D ,0.537624 , 0.789984, 0.016057,0.000445
137 , E ,0.850976 , 0.770774, 0.000349,0.000594
137 , H ,0.585809 , 0.805384, 0.010594,0.000210
137 , Q ,1.070201 , 0.764899, 0.000012,0.000059
137 , F ,0.503679 , 0.637568, 0.011754,0.000342
137 , Y ,0.350065 , 0.601565, 0.044571,0.000111
137 , C ,0.523659 , 0.675983, 0.011557,0.000166
137 , N ,0.594465 , 0.861552, 0.012255,0.000178
137 , K ,0.837451 , 0.753136, 0.000363,0.000244
137 , D ,0.577695 , 0.811720, 0.011628,0.000995
138 , E ,0.471408 , 0.344729, 0.002239,0.000174
138 , H ,0.665898 , 0.688706, 0.002291,0.000089
138 , Q ,0.604925 , 0.461814, 0.000887,0.000060
138 , F ,0.823588 , 0.470661, 0.000027,0.000040
138 , Y ,0.403357 , 0.532307, 0.020266,0.000262
138 , C ,0.609310 , 0.683216, 0.004486,0.000037
138 , N ,0.748229 , 0.702675, 0.000855,0.000158
138 , K ,0.631778 , 0.513183, 0.000937,0.000223
138 , D ,0.642260 , 0.619362, 0.001948,0.000079
139 , E ,0.723135 , 0.583733, 0.000448,0.000503
139 , H ,0.592429 , 0.653061, 0.004499,0.000114
139 , Q ,0.655943 , 0.516112, 0.000676,0.000120
139 , F ,0.768745 , 0.457023, 0.000059,0.000119
139 , Y ,1.716340 , 2.063786, 0.000009,0.004073
139 , C ,0.511024 , 0.565450, 0.007225,0.000172
139 , N ,0.804535 , 0.740887, 0.000514,0.000277
139 , K ,0.510253 , 0.456612, 0.003421,0.000417
139 , D ,0.678689 , 0.663706, 0.001634,0.000279
140 , E ,0.839528 , 0.614355, 0.000101,0.000659
140 , H ,0.613896 , 0.659593, 0.003616,0.000239
140 , Q ,0.609041 , 0.473140, 0.000938,0.000282
140 , F ,1.158495 , 0.699350, 0.000001,0.000742
140 , Y ,0.391970 , 0.520317, 0.021923,0.000212
140 , C ,0.385257 , 0.431078, 0.014406,0.000605
140 , N ,0.772824 , 0.708157, 0.000617,0.000218
140 , K ,0.697921 , 0.595900, 0.000737,0.000572
140 , D ,0.540893 , 0.538127, 0.003967,0.000388
141 , E ,0.680791 , 0.494974, 0.000374,0.000591
141 , H ,0.585975 , 0.586633, 0.003181,0.000062
141 , Q ,0.549798 , 0.430808, 0.001528,0.000256
141 , F ,0.678496 , 0.389785, 0.000116,0.000348
141 , Y ,0.308709 , 0.394181, 0.028230,0.000327
141 , C ,0.355488 , 0.384700, 0.015166,0.000426
141 , N ,0.501544 , 0.490672, 0.004945,0.000282
141 , K ,0.646821 , 0.545768, 0.001025,0.000119
141 , D ,0.513055 , 0.501010, 0.004485,0.000313
142 , E ,0.664782 , 0.333901, 0.000076,0.000559
142 , H ,0.464508 , 0.592128, 0.014372,0.000321
142 , Q ,0.619135 , 0.348630, 0.000207,0.000579
142 , F ,0.749296 , 0.485524, 0.000115,0.000097
142 , Y ,1.045331 , 1.500286, 0.001077,0.003476
142 , C ,0.633290 , 0.786058, 0.005806,0.000222
142 , N ,0.484727 , 0.592918, 0.011387,0.000111
142 , K ,0.573124 , 0.352581, 0.000479,0.000213
142 , D ,0.427493 , 0.477866, 0.011629,0.000115
143 , E ,0.718589 , 0.209685, 0.000006,0.000389
143 , H ,0.443447 , 0.805939, 0.038053,0.000246
143 , Q ,0.853851 , 0.297232, 0.000002,0.000055
143 , F ,0.415882 , 0.848066, 0.052242,0.000129
143 , Y ,1.928787 , 2.962823, 0.000034,0.004283
143 , C ,0.599324 , 0.908517, 0.013942,0.000024
143 , N ,0.383338 , 0.727338, 0.049549,0.000130
143 , K ,0.824599 , 0.286956, 0.000002,0.000035
143 , D ,0.477371 , 0.950884, 0.041626,0.000157
