1 , E ,0.918037 , 0.283641, 0.000794,0.000041
1 , H ,-14889.870563 , -11782.054471, 0.321123,0.041095
1 , Q ,0.709058 , 0.094993, 0.001394,0.000025
1 , F ,-14119.223811 , -10890.114085, 0.256625,0.044580
1 , Y ,-19558.957185 , -16847.146676, 0.347518,0.057826
1 , C ,-15170.880734 , -11830.745931, 0.289871,0.046272
1 , N ,-15457.262769 , -11960.977288, 0.301115,0.037288
1 , K ,0.947582 , -0.137665, 0.000044,0.000028
1 , D ,-13193.316767 , -10093.786282, 0.179592,0.046270
2 , E ,-7059.460230 , -4008.221908, 0.053708,0.043024
2 , H ,1.147203 , 0.822083, 0.001742,0.000536
2 , Q ,-6304.430232 , -3510.044428, 0.046980,0.042440
2 , F ,0.994382 , 0.713696, 0.003252,0.000245
2 , Y ,0.893555 , 0.754439, 0.007291,0.000140
2 , C ,1.178566 , 0.975753, 0.002392,0.000201
2 , N ,1.099407 , 0.644187, 0.001196,0.000089
2 , K ,-4053.111762 , -1679.885001, 0.029478,0.043229
2 , D ,1.036741 , 0.620591, 0.001672,0.000027
3 , E ,0.563399 , 0.230643, 0.008686,0.000292
3 , H ,-12321.098259 , -9195.226586, 0.252313,0.031625
3 , Q ,0.542799 , 0.199181, 0.008567,0.000066
3 , F ,0.620528 , 0.561661, 0.020787,0.000608
3 , Y ,-9188.582643 , -6410.499681, 0.151828,0.033791
3 , C ,-4417.807047 , -2302.907542, 0.077286,0.037154
3 , N ,-7416.641882 , -4981.401437, 0.104541,0.034984
3 , K ,0.489816 , 0.175886, 0.011203,0.000114
3 , D ,-3469.042564 , -1257.031381, 0.038079,0.041461
4 , E ,-1605.449923 , -1299.680420, 0.017544,0.039559
4 , H ,-5867.634874 , -3538.173240, 0.057722,0.039366
4 , Q ,-2129.278102 , -1190.209445, 0.020458,0.039275
4 , F ,-3100.191464 , -2075.088973, 0.028571,0.037314
4 , Y ,-12407.072568 , -8580.980800, 0.156166,0.042252
4 , C ,-8439.305607 , -5333.868667, 0.067850,0.041661
4 , N ,-11917.496436 , -8336.517803, 0.158970,0.040193
4 , K ,0.838690 , 0.461911, 0.003460,0.000241
4 , D ,-10610.548641 , -7445.790034, 0.113811,0.049626
5 , E ,-2660.770235 , -2466.062610, 0.026899,0.036508
5 , H ,-5750.190231 , -3244.114536, 0.057082,0.039942
5 , Q ,-2848.929633 , -1926.300898, 0.021810,0.038530
5 , F ,-1833.466619 , -925.686409, 0.019540,0.040172
5 , Y ,-14081.096213 , -10580.668374, 0.142027,0.072144
5 , C ,-10747.999227 , -7318.822448, 0.125551,0.040587
5 , N ,-10580.941743 , -7081.795216, 0.136802,0.039800
5 , K ,0.915822 , 0.461339, 0.001971,0.000258
5 , D ,-9946.664162 , -6624.178553, 0.154455,0.046798
6 , E ,-0.175135 , -0.598613, 0.017272,0.000114
6 , H ,-21135.001282 , -18645.362554, 0.735474,0.003920
6 , Q ,-0.151516 , -0.580505, 0.015943,0.000122
6 , F ,-13164.653367 , -11418.406468, 0.603448,0.014825
6 , Y ,-31483.884501 , -27370.321603, 0.754601,0.003482
6 , C ,-47206.538855 , -42002.222058, 0.772526,0.003333
6 , N ,-12151.039711 , -10730.592087, 0.654676,0.010097
6 , K ,0.297087 , -0.357103, 0.002006,0.000090
6 , D ,-9992.392721 , -8788.085771, 0.656250,0.007737
7 , E ,0.521656 , 0.325640, 0.017308,0.000906
7 , H ,-8495.706464 , -6264.652765, 0.117647,0.032286
7 , Q ,0.365021 , 0.169781, 0.025995,0.000175
7 , F ,-9857.112209 , -7640.892858, 0.154589,0.039132
7 , Y ,-11565.675820 , -9573.941514, 0.223176,0.029129
7 , C ,-10930.979815 , -8836.305804, 0.161290,0.039670
7 , N ,-10079.330346 , -7820.886297, 0.172414,0.029515
7 , K ,0.869732 , 0.387505, 0.001825,0.002457
7 , D ,-11901.323658 , -10181.654030, 0.118182,0.041343
8 , E ,-7384.784008 , -7191.534848, 0.043956,0.029344
8 , H ,1.093695 , 0.893400, 0.003092,0.000480
8 , Q ,-4542.414188 , -4312.111576, 0.022222,0.033346
8 , F ,0.578611 , 0.517601, 0.023722,0.000788
8 , Y ,0.583865 , 0.543840, 0.025141,0.001057
8 , C ,-70720.222321 , -70720.976083, 0.000043,0.033911
8 , N ,0.723937 , 0.716520, 0.017941,0.000378
8 , K ,2.839913 , 2.607613, 0.000005,0.013915
8 , D ,0.612126 , 0.489945, 0.018298,0.002579
9 , E ,-7114.033262 , -4457.663912, 0.141176,0.043564
9 , H ,0.940386 , 0.692355, 0.004326,0.000125
9 , Q ,-7833.721789 , -4643.815973, 0.039370,0.056172
9 , F ,0.819879 , 0.434889, 0.003488,0.000336
9 , Y ,0.954735 , 0.668376, 0.003609,0.000302
9 , C ,0.770116 , 0.502885, 0.006591,0.000674
9 , N ,1.102879 , 0.625763, 0.001073,0.000479
9 , K ,-4607.366024 , -3001.386569, 0.045455,0.048295
9 , D ,1.124873 , 0.520680, 0.000533,0.001690
10 , E ,-49683.563390 , -61754.880434, 0.250000,0.242188
10 , H ,0.458169 , -0.072351, 0.003991,0.000075
10 , Q ,-30168.008795 , -36001.619159, 0.238095,0.204082
10 , F ,0.646076 , 0.111805, 0.002659,0.008889
10 , Y ,-0.075489 , -0.111175, 0.235542,0.008181
10 , C ,0.507584 , 0.182186, 0.018416,0.001826
10 , N ,1.846097 , 0.454903, 0.000001,0.000319
11 , E ,-4989.691865 , -4826.231963, 0.030612,0.030696
11 , H ,-4957.672177 , -4222.392084, 0.043928,0.033817
11 , Q ,0.396316 , 0.285077, 0.033097,0.000347
11 , F ,-5847.972140 , -5251.596319, 0.099631,0.028088
11 , Y ,0.542632 , 0.541414, 0.031429,0.000730
11 , C ,-5507.286156 , -4405.121048, 0.079670,0.030529
11 , N ,-3986.550034 , -3907.829587, 0.058659,0.032610
11 , K ,0.549644 , 0.443317, 0.022516,0.001177
11 , D ,0.922487 , 0.675667, 0.004603,0.001269
12 , E ,0.573828 , 0.411417, 0.016973,0.000177
12 , H ,-4968.745902 , -2632.725270, 0.074310,0.038497
12 , Q ,-2646.596246 , -2254.639075, 0.012658,0.036389
12 , F ,0.671512 , 0.663470, 0.020845,0.000287
12 , Y ,-7899.207141 , -4978.927662, 0.103482,0.038301
12 , C ,-6844.613159 , -3986.764607, 0.091752,0.038962
12 , N ,-5051.383168 , -2948.853301, 0.067500,0.037258
12 , K ,0.703861 , 0.504226, 0.010210,0.000351
12 , D ,-1341.469854 , -791.071145, 0.021818,0.038724
13 , E ,-15547.538179 , -12059.356059, 0.104478,0.079156
13 , H ,0.968991 , 0.247984, 0.000444,0.000706
13 , Q ,-11153.479316 , -8173.243225, 0.205882,0.042085
13 , F ,1.173867 , 0.323015, 0.000132,0.000126
13 , Y ,0.946285 , 0.243701, 0.000519,0.000668
13 , C ,1.010321 , 0.305761, 0.000441,0.000579
13 , N ,1.621777 , 0.287272, 0.000003,0.001342
13 , K ,-6829.294835 , -4819.031016, 0.100000,0.047300
13 , D ,1.181933 , 0.183645, 0.000054,0.000161
14 , E ,-14595.556189 , -11378.329935, 0.147059,0.069060
14 , H ,0.864297 , 0.134303, 0.000512,0.000638
14 , Q ,-12971.970141 , -9763.390172, 0.197531,0.060788
14 , F ,0.833706 , 0.218059, 0.001111,0.005570
14 , Y ,-41.712577 , -42.572887, 0.000154,0.105678
14 , C ,0.862608 , 0.214291, 0.000840,0.000423
14 , N ,0.631173 , -0.023413, 0.001336,0.000698
14 , K ,-5596.813142 , -3504.140159, 0.062500,0.048937
14 , D ,-53.303553 , -54.319082, 0.000058,0.083595
15 , E ,0.000000 , 0.000000, 0.250000,0.000000
15 , H ,0.823055 , 0.369166, 0.003381,0.000712
15 , Q ,-7104.124150 , -5040.963044, 0.190476,0.050642
15 , F ,-89.054435 , -115.819550, 0.016543,0.082645
15 , Y ,-24.443844 , -25.200182, 0.000093,0.155709
15 , C ,0.420771 , 0.277599, 0.027522,0.001366
15 , N ,4.389808 , 3.822093, 0.000000,0.013420
16 , H ,0.834963 , 0.258707, 0.001319,0.000016
16 , Q ,-9137.779039 , -6534.352806, 0.208589,0.038268
16 , F ,1.130246 , 0.409553, 0.000295,0.000829
16 , Y ,1.317825 , 0.491347, 0.000111,0.000549
16 , C ,0.800628 , 0.389503, 0.003263,0.000357
16 , N ,0.802446 , 0.410290, 0.003618,0.001215
16 , K ,-3749.862134 , -2607.729548, 0.081081,0.073533
16 , D ,1.134278 , 0.422049, 0.000309,0.000577
17 , E ,-5987.201877 , -2757.592485, 0.109091,0.054132
17 , H ,0.904663 , 0.372905, 0.001402,0.000109
17 , Q ,-10495.919847 , -7251.086064, 0.084507,0.053908
17 , F ,0.851943 , 0.365017, 0.001971,0.001019
17 , Y ,1.430042 , 0.762720, 0.000177,0.000497
17 , C ,0.955895 , 0.494810, 0.001710,0.000075
17 , N ,0.949191 , 0.584680, 0.002606,0.001490
17 , K ,-1026.212362 , 1244.645308, 0.023810,0.059666
17 , D ,0.912380 , 0.365890, 0.001279,0.000935
18 , E ,1.022059 , 0.778916, 0.003430,0.000249
18 , H ,-4740.567443 , -2762.456238, 0.023529,0.050502
18 , Q ,1.068561 , 0.654405, 0.001566,0.000950
18 , F ,-2690.621861 , -1910.019824, 0.015625,0.048503
18 , Y ,-4712.601823 , -2627.179133, 0.027714,0.041192
18 , C ,-7527.385271 , -4432.800837, 0.067606,0.052742
18 , N ,-4724.505628 , -2982.913156, 0.036496,0.037575
18 , K ,0.778549 , 0.416504, 0.004335,0.000701
18 , D ,-3710.187909 , -3156.360003, 0.015873,0.036999
19 , E ,-12539.532661 , -9411.610164, 0.170279,0.038037
19 , H ,0.728542 , 0.270009, 0.003104,0.000039
19 , Q ,-17492.418998 , -15848.037573, 0.577381,0.029266
19 , F ,0.800454 , 0.445856, 0.004217,0.000120
19 , Y ,0.802160 , 0.425385, 0.003756,0.000295
19 , C ,0.742298 , 0.077105, 0.000962,0.000060
19 , N ,0.774010 , 0.394356, 0.003888,0.000805
19 , K ,-8486.113249 , -6349.865682, 0.054299,0.035515
19 , D ,0.667308 , 0.195086, 0.003360,0.000290
20 , E ,-15746.923815 , -12101.769853, 0.270142,0.048022
20 , H ,1.009677 , 0.385225, 0.000667,0.000222
20 , Q ,-18847.678625 , -16415.239235, 0.383333,0.055181
20 , F ,0.649207 , 0.221712, 0.004442,0.000419
20 , Y ,1.029012 , 0.216867, 0.000219,0.000307
20 , C ,1.075373 , -0.025106, 0.000033,0.000134
20 , N ,0.687362 , 0.133687, 0.002033,0.000490
20 , K ,-17550.297752 , -14726.217099, 0.312500,0.054704
20 , D ,0.704539 , 0.016902, 0.000904,0.000186
21 , E ,-16888.513422 , -14476.394994, 0.412104,0.031127
21 , H ,0.994610 , 0.422675, 0.000906,0.000101
21 , Q ,-30437.469366 , -33376.224773, 0.632937,0.033020
21 , F ,0.777705 , 0.272977, 0.002132,0.000163
21 , Y ,0.823038 , 0.172112, 0.000887,0.000204
21 , C ,0.933103 , 0.393460, 0.001260,0.000064
21 , N ,0.769715 , 0.206811, 0.001593,0.000458
21 , K ,-29334.663666 , -30566.872465, 0.369565,0.073091
21 , D ,1.001175 , 0.164827, 0.000208,0.000221
22 , E ,0.847734 , 0.751578, 0.009441,0.000663
22 , H ,-2813.095693 , -2463.050270, 0.014706,0.036801
22 , Q ,1.194587 , 0.972620, 0.002103,0.000715
22 , F ,0.806395 , 0.693478, 0.010251,0.000162
22 , Y ,-2050.851556 , -1649.427969, 0.022059,0.038453
22 , C ,-6856.261385 , -3945.933040, 0.052198,0.052837
22 , N ,-4126.422155 , -2992.047759, 0.038597,0.037013
22 , K ,0.974256 , 0.766342, 0.004493,0.000077
22 , D ,-2562.918713 , -2275.246561, 0.019608,0.037620
23 , E ,0.449902 , 33.482301, 0.019763,0.033339
23 , H ,-6202.350738 , -4027.323892, 0.070295,0.036226
23 , Q ,0.751936 , 0.458278, 0.006264,0.000316
23 , F ,0.649654 , 0.631447, 0.021893,0.000699
23 , Y ,-2980.932380 , -1829.206600, 0.034783,0.037365
23 , C ,-8156.710439 , -5333.611339, 0.113350,0.046609
23 , N ,-4348.296590 , -2886.734092, 0.056948,0.035326
23 , K ,2.402002 , 1.574832, 0.000004,0.006216
23 , D ,-3406.090827 , -2071.264190, 0.038012,0.037155
24 , E ,0.766083 , 0.695783, 0.013250,0.001518
24 , H ,0.473745 , 0.403263, 0.030810,0.000424
24 , Q ,-74.650025 , 49.525821, 0.064220,0.030098
24 , F ,0.790639 , 0.631589, 0.009331,0.000549
24 , Y ,-70752.222537 , -70753.022659, 0.000053,0.031977
24 , C ,-6295.460603 , -4685.594223, 0.025974,0.035879
24 , N ,-4516.515191 , -4326.907328, 0.028470,0.031299
24 , K ,0.546375 , 0.436856, 0.022374,0.000994
24 , D ,-6.510280 , -7.472723, 0.000014,0.042929
25 , E ,2.185059 , 1.414750, 0.000008,0.007253
25 , H ,-4758.109618 , -3279.983843, 0.032787,0.036248
25 , Q ,0.647642 , 0.416079, 0.010791,0.000843
25 , F ,0.710330 , 0.674021, 0.017228,0.000079
25 , Y ,-4189.788843 , -3830.156243, 0.018519,0.035322
25 , C ,-7723.911198 , -4797.085555, 0.091864,0.038641
25 , N ,-8971.967097 , -6114.497149, 0.115226,0.037211
25 , K ,0.553756 , 0.476839, 0.023884,0.000196
25 , D ,0.758839 , 0.712050, 0.014260,0.000201
26 , E ,0.955803 , 0.889501, 0.007346,0.000297
26 , H ,-9979.080113 , -7434.577402, 0.132075,0.034810
26 , Q ,0.534687 , 0.313805, 0.015079,0.000391
26 , F ,-3173.708178 , -2943.260016, 0.031496,0.035358
26 , Y ,-7103.355739 , -4565.710110, 0.092971,0.046454
26 , C ,-10682.444276 , -7416.047098, 0.147887,0.038869
26 , N ,-7568.723280 , -5086.180036, 0.097950,0.035232
26 , K ,0.867014 , 0.742904, 0.008135,0.000132
26 , D ,-9845.784520 , -7108.201947, 0.151194,0.034310
27 , E ,0.489220 , 0.432829, 0.030758,0.000175
27 , H ,-2590.301417 , -1936.962154, 0.023936,0.037561
27 , Q ,1.208827 , 0.727341, 0.000718,0.001839
27 , F ,-1857.191726 , -1791.313505, 0.014327,0.037326
27 , Y ,0.737520 , 0.697891, 0.015706,0.000334
27 , C ,-3787.783478 , -2675.065437, 0.051948,0.034673
27 , N ,-5597.654864 , -3888.375491, 0.045714,0.035180
27 , K ,1.003408 , 0.682420, 0.002658,0.000399
27 , D ,0.664678 , 0.550682, 0.015552,0.000046
28 , E ,0.241132 , 0.323434, 0.113686,0.025791
28 , H ,0.095931 , 0.015809, 0.099353,0.002697
28 , Q ,0.118620 , 0.072928, 0.119233,0.001170
28 , F ,0.969937 , 0.660387, 0.003195,0.008147
28 , Y ,-5253.767959 , -4096.302152, 0.200000,0.050370
28 , C ,-4967.870999 , -3941.841021, 0.111111,0.057613
28 , N ,-7813.730639 , -6150.221683, 0.125000,0.057292
28 , K ,1.153109 , 1.421791, 0.011946,0.000006
28 , D ,4.864474 , 5.864472, 0.000000,0.020408
29 , E ,0.765619 , 0.661907, 0.012061,0.000745
29 , H ,-9857.678543 , -7228.561100, 0.125000,0.035295
29 , Q ,0.737143 , 0.427499, 0.006203,0.000893
29 , F ,-2189.557208 , -1903.308007, 0.032020,0.037940
29 , Y ,-7963.094763 , -5226.871526, 0.102908,0.046761
29 , C ,-10269.369863 , -6828.374442, 0.176611,0.046561
29 , N ,-7647.317151 , -5013.897228, 0.113301,0.044675
29 , K ,0.879884 , 0.591593, 0.004367,0.001979
29 , D ,-8829.869714 , -6463.345865, 0.142450,0.032930
30 , E ,-18606.789794 , -16581.288458, 0.429379,0.050507
30 , H ,1.056813 , -0.018304, 0.000039,0.000393
30 , Q ,-55901.189952 , -82914.289052, 0.656036,0.072130
30 , F ,0.774485 , 0.149589, 0.001122,0.000254
30 , Y ,1.262004 , 0.055296, 0.000012,0.000253
30 , C ,0.845405 , -0.379006, 0.000018,0.000091
30 , N ,0.715275 , 0.037446, 0.000928,0.002436
30 , K ,-17372.419339 , -14108.495264, 0.262295,0.053144
30 , D ,0.685609 , 0.028940, 0.001134,0.000477
31 , E ,-33736.156575 , -36313.094932, 0.489933,0.062114
31 , H ,0.368060 , -0.210825, 0.003220,0.000850
31 , Q ,-0.481361 , 0.404541, 0.641870,0.000085
31 , F ,0.667571 , 0.077896, 0.001715,0.000421
31 , Y ,0.787481 , -0.047771, 0.000303,0.000002
31 , C ,0.766438 , -0.414686, 0.000026,0.000172
31 , N ,0.915543 , 0.134951, 0.000342,0.000048
31 , K ,-20852.365468 , -17917.675982, 0.250000,0.074770
31 , D ,0.866787 , 0.195471, 0.000729,0.000168
32 , E ,-35161.685311 , -37703.897522, 0.462264,0.072312
32 , H ,0.683689 , -0.178173, 0.000298,0.000155
32 , Q ,-56304.031145 , -82641.261995, 0.659649,0.065953
32 , F ,1.082751 , 0.160080, 0.000101,0.000418
32 , Y ,0.658660 , -0.083974, 0.000693,0.000197
32 , C ,0.953145 , -0.408157, 0.000006,0.000047
32 , N ,0.928508 , 0.141457, 0.000323,0.000010
32 , K ,-19931.331820 , -16932.325483, 0.261364,0.067106
32 , D ,0.788908 , 0.160782, 0.001099,0.000193
33 , E ,-19628.781280 , -17392.885030, 0.441176,0.044054
33 , H ,0.593172 , -0.175806, 0.000633,0.000223
33 , Q ,-13519.272320 , -11748.017397, 0.660714,0.010809
33 , F ,0.982141 , 0.162549, 0.000226,0.000347
33 , Y ,0.585625 , -0.100148, 0.001097,0.000035
33 , C ,0.898304 , -0.396837, 0.000010,0.000028
33 , N ,0.822591 , 0.112943, 0.000610,0.000228
33 , K ,-15731.110484 , -13292.697509, 0.260870,0.039757
33 , D ,0.756424 , 0.183113, 0.001585,0.000249
34 , E ,-19219.761170 , -17189.107889, 0.462500,0.042552
34 , H ,0.582678 , -0.178831, 0.000686,0.000307
34 , Q ,-15290.220872 , -13737.749668, 0.627628,0.019276
34 , F ,1.013711 , 0.118518, 0.000134,0.000509
34 , Y ,0.625592 , -0.097116, 0.000830,0.000151
34 , C ,1.098362 , -0.374286, 0.000002,0.000080
34 , N ,0.957210 , 0.120515, 0.000226,0.000142
34 , K ,-19174.034184 , -16186.629575, 0.237762,0.068545
34 , D ,0.830702 , 0.148187, 0.000731,0.000008
35 , E ,-34083.237480 , -36636.828083, 0.500000,0.061990
35 , H ,0.534725 , -0.166211, 0.001104,0.000098
35 , Q ,-15616.769642 , -14293.932013, 0.657061,0.023938
35 , F ,0.725938 , 0.094941, 0.001187,0.000215
35 , Y ,0.716168 , -0.070708, 0.000474,0.000275
35 , C ,0.841740 , -0.381248, 0.000018,0.000097
35 , N ,0.965746 , 0.142373, 0.000238,0.000103
35 , K ,-20204.736227 , -17115.113689, 0.220588,0.076665
35 , D ,0.754259 , 0.130305, 0.001223,0.000617
36 , E ,-6198.454066 , -3489.362739, 0.089385,0.038332
36 , H ,-2064.537693 , -1655.375325, 0.035032,0.036498
36 , Q ,-12405.814491 , -8704.958412, 0.155039,0.051973
36 , F ,0.734111 , 0.483032, 0.007654,0.000671
36 , Y ,1.075745 , 0.881261, 0.003369,0.000409
36 , C ,0.686055 , 0.340680, 0.005957,0.000434
36 , N ,-5377.197326 , -5326.952769, 0.017361,0.033717
36 , K ,-6998.818086 , -5057.985106, 0.083333,0.044303
36 , D ,0.520938 , 0.521743, 0.033578,0.000210
37 , E ,-36852.961646 , -39682.945533, 0.436364,0.085041
37 , H ,1.106551 , -0.096922, 0.000015,0.000145
37 , Q ,-56011.001140 , -82840.147556, 0.655290,0.066966
37 , F ,0.542335 , -0.007831, 0.002802,0.000188
37 , Y ,1.235676 , 0.039632, 0.000013,0.000954
37 , C ,1.054229 , -0.303461, 0.000005,0.000093
37 , N ,0.781286 , 0.104419, 0.000828,0.000109
37 , K ,-18429.472352 , -15376.832905, 0.292453,0.061321
37 , D ,0.842605 , 0.148742, 0.000673,0.000095
38 , E ,0.879007 , 0.806467, 0.009317,0.000124
38 , H ,-6640.134779 , -4985.706753, 0.070423,0.033501
38 , Q ,0.719250 , 0.636506, 0.014713,0.000341
38 , F ,-4976.989128 , -2796.161387, 0.053381,0.048765
38 , Y ,-7893.433025 , -5622.909910, 0.072222,0.036173
38 , C ,-3416.241938 , -3052.335293, 0.018576,0.037054
38 , N ,-6665.919750 , -4632.512388, 0.058104,0.036252
38 , K ,0.831534 , 0.640984, 0.007221,0.001049
38 , D ,-7144.766099 , -4906.666639, 0.064516,0.036906
39 , E ,1.195985 , 0.934742, 0.001802,0.001645
39 , H ,-6328.596167 , -3720.302914, 0.076453,0.038792
39 , Q ,0.980167 , 0.662264, 0.002929,0.000724
39 , F ,-4047.229447 , -1963.878593, 0.059908,0.039024
39 , Y ,-10422.835258 , -7261.876559, 0.139535,0.037727
39 , C ,-4212.661326 , -2308.705019, 0.072581,0.036769
39 , N ,-7403.556490 , -4486.870959, 0.080229,0.039492
39 , K ,1.003852 , 0.875814, 0.005315,0.000160
39 , D ,-8813.414004 , -6708.878117, 0.126437,0.041122
40 , E ,-33425.485924 , -36266.274864, 0.484163,0.065171
40 , H ,0.958732 , -0.097795, 0.000053,0.000014
40 , Q ,-17870.922567 , -15641.807465, 0.434343,0.041896
40 , F ,0.759908 , 0.154174, 0.001319,0.000016
40 , Y ,1.084717 , 0.056030, 0.000052,0.000047
40 , C ,0.924562 , 0.283051, 0.000759,0.000597
40 , N ,0.563133 , -0.045475, 0.001942,0.001103
40 , K ,-17612.041482 , -15026.923463, 0.319588,0.053920
40 , D ,1.065312 , -0.029253, 0.000035,0.000125
41 , E ,1.056104 , 0.170823, 0.000136,0.000111
41 , H ,-11712.169490 , -8325.038223, 0.175000,0.046777
41 , Q ,0.553394 , 0.017645, 0.003051,0.000260
41 , F ,-3543.812122 , -1369.479907, 0.061688,0.039490
41 , Y ,-13880.321934 , -10526.958723, 0.240291,0.045558
41 , C ,-15577.754461 , -12206.663072, 0.104603,0.078132
41 , N ,-11355.825469 , -7748.895413, 0.165049,0.049092
41 , K ,0.819926 , 0.134234, 0.000739,0.000463
41 , D ,-8152.624341 , -5031.634189, 0.086538,0.071237
42 , E ,0.639594 , -0.008222, 0.001312,0.003510
42 , H ,-12832.341672 , -9083.969387, 0.148052,0.054276
42 , Q ,1.107056 , 0.125908, 0.000068,0.000033
42 , F ,-5923.020710 , -3430.587571, 0.083832,0.037664
42 , Y ,-17366.574280 , -14293.925527, 0.269767,0.062304
42 , C ,-16931.337806 , -13768.898113, 0.247807,0.062216
42 , N ,-13505.328079 , -9832.505034, 0.205263,0.049356
42 , K ,0.954912 , 0.148611, 0.000274,0.000036
42 , D ,-6729.713822 , -3824.263930, 0.060914,0.054015
43 , E ,0.774517 , 0.007550, 0.000488,0.001424
43 , H ,-12926.654232 , -9165.727045, 0.164894,0.052675
43 , Q ,0.952077 , 0.028878, 0.000130,0.000085
43 , F ,-5513.530654 , -2919.803876, 0.089231,0.038101
43 , Y ,-17580.483503 , -14490.238931, 0.264706,0.063780
43 , C ,-17089.207973 , -13904.389631, 0.263158,0.061795
43 , N ,-14926.693586 , -11753.677669, 0.227500,0.060215
43 , K ,1.038722 , 0.155698, 0.000146,0.000036
43 , D ,-8688.593270 , -5934.942871, 0.091346,0.068702
44 , E ,0.952216 , -0.001029, 0.000104,0.001451
44 , H ,-13918.656851 , -10220.946305, 0.181818,0.052236
44 , Q ,0.834813 , 0.045373, 0.000381,0.000069
44 , F ,-6228.790963 , -3597.968366, 0.070588,0.038865
44 , Y ,-17991.501073 , -15112.552519, 0.296651,0.059809
44 , C ,-18158.761771 , -15014.192537, 0.206383,0.073661
44 , N ,-12691.958033 , -9189.665302, 0.216958,0.045625
44 , K ,0.913289 , 0.124205, 0.000331,0.000060
44 , D ,-8395.751045 , -5419.047063, 0.071429,0.071602
45 , E ,1.086906 , 0.208740, 0.000134,0.000225
45 , H ,-11223.392633 , -7872.671898, 0.143275,0.049808
45 , Q ,0.698391 , 0.068148, 0.001306,0.000143
45 , F ,-3129.144940 , -1048.964637, 0.036066,0.041593
45 , Y ,-13859.423262 , -10656.213518, 0.240099,0.036370
45 , C ,-12363.594872 , -8972.287538, 0.107623,0.054189
45 , N ,-10686.963830 , -6841.254027, 0.149606,0.052790
45 , K ,0.724620 , 0.102117, 0.001316,0.001594
45 , D ,-6000.657189 , -3005.170097, 0.069519,0.074294
46 , E ,0.488031 , -0.007044, 0.004305,0.000407
46 , H ,-14911.090449 , -11697.316832, 0.320169,0.044210
46 , Q ,0.324178 , -0.125540, 0.007742,0.000408
46 , F ,-6204.150932 , -4416.499565, 0.087028,0.043523
46 , Y ,-15407.698493 , -12487.318271, 0.393568,0.036512
46 , C ,-11502.974932 , -8356.997725, 0.223543,0.032845
46 , N ,-13608.549376 , -10574.957513, 0.342183,0.035119
46 , K ,0.525416 , 0.024652, 0.003912,0.000199
46 , D ,-12168.434200 , -9253.594786, 0.183938,0.043067
47 , E ,0.944098 , 0.324850, 0.000797,0.000382
47 , H ,-12510.442886 , -9012.621832, 0.175711,0.048693
47 , Q ,0.611317 , 0.112314, 0.003314,0.000358
47 , F ,-2966.308121 , -1521.568396, 0.038462,0.038327
47 , Y ,-13866.692884 , -10282.561139, 0.211302,0.048788
47 , C ,-11990.305624 , -8466.734783, 0.155556,0.049834
47 , N ,-12008.289077 , -8533.086865, 0.124661,0.052895
47 , K ,0.789497 , 0.145717, 0.000994,0.000584
47 , D ,-5447.567503 , -3068.089442, 0.042781,0.050781
48 , E ,-8258.650531 , -8711.845270, 0.241379,0.046770
48 , H ,0.145433 , 0.172735, 0.163191,0.006444
48 , Q ,-21258.911165 , -20098.200060, 0.093750,0.073242
48 , F ,2.119610 , 3.639844, 0.002778,0.023318
48 , Y ,-76.255590 , -77.108327, 0.000271,0.072531
48 , C ,0.797519 , 0.234493, 0.001705,0.029803
48 , N ,-27278.159146 , -27007.793488, 0.171429,0.053605
49 , E ,0.670027 , 0.339631, 0.006688,0.000129
49 , H ,-4873.680247 , -2296.968546, 0.063380,0.040579
49 , Q ,1.127025 , 0.867709, 0.002220,0.000912
49 , F ,0.974870 , 0.655073, 0.002973,0.000309
49 , Y ,-5013.455408 , -2888.474167, 0.062745,0.037725
49 , C ,-9202.009937 , -6023.623763, 0.097345,0.039502
49 , N ,-6410.729811 , -4031.670520, 0.109524,0.044459
49 , K ,0.715009 , 0.370681, 0.005592,0.000484
49 , D ,-370.099835 , 1127.386419, 0.018868,0.055832
50 , E ,0.632359 , 0.336418, 0.008562,0.002944
50 , H ,-5452.231261 , -3632.840913, 0.040936,0.046510
50 , Q ,0.606779 , 0.482964, 0.017707,0.000407
50 , F ,-6185.268464 , -4520.489729, 0.017647,0.048088
50 , Y ,-10022.695380 , -7192.569443, 0.090909,0.047034
50 , C ,-5191.379754 , -2353.933926, 0.059603,0.052892
50 , N ,-5491.759465 , -3464.544700, 0.030488,0.051411
50 , K ,1.150571 , 0.842438, 0.001823,0.000449
50 , D ,-7951.617483 , -5688.293989, 0.092715,0.045228
51 , E ,0.647200 , 0.471976, 0.013090,0.000572
51 , H ,-4109.811545 , -2787.656440, 0.031299,0.036886
51 , Q ,0.725387 , 0.658421, 0.015011,0.000027
51 , F ,-3390.982019 , -2559.706207, 0.028517,0.036127
51 , Y ,-7227.345439 , -4661.101211, 0.099291,0.036353
51 , C ,-5723.865115 , -3533.326059, 0.047976,0.038388
51 , N ,-3643.881410 , -2514.565065, 0.026187,0.037056
51 , K ,0.779881 , 0.624031, 0.009677,0.000208
51 , D ,-4479.617469 , -2942.750235, 0.048387,0.036828
52 , E ,-5028.738816 , -3326.463703, 0.046512,0.074094
52 , H ,0.785980 , 0.740310, 0.013817,0.003619
52 , Q ,-7034.743181 , -4545.304057, 0.085106,0.070469
52 , F ,0.938806 , 0.816788, 0.006703,0.001758
52 , Y ,0.966838 , 0.622996, 0.002699,0.000491
52 , C ,-41.854672 , 7.582883, 0.020408,0.039150
52 , N ,0.741242 , 0.677997, 0.015237,0.002596
52 , K ,-10343.703678 , -8672.648467, 0.038462,0.046967
52 , D ,0.741901 , 0.482240, 0.007626,0.000572
53 , E ,-4589.666851 , -2304.668952, 0.031339,0.051903
53 , H ,1.002328 , 0.584538, 0.001796,0.000160
53 , Q ,-11739.288958 , -8177.342283, 0.133702,0.051769
53 , F ,0.544616 , 0.509737, 0.027697,0.000414
53 , Y ,0.825667 , 0.618185, 0.006929,0.000137
53 , C ,-1422.911996 , -993.408933, 0.016405,0.039200
53 , N ,0.616239 , 0.452539, 0.014725,0.001391
53 , K ,-5385.575649 , -3603.874953, 0.031873,0.037152
53 , D ,0.972448 , 0.497423, 0.001538,0.000099
54 , E ,-11314.922564 , -9095.341478, 0.200000,0.050612
54 , H ,-19.907552 , -20.832062, 0.000074,0.126116
54 , Q ,-11407.755376 , -8888.373185, 0.166667,0.057499
54 , F ,0.999541 , 0.435707, 0.000973,0.002452
54 , Y ,0.639936 , 0.183228, 0.003939,0.000672
54 , C ,1.493384 , 0.586320, 0.000046,0.000145
54 , N ,0.691300 , 0.196325, 0.002958,0.012006
54 , K ,-7117.230298 , -3958.186453, 0.023810,0.079554
54 , D ,0.464066 , 0.065935, 0.008178,0.005899
55 , E ,-1707.564099 , -1236.288842, 0.028436,0.038449
55 , H ,0.729758 , 0.683084, 0.015850,0.000398
55 , Q ,0.931334 , 0.931521, 0.009589,0.000465
55 , F ,1.054780 , 1.029123, 0.006024,0.000242
55 , Y ,-452.223090 , -396.360907, 0.024648,0.040828
55 , C ,-3632.493402 , -2666.317296, 0.039514,0.045140
55 , N ,0.823436 , 0.771231, 0.011741,0.000071
55 , K ,-2567.761754 , -1822.650413, 0.013333,0.051249
55 , D ,1.140862 , 1.013926, 0.003395,0.000355
56 , E ,1.012606 , 0.632613, 0.002105,0.000307
56 , H ,0.925178 , 0.729337, 0.005425,0.000088
56 , Q ,0.843139 , 0.630642, 0.006615,0.000041
56 , F ,-9270.024826 , -6086.750682, 0.109683,0.039406
56 , Y ,0.782697 , 0.770711, 0.014757,0.000036
56 , C ,0.939748 , 0.922354, 0.008913,0.000283
56 , N ,-1585.337165 , -1234.673562, 0.028391,0.036948
56 , K ,0.960081 , 0.457715, 0.001398,0.000064
56 , D ,0.987680 , 0.761965, 0.004017,0.000065
57 , E ,0.545158 , 0.363145, 0.017410,0.001194
57 , H ,-2152.447752 , -1876.890896, 0.036364,0.036400
57 , Q ,0.723373 , 0.543248, 0.010469,0.000512
57 , F ,0.846720 , 0.761631, 0.009890,0.000391
57 , Y ,-1836.852572 , -998.311448, 0.031519,0.037898
57 , C ,-3631.520087 , -1649.717982, 0.032544,0.040354
57 , N ,-2167.208482 , -1225.779501, 0.022989,0.038916
57 , K ,0.612382 , 0.496130, 0.017938,0.000476
57 , D ,0.902710 , 0.646604, 0.004580,0.001024
58 , E ,0.525312 , 0.372367, 0.020020,0.000142
58 , H ,-4263.449186 , -3585.833127, 0.058997,0.032441
58 , Q ,0.527139 , 0.407702, 0.022640,0.000379
58 , F ,0.946664 , -0.245923, 0.000007,0.029821
58 , Y ,-4930.920839 , -3976.555175, 0.020958,0.034869
58 , C ,-5547.378349 , -4454.714215, 0.049046,0.032660
58 , N ,-53.234030 , -8.014453, 0.019685,0.035901
58 , K ,0.681061 , 0.561475, 0.014611,0.000570
58 , D ,0.968847 , 0.748172, 0.004349,0.000384
59 , E ,0.558831 , 0.350512, 0.015117,0.000290
59 , H ,-7824.721659 , -5393.954838, 0.127630,0.033673
59 , Q ,0.556895 , 0.317494, 0.013246,0.000424
59 , F ,-7849.453217 , -5139.872586, 0.109665,0.045726
59 , Y ,-9935.946899 , -6926.859938, 0.149341,0.044844
59 , C ,-4101.564161 , -2608.154582, 0.057692,0.036401
59 , N ,-8462.271168 , -5752.750723, 0.090909,0.038721
59 , K ,0.763491 , 0.348586, 0.003573,0.001089
59 , D ,-7361.303906 , -5122.757635, 0.084000,0.035024
60 , E ,0.579218 , 0.368126, 0.014093,0.000861
60 , H ,-7709.022972 , -5183.749461, 0.097585,0.036001
60 , Q ,0.549338 , 0.305909, 0.013258,0.000095
60 , F ,-6394.011038 , -4285.607353, 0.102767,0.034275
60 , Y ,-11071.816638 , -7874.313153, 0.115346,0.039473
60 , C ,-4465.526932 , -2734.542256, 0.066055,0.036772
60 , N ,-8919.068997 , -5936.125188, 0.102667,0.048128
60 , K ,0.747104 , 0.294599, 0.003052,0.000300
60 , D ,-7079.363645 , -4858.749372, 0.077957,0.036055
61 , E ,0.746880 , 0.529796, 0.008564,0.000179
61 , H ,-6138.076774 , -3965.686045, 0.094690,0.034890
61 , Q ,0.692457 , 0.479269, 0.010136,0.000159
61 , F ,-5979.274374 , -3954.736280, 0.090980,0.034443
61 , Y ,-8140.335028 , -5321.596485, 0.101300,0.037771
61 , C ,-4726.644961 , -3140.665394, 0.046791,0.037348
61 , N ,-7493.052238 , -4914.205500, 0.092767,0.036595
61 , K ,0.797343 , 0.394115, 0.003421,0.000106
61 , D ,-5718.115489 , -3607.612701, 0.060606,0.036930
62 , E ,0.723814 , 0.507174, 0.009222,0.000172
62 , H ,-6697.441878 , -4456.311964, 0.093794,0.035140
62 , Q ,0.626291 , 0.412532, 0.012209,0.000171
62 , F ,-6271.946041 , -4218.032140, 0.098797,0.033773
62 , Y ,-8643.756731 , -5688.318743, 0.098266,0.038702
62 , C ,-4774.220877 , -3277.280768, 0.044572,0.036969
62 , N ,-7468.895762 , -4795.997590, 0.086076,0.037752
62 , K ,0.759439 , 0.357181, 0.003789,0.000110
62 , D ,-5427.130263 , -3325.456044, 0.075540,0.036377
63 , E ,0.665584 , 0.462577, 0.011444,0.000203
63 , H ,-6871.787628 , -4536.319432, 0.094864,0.044595
63 , Q ,0.600721 , 0.398079, 0.013662,0.000120
63 , F ,-6307.813495 , -4385.192399, 0.099567,0.033397
63 , Y ,-8847.271303 , -5873.192026, 0.104833,0.038621
63 , C ,-4404.317788 , -2815.130090, 0.042151,0.037543
63 , N ,-8033.140667 , -5437.024875, 0.091148,0.036862
63 , K ,0.794606 , 0.380678, 0.003275,0.000089
63 , D ,-5780.634027 , -3666.027108, 0.067319,0.036431
64 , E ,0.681227 , 0.461661, 0.010213,0.000218
64 , H ,-7144.685421 , -4723.726804, 0.099347,0.035386
64 , Q ,0.625417 , 0.406952, 0.011982,0.000116
64 , F ,-6665.081597 , -4436.573478, 0.095365,0.034789
64 , Y ,-8684.135532 , -5741.398006, 0.105784,0.038249
64 , C ,-5052.042392 , -3486.492877, 0.046067,0.036996
64 , N ,-7375.194833 , -4839.078631, 0.094449,0.036500
64 , K ,0.716328 , 0.334650, 0.004694,0.000464
64 , D ,-5258.219560 , -3249.293877, 0.077206,0.035940
65 , E ,0.652670 , 0.456412, 0.012153,0.000208
65 , H ,-6619.601803 , -4224.313799, 0.094259,0.036002
65 , Q ,0.621742 , 0.420248, 0.012910,0.000119
65 , F ,-6408.268082 , -4408.336502, 0.101095,0.033653
65 , Y ,-8301.403363 , -5321.466474, 0.101173,0.038893
65 , C ,-5171.910855 , -3562.148896, 0.043662,0.036690
65 , N ,-7467.903081 , -4908.556033, 0.091924,0.036787
65 , K ,0.747884 , 0.372566, 0.004449,0.000114
65 , D ,-6028.017050 , -4080.743268, 0.069954,0.035718
66 , E ,0.792869 , 0.599283, 0.008126,0.000406
66 , H ,-6705.658887 , -4377.499173, 0.085917,0.036076
66 , Q ,0.680833 , 0.458061, 0.010095,0.000252
66 , F ,-6108.598227 , -3952.548880, 0.085023,0.035355
66 , Y ,-8702.601346 , -5699.706301, 0.099659,0.039082
66 , C ,-4449.001092 , -2950.461271, 0.041694,0.037597
66 , N ,-7408.042111 , -4972.861469, 0.080583,0.037025
66 , K ,0.924446 , 0.460004, 0.001835,0.000123
66 , D ,-5986.428177 , -4043.286512, 0.071966,0.034751
67 , E ,0.738643 , 0.535381, 0.009250,0.000185
67 , H ,-6530.243451 , -4343.245359, 0.082702,0.035631
67 , Q ,0.663716 , 0.460531, 0.011400,0.000103
67 , F ,-6204.282756 , -4329.457625, 0.090400,0.033572
67 , Y ,-8020.717247 , -5215.281162, 0.103043,0.037790
67 , C ,-4814.349565 , -3217.397909, 0.045695,0.037270
67 , N ,-7488.000784 , -4734.517232, 0.095541,0.037716
67 , K ,0.795227 , 0.390168, 0.003416,0.000072
67 , D ,-5918.764970 , -3697.472304, 0.059226,0.037367
68 , E ,0.722119 , 0.524773, 0.009892,0.000072
68 , H ,-6443.007365 , -4120.383532, 0.088196,0.036088
68 , Q ,0.704868 , 0.484192, 0.009475,0.000254
68 , F ,-6962.204930 , -5004.659591, 0.089672,0.033746
68 , Y ,-8293.339716 , -5350.989929, 0.110567,0.038151
68 , C ,-4741.955340 , -3011.021106, 0.044574,0.038096
68 , N ,-7404.141658 , -4809.681038, 0.081123,0.037525
68 , K ,0.743799 , 0.383919, 0.004822,0.000052
68 , D ,-5527.935950 , -3576.316131, 0.073908,0.035437
69 , E ,0.747058 , 0.425919, 0.005674,0.000366
69 , H ,-4258.024885 , -2091.849077, 0.058632,0.038846
69 , Q ,0.749782 , 0.235193, 0.002237,0.000294
69 , F ,-16301.300968 , -13067.118395, 0.335541,0.045433
69 , Y ,-11830.238314 , -8489.493374, 0.210256,0.044146
69 , C ,-12206.061650 , -8736.146413, 0.159375,0.049945
69 , N ,-10575.996234 , -7316.179875, 0.190395,0.044260
69 , K ,0.972835 , 0.391200, 0.000923,0.000072
69 , D ,-9363.835630 , -6169.344578, 0.085603,0.051413
70 , E ,-18721.272527 , -16098.453355, 0.342657,0.043670
70 , H ,1.231903 , 0.168576, 0.000032,0.000458
70 , Q ,-0.042964 , 0.930198, 0.388130,0.000064
70 , F ,1.008696 , 0.077170, 0.000114,0.000385
70 , Y ,0.976501 , 0.058883, 0.000132,0.000347
70 , C ,0.914266 , 0.369600, 0.001297,0.000155
70 , N ,0.923809 , 0.198784, 0.000476,0.000157
70 , K ,-17913.383822 , -15259.014237, 0.380769,0.035817
70 , D ,1.228279 , 0.250593, 0.000055,0.000770
71 , Q ,-44278.402181 , -58476.328589, 0.454545,0.115702
72 , H ,0.850462 , 0.078197, 0.000411,0.000077
72 , Q ,-16440.247140 , -13474.863694, 0.383821,0.042093
72 , F ,0.935900 , 0.023964, 0.000146,0.000046
72 , Y ,1.103741 , 0.104318, 0.000061,0.000283
72 , C ,0.881855 , 0.294644, 0.001110,0.000358
72 , N ,0.970581 , 0.220385, 0.000368,0.000030
72 , K ,-18665.745906 , -15836.713541, 0.311475,0.059127
72 , D ,1.115672 , 0.279414, 0.000164,0.000019
73 , E ,-6155.786445 , -3653.667638, 0.064935,0.050683
73 , H ,-1890.062202 , -902.536515, 0.038062,0.036776
73 , Q ,-2766.575807 , -2399.003821, 0.021834,0.036796
73 , F ,0.732501 , 0.574576, 0.011261,0.001406
73 , Y ,-3663.970298 , -1698.459688, 0.065789,0.047827
73 , C ,-1157.338014 , -975.880434, 0.008000,0.037952
73 , N ,-1030.693038 , -120.377110, 0.023256,0.051041
73 , K ,0.424632 , 0.381985, 0.042548,0.001704
73 , D ,3.534912 , 13.675089, 0.000076,0.044130
74 , E ,-5610.525402 , -3757.011047, 0.064000,0.045904
74 , H ,-3646.327833 , -3415.622378, 0.027119,0.033170
74 , Q ,-3579.012156 , -2608.345151, 0.053957,0.034871
74 , F ,0.822790 , 0.594516, 0.006549,0.000136
74 , Y ,-4842.023547 , -3858.108803, 0.059702,0.031915
74 , C ,0.521698 , 0.527731, 0.033863,0.000108
74 , N ,-4610.979179 , -4551.933014, 0.034483,0.032491
74 , K ,-5949.777268 , -5757.633283, 0.039216,0.048347
74 , D ,2.471711 , 1.465968, 0.000001,0.022205
75 , E ,-19095.611438 , -16787.863793, 0.400000,0.050193
75 , H ,0.948456 , 0.031999, 0.000138,0.000025
75 , Q ,-31156.353551 , -32251.910902, 0.334426,0.088111
75 , F ,1.369744 , 0.187252, 0.000012,0.001204
75 , Y ,1.271667 , 0.157252, 0.000022,0.000289
75 , C ,0.927093 , -0.014681, 0.000122,0.000129
75 , N ,-338.505536 , -338.631380, 0.080165,0.106323
75 , K ,-27419.215187 , -27173.444821, 0.209877,0.109282
75 , D ,1.254707 , 0.247385, 0.000044,0.000302
76 , E ,-18508.386357 , -16064.004524, 0.412844,0.045507
76 , H ,0.893059 , 0.017671, 0.000198,0.000135
76 , Q ,-29886.701153 , -30901.524841, 0.370242,0.076184
76 , F ,1.395239 , 0.188290, 0.000009,0.001135
76 , Y ,1.267808 , 0.104245, 0.000016,0.000307
76 , C ,0.634659 , -0.051504, 0.001053,0.000600
76 , N ,0.997276 , 0.257636, 0.000375,0.000872
76 , K ,-27799.440435 , -28921.425099, 0.328358,0.088104
76 , D ,-64.089633 , -64.510766, 0.005563,0.113976
77 , E ,-19876.967327 , -17014.911392, 0.335878,0.058408
77 , H ,0.783975 , -0.035556, 0.000342,0.000548
77 , Q ,-384.524123 , -40.129470, 0.310680,0.071716
77 , F ,1.492383 , 0.309532, 0.000009,0.000009
77 , Y ,-1539.257920 , -1500.324226, 0.005814,0.107029
77 , C ,1.306915 , 0.090794, 0.000010,0.000096
77 , N ,2.195562 , 0.355217, 0.000000,0.004160
77 , K ,-11656.162431 , -8117.581171, 0.171717,0.047495
77 , D ,1.240339 , 0.242843, 0.000048,0.000242
78 , E ,-19202.422925 , -17026.881208, 0.425000,0.044653
78 , H ,0.939489 , -0.013882, 0.000111,0.000321
78 , Q ,-35254.158490 , -37211.849858, 0.337302,0.100364
78 , F ,1.385844 , 0.267798, 0.000017,0.001156
78 , Y ,1.319566 , 0.101997, 0.000010,0.000148
78 , C ,1.157616 , 0.037792, 0.000026,0.000056
78 , N ,1.145597 , 0.310595, 0.000154,0.002072
78 , K ,-28427.315822 , -28601.754016, 0.279412,0.098940
78 , D ,1.081447 , 0.181457, 0.000120,0.000485
79 , E ,-58145.280445 , -81356.298815, 0.451613,0.145566
79 , H ,0.752389 , -0.030919, 0.000450,0.000049
79 , Q ,-18655.172597 , -15746.415386, 0.304183,0.046802
79 , F ,1.220635 , 0.240435, 0.000056,0.000221
79 , Y ,-1776.949505 , -1750.372033, 0.006667,0.105378
79 , C ,0.736566 , -0.029360, 0.000529,0.000226
79 , N ,0.616464 , 0.089529, 0.002810,0.000682
79 , K ,-18597.998661 , -14364.796252, 0.172414,0.131986
79 , D ,1.583727 , 0.286223, 0.000004,0.001335
80 , E ,-0.187923 , 0.454423, 0.448059,0.000367
80 , H ,1.157609 , 0.080172, 0.000034,0.000060
80 , Q ,-20303.267594 , -17372.520068, 0.288889,0.068978
80 , F ,1.302618 , 0.275174, 0.000036,0.000159
80 , Y ,1.506891 , 0.184159, 0.000004,0.000155
80 , C ,1.288906 , 0.082929, 0.000011,0.000633
80 , N ,0.976204 , 0.182220, 0.000281,0.000583
80 , K ,-22747.710852 , -22445.061944, 0.166667,0.065193
80 , D ,-20.002844 , -20.952178, 0.000075,0.098554
81 , E ,-18832.939476 , -16464.510060, 0.357798,0.053587
81 , H ,1.060038 , 0.019143, 0.000050,0.000011
81 , Q ,-31169.773026 , -32444.244518, 0.351916,0.083612
81 , F ,1.246122 , 0.155814, 0.000026,0.000661
81 , Y ,1.043374 , 0.085254, 0.000089,0.000142
81 , C ,0.921289 , -0.035658, 0.000110,0.000048
81 , N ,1.264182 , 0.240404, 0.000039,0.000334
81 , K ,-16477.602749 , -13391.623416, 0.179775,0.072929
81 , D ,1.377856 , 0.316837, 0.000025,0.001080
82 , E ,-19047.963343 , -16618.847049, 0.425743,0.043590
82 , H ,0.851764 , 0.019573, 0.000282,0.000166
82 , Q ,-30639.885345 , -31595.911673, 0.339286,0.086983
82 , F ,1.281430 , 0.291854, 0.000047,0.000726
82 , Y ,1.710006 , 0.186456, 0.000001,0.000868
82 , C ,0.753738 , -0.064514, 0.000366,0.000715
82 , N ,1.039469 , 0.190979, 0.000180,0.000018
82 , K ,-27726.229434 , -27334.632969, 0.235294,0.109827
82 , D ,1.253741 , 0.283039, 0.000055,0.001624
83 , E ,-30192.399199 , -32047.853773, 0.446429,0.060108
83 , H ,0.878874 , -0.004625, 0.000193,0.000104
83 , Q ,-31676.902883 , -32743.491156, 0.313653,0.095029
83 , F ,0.990332 , 0.131482, 0.000183,0.000337
83 , Y ,0.945280 , 0.076091, 0.000188,0.000334
83 , C ,0.888812 , -0.019324, 0.000162,0.000108
83 , N ,1.704008 , 0.399856, 0.000003,0.001347
83 , K ,-18261.436997 , -15146.962877, 0.253012,0.064160
83 , D ,1.884213 , 0.458536, 0.000001,0.002007
84 , E ,-35368.065851 , -37787.130881, 0.409091,0.083182
84 , H ,0.724138 , -0.051245, 0.000502,0.000148
84 , Q ,-18535.880597 , -15702.111759, 0.335793,0.055836
84 , F ,1.655359 , 0.258428, 0.000002,0.001173
84 , Y ,-2648.762254 , -2578.527539, 0.009852,0.103966
84 , C ,0.714025 , -0.053699, 0.000543,0.000591
84 , N ,0.991339 , 0.207409, 0.000290,0.000197
84 , K ,-15085.329343 , -11683.148993, 0.282609,0.057105
84 , D ,-861.982896 , -862.267632, 0.022066,0.092236
85 , E ,-41213.082769 , -50237.113573, 0.338235,0.180147
85 , H ,0.921836 , -0.078017, 0.000082,0.000004
85 , Q ,-21112.069796 , -18656.568448, 0.356688,0.062247
85 , F ,1.400286 , 0.332115, 0.000023,0.000942
85 , Y ,0.630709 , -0.104558, 0.000743,0.000099
85 , C ,0.853412 , -0.048041, 0.000179,0.000103
85 , N ,1.592839 , 0.338678, 0.000005,0.001109
85 , K ,-13978.418348 , -12659.931979, 0.250000,0.034758
85 , D ,-74.218734 , -74.628044, 0.007993,0.108135
86 , E ,-33458.858944 , -35842.407116, 0.433962,0.073603
86 , H ,1.011190 , 0.025671, 0.000079,0.000032
86 , Q ,-30803.147163 , -31895.274378, 0.317518,0.090289
86 , F ,1.529419 , 0.215599, 0.000004,0.000728
86 , Y ,1.651588 , 0.099984, 0.000001,0.001308
86 , C ,0.942321 , 0.033776, 0.000149,0.000625
86 , N ,0.916192 , 0.209786, 0.000539,0.000071
86 , K ,-27467.438970 , -26953.272211, 0.187500,0.119297
86 , D ,0.911436 , 0.269522, 0.000788,0.000994
87 , E ,-17565.886762 , -15552.738952, 0.442029,0.032648
87 , H ,0.884129 , 0.014569, 0.000208,0.000242
87 , Q ,-35109.439631 , -37093.260509, 0.338710,0.097425
87 , F ,1.024240 , 0.137703, 0.000144,0.000220
87 , Y ,1.066205 , 0.069296, 0.000067,0.000014
87 , C ,0.780759 , -0.051254, 0.000320,0.000620
87 , N ,1.423968 , 0.232510, 0.000010,0.001348
87 , K ,-16876.283148 , -13850.999577, 0.262500,0.068698
87 , D ,1.177809 , 0.263758, 0.000091,0.001795
88 , E ,-31534.756780 , -32815.649000, 0.348624,0.087240
88 , H ,0.753642 , -0.050936, 0.000396,0.000224
88 , Q ,-18568.804229 , -15837.026222, 0.365759,0.051230
88 , F ,1.273517 , 0.231725, 0.000034,0.000198
88 , Y ,1.558635 , 0.168712, 0.000002,0.000085
88 , C ,0.803370 , -0.020763, 0.000322,0.000066
88 , N ,1.084890 , 0.191168, 0.000121,0.000836
88 , K ,-14579.914468 , -11298.603787, 0.202899,0.063922
88 , D ,0.851960 , 0.114082, 0.000510,0.000122
89 , E ,-34762.257821 , -37436.396222, 0.432692,0.078079
89 , H ,0.893111 , -0.007088, 0.000168,0.000182
89 , Q ,-30363.578324 , -31390.252286, 0.358696,0.081463
89 , F ,1.336026 , 0.230217, 0.000020,0.000736
89 , Y ,1.112367 , 0.072124, 0.000046,0.000654
89 , C ,0.793546 , -0.010151, 0.000377,0.000345
89 , N ,1.026822 , 0.212620, 0.000224,0.000188
89 , K ,-18749.329015 , -16796.657314, 0.259740,0.088126
89 , D ,1.083888 , 0.234157, 0.000162,0.000814
90 , E ,-7445.169925 , -5591.603967, 0.095238,0.034580
90 , H ,-3837.308668 , -3084.036320, 0.016667,0.036465
90 , Q ,-3259.828552 , -3121.335139, 0.030928,0.037124
90 , F ,0.998757 , 0.794895, 0.004204,0.000124
90 , Y ,-5109.583619 , -4301.612660, 0.042683,0.034615
90 , C ,0.857239 , 0.860624, 0.012337,0.000220
90 , N ,-1473.390124 , -1550.382731, 0.042105,0.046177
90 , K ,0.576718 , 0.698086, 0.038144,0.003760
90 , D ,1.125376 , 1.234083, 0.006660,0.000494
91 , E ,-31355.767060 , -32531.497994, 0.367816,0.083300
91 , H ,0.904001 , 0.041638, 0.000209,0.000250
91 , Q ,-35198.315816 , -37425.276921, 0.337449,0.101348
91 , F ,0.883931 , 0.118839, 0.000407,0.000248
91 , Y ,1.287012 , 0.123512, 0.000015,0.001955
91 , C ,0.884547 , -0.000104, 0.000190,0.000219
91 , N ,1.172449 , 0.270562, 0.000098,0.000601
91 , K ,-36577.788797 , -37357.959952, 0.153846,0.155490
91 , D ,-45.982884 , -46.127084, 0.066475,0.115248
92 , E ,-4080.832308 , -1910.164939, 0.046875,0.050781
92 , H ,-2164.783679 , -1342.520686, 0.021661,0.038340
92 , Q ,0.757086 , 0.742480, 0.015912,0.000166
92 , F ,0.963051 , 0.927459, 0.008121,0.001418
92 , Y ,-3271.573124 , -2742.022865, 0.034826,0.035940
92 , C ,-3971.767025 , -2761.717278, 0.023810,0.037251
92 , N ,-3628.733547 , -3364.279275, 0.015625,0.034766
92 , K ,-6040.999099 , -5447.076156, 0.033708,0.033834
92 , D ,-1629.473951 , -1150.957491, 0.019355,0.038643
93 , E ,-8089.583368 , -5722.145221, 0.057971,0.076665
93 , H ,0.809462 , 0.801853, 0.013737,0.000105
93 , Q ,0.848169 , 0.846354, 0.012483,0.000172
93 , F ,1.156863 , 0.985501, 0.002921,0.001766
93 , Y ,-2179.500348 , -1175.623248, 0.033784,0.047468
93 , C ,0.808224 , 0.857917, 0.016561,0.000307
93 , N ,0.889780 , 0.841352, 0.009419,0.000748
93 , K ,1.675450 , 1.543977, 0.000564,0.003653
93 , D ,0.830106 , 0.741267, 0.010429,0.002086
94 , E ,-15162.821927 , -11689.837994, 0.234043,0.047860
94 , H ,0.906048 , 0.240559, 0.000690,0.000214
94 , Q ,-10854.615196 , -7361.978622, 0.118881,0.041650
94 , F ,0.882594 , 0.199493, 0.000655,0.000183
94 , Y ,1.032923 , 0.460999, 0.000837,0.000980
94 , C ,0.850430 , 0.298376, 0.001444,0.000140
94 , N ,1.080778 , 0.447155, 0.000543,0.003490
94 , K ,-11474.999863 , -8907.381291, 0.281250,0.026660
94 , D ,0.645633 , 0.110021, 0.002526,0.000260
95 , E ,-13345.810137 , -10062.389968, 0.141844,0.050513
95 , H ,0.847848 , 0.258937, 0.001189,0.000012
95 , Q ,-11030.100043 , -7761.850581, 0.124744,0.050044
95 , F ,0.867279 , 0.285936, 0.001180,0.000731
95 , Y ,0.565776 , 0.303623, 0.011851,0.000266
95 , C ,0.796814 , 0.393878, 0.003435,0.000159
95 , N ,0.735017 , 0.422606, 0.005993,0.000349
95 , K ,-9662.690152 , -6954.767144, 0.081081,0.049580
95 , D ,0.544794 , 0.262168, 0.011414,0.000180
96 , E ,-14474.044877 , -11002.342315, 0.158273,0.053504
96 , H ,0.987767 , 0.371740, 0.000730,0.000084
96 , Q ,-10499.710679 , -7296.670785, 0.109620,0.050098
96 , F ,0.886526 , 0.284482, 0.001012,0.000585
96 , Y ,0.764312 , 0.485230, 0.006293,0.000173
96 , C ,0.694683 , 0.359024, 0.006059,0.000680
96 , N ,0.714457 , 0.417632, 0.006802,0.000191
96 , K ,-9784.058639 , -7166.942925, 0.109756,0.064000
96 , D ,0.685899 , 0.340664, 0.005967,0.000648
97 , E ,-11017.112301 , -7512.183262, 0.106280,0.053974
97 , H ,0.785303 , 0.321043, 0.002622,0.000038
97 , Q ,-8538.534739 , -5563.335213, 0.115607,0.037400
97 , F ,0.723875 , 0.292850, 0.003637,0.000385
97 , Y ,0.566700 , 0.380034, 0.015839,0.000317
97 , C ,0.734984 , 0.441889, 0.006484,0.000199
97 , N ,0.611761 , 0.406651, 0.013162,0.001104
97 , K ,-10250.933735 , -6815.878738, 0.111111,0.042149
97 , D ,0.707935 , 0.378349, 0.006049,0.000276
98 , E ,-9287.081032 , -6148.741503, 0.070039,0.052594
98 , H ,0.801027 , 0.338556, 0.002539,0.000047
98 , Q ,-8571.581243 , -5686.953002, 0.109127,0.037258
98 , F ,0.775552 , 0.330156, 0.002985,0.000582
98 , Y ,0.508490 , 0.336539, 0.019701,0.000579
98 , C ,0.769232 , 0.479924, 0.005991,0.000131
98 , N ,0.711140 , 0.464925, 0.008348,0.000640
98 , K ,-10011.435269 , -6661.523638, 0.080214,0.055249
98 , D ,0.717751 , 0.408390, 0.006458,0.000175
99 , E ,-31319.840508 , -33380.090444, 0.452381,0.059240
99 , H ,1.287592 , 0.068685, 0.000011,0.000324
99 , Q ,-18792.421660 , -16209.769400, 0.318777,0.060932
99 , F ,1.554701 , 0.332359, 0.000006,0.000786
99 , Y ,1.141908 , 0.085356, 0.000040,0.000108
99 , C ,1.292637 , 0.085833, 0.000012,0.000029
99 , N ,0.955184 , 0.270665, 0.000573,0.001665
99 , K ,-42992.046052 , -50016.331992, 0.147059,0.301903
99 , D ,0.865275 , 0.059723, 0.000323,0.000226
100 , E ,-32323.374240 , -34724.601603, 0.500000,0.053997
100 , H ,1.127328 , 0.072127, 0.000040,0.000384
100 , Q ,-32204.887820 , -33918.757272, 0.355556,0.086502
100 , F ,1.138367 , 0.192404, 0.000080,0.000361
100 , Y ,1.161236 , 0.149323, 0.000051,0.000977
100 , C ,1.175250 , 0.087971, 0.000031,0.000013
100 , N ,0.835367 , 0.154502, 0.000759,0.000141
100 , K ,-38606.762772 , -46492.517671, 0.133333,0.273333
100 , D ,-169.378513 , -169.571745, 0.052955,0.099757
101 , E ,-28245.753082 , -28176.450275, 0.238095,0.106718
101 , H ,1.273640 , 0.203988, 0.000028,0.000274
101 , Q ,-35690.555197 , -37688.013495, 0.353383,0.101970
101 , F ,1.238543 , 0.210350, 0.000041,0.004301
101 , Y ,1.127904 , 0.213848, 0.000102,0.000164
101 , C ,0.741010 , 0.302697, 0.003385,0.000140
101 , N ,0.813028 , 0.187867, 0.001112,0.001207
101 , K ,-26847.945794 , -26285.603775, 0.272727,0.222222
101 , D ,0.817080 , 0.263562, 0.001566,0.000234
102 , E ,-55777.491348 , -77504.127332, 0.277778,0.188272
102 , H ,-97.363094 , -98.269833, 0.000111,0.099733
102 , Q ,-34919.396100 , -36184.484390, 0.246377,0.127284
102 , F ,0.843207 , 0.078876, 0.000442,0.001924
102 , Y ,1.554245 , 0.424671, 0.000012,0.007939
102 , C ,0.701082 , 0.250715, 0.003572,0.006178
102 , N ,0.225601 , -0.037324, 0.027645,0.011900
102 , K ,-25758.890189 , -25700.405141, 0.250000,0.218750
102 , D ,0.578504 , 0.067215, 0.003428,0.012347
103 , E ,-7098.403953 , -5543.717883, 0.078261,0.031274
103 , H ,-8994.326801 , -8834.025776, 0.042895,0.028062
103 , Q ,-6648.342646 , -5937.503004, 0.065069,0.029928
103 , F ,0.620886 , 0.447453, 0.014460,0.000161
103 , Y ,-9096.001595 , -7583.564392, 0.068182,0.029907
103 , C ,-9149.423973 , -8235.735241, 0.040000,0.030339
103 , N ,-6739.838783 , -5680.352877, 0.054545,0.030149
103 , K ,-6257.152830 , -5711.255461, 0.040816,0.041337
103 , D ,-5359.645196 , -4838.301586, 0.040268,0.030242
104 , E ,-8302.787027 , -6735.077640, 0.130081,0.029757
104 , H ,-10149.182194 , -10078.943560, 0.037783,0.028864
104 , Q ,-7483.935965 , -6688.080933, 0.077161,0.028881
104 , F ,0.527246 , 0.391683, 0.021419,0.000112
104 , Y ,-9320.383772 , -7624.587781, 0.068783,0.030145
104 , C ,-8848.984452 , -8306.881084, 0.040921,0.030310
104 , N ,-6810.947006 , -5929.780319, 0.050000,0.029583
104 , K ,0.343639 , 0.522371, 0.093625,0.000762
104 , D ,-5232.372815 , -4363.560200, 0.069182,0.028781
105 , E ,-6534.971191 , -5039.473295, 0.087719,0.032964
105 , H ,-8616.187613 , -8077.909470, 0.042781,0.028491
105 , Q ,-6316.426043 , -5997.424201, 0.070470,0.028564
105 , F ,0.615806 , 0.442905, 0.014558,0.000081
105 , Y ,-8961.289908 , -7097.684171, 0.064171,0.031679
105 , C ,-8092.594388 , -7004.808488, 0.038568,0.030476
105 , N ,-4382.868911 , -3450.475067, 0.056075,0.031461
105 , K ,-9356.243992 , -8068.848533, 0.090909,0.037355
105 , D ,-4958.725846 , -3902.405580, 0.041958,0.032637
106 , E ,-6310.717769 , -4567.410684, 0.066116,0.033618
106 , H ,-9359.115736 , -9345.298234, 0.038363,0.028613
106 , Q ,-7475.858560 , -6591.927784, 0.086687,0.028562
106 , F ,0.552346 , 0.382809, 0.017769,0.000371
106 , Y ,-8885.533638 , -7419.992571, 0.066986,0.029573
106 , C ,-8113.278827 , -7634.655330, 0.042079,0.029594
106 , N ,-6123.753312 , -5129.878231, 0.057851,0.028796
106 , K ,-7936.210612 , -7389.145881, 0.019231,0.046135
106 , D ,-5866.298921 , -4854.411795, 0.036364,0.031346
107 , E ,-30139.893893 , -31221.944887, 0.277778,0.095250
107 , H ,0.897295 , 0.059050, 0.000249,0.000045
107 , Q ,-21581.040658 , -19023.915080, 0.385744,0.060715
107 , F ,0.476473 , -0.162361, 0.001851,0.001663
107 , Y ,1.974336 , 0.257742, 0.000000,0.001054
107 , C ,1.392353 , 0.421439, 0.000042,0.000039
107 , N ,0.900687 , 0.227625, 0.000666,0.000539
107 , K ,-29872.121150 , -40006.249928, 0.086957,0.388469
107 , D ,1.454161 , 0.498595, 0.000039,0.000214
108 , E ,-29247.253127 , -29717.743862, 0.298701,0.091921
108 , H ,1.128001 , 0.113574, 0.000054,0.000028
108 , Q ,-20612.910507 , -18348.308221, 0.433155,0.053171
108 , F ,0.696946 , -0.080737, 0.000527,0.002175
108 , Y ,1.536176 , 0.126251, 0.000002,0.000697
108 , C ,1.682176 , 0.490097, 0.000006,0.000171
108 , N ,0.889750 , 0.320154, 0.001205,0.002499
108 , K ,-30314.613776 , -39601.958865, 0.086957,0.440454
108 , D ,1.103920 , 0.329776, 0.000246,0.002215
109 , E ,-30919.623801 , -31826.735235, 0.296296,0.097317
109 , H ,1.037682 , 0.107238, 0.000109,0.000301
109 , Q ,-20400.606027 , -18170.392670, 0.445813,0.050707
109 , F ,0.627834 , -0.100103, 0.000821,0.004848
109 , Y ,1.362383 , 0.102362, 0.000007,0.000333
109 , C ,1.822811 , 0.525910, 0.000002,0.000106
109 , N ,0.768556 , 0.229371, 0.001883,0.002702
109 , K ,-29811.464420 , -39742.631938, 0.076923,0.482249
109 , D ,1.240845 , 0.381299, 0.000111,0.001954
110 , E ,-19804.527523 , -17476.737917, 0.351724,0.060277
110 , H ,0.973381 , 0.062420, 0.000137,0.000115
110 , Q ,-16037.043740 , -13268.293824, 0.457143,0.027103
110 , F ,0.891284 , 0.081531, 0.000304,0.000155
110 , Y ,1.083573 , 0.085035, 0.000063,0.000097
110 , C ,1.569255 , 0.456036, 0.000012,0.000236
110 , N ,0.653305 , 0.197612, 0.003787,0.000593
110 , K ,-15859.507497 , -12439.912448, 0.254545,0.046901
110 , D ,1.402494 , 0.383580, 0.000030,0.000067
111 , E ,-1487.543117 , -1137.610201, 0.012632,0.039305
111 , H ,0.917642 , 0.844083, 0.008145,0.000097
111 , Q ,-3493.103244 , -2354.815893, 0.032103,0.037740
111 , F ,1.083073 , 0.599203, 0.001086,0.000222
111 , Y ,0.848095 , 0.777969, 0.010289,0.000077
111 , C ,0.833948 , 0.751496, 0.010310,0.000730
111 , N ,1.068192 , 0.830491, 0.003038,0.000073
111 , K ,-859.601073 , -666.673066, 0.020033,0.038298
111 , D ,0.927861 , 0.757199, 0.005788,0.000225
112 , E ,-7122.382744 , -4445.379012, 0.092537,0.037746
112 , H ,0.669200 , 0.356778, 0.007127,0.000301
112 , Q ,-15032.483488 , -11925.312736, 0.355164,0.039220
112 , F ,0.976299 , 0.855183, 0.005753,0.000370
112 , Y ,0.732239 , 0.420652, 0.006033,0.000170
112 , C ,0.790786 , 0.255027, 0.001838,0.001451
112 , N ,0.870934 , 0.501240, 0.003231,0.000593
112 , K ,-7627.932386 , -5509.252699, 0.079365,0.034492
112 , D ,1.014501 , 0.332102, 0.000487,0.000013
113 , E ,-18148.571654 , -16214.683431, 0.502591,0.035312
113 , H ,0.932345 , 0.350157, 0.000994,0.000076
113 , Q ,-15553.479149 , -12205.642797, 0.298326,0.045838
113 , F ,0.506226 , -0.005012, 0.003667,0.000220
113 , Y ,1.076989 , 0.283692, 0.000224,0.000055
113 , C ,1.086397 , 0.392075, 0.000391,0.000050
113 , N ,0.567313 , 0.033055, 0.002940,0.000691
113 , K ,-16599.469268 , -14713.165452, 0.404494,0.043639
113 , D ,1.056182 , 0.292003, 0.000279,0.000054
114 , E ,-12927.288162 , -9532.070378, 0.189975,0.038577
114 , H ,0.790125 , 0.509100, 0.005904,0.000028
114 , Q ,-15739.860635 , -12278.814597, 0.292599,0.047313
114 , F ,0.943769 , 0.357842, 0.000962,0.000016
114 , Y ,0.791016 , 0.377854, 0.003324,0.000083
114 , C ,0.792406 , 0.522292, 0.006103,0.000181
114 , N ,0.713086 , 0.436505, 0.007478,0.000136
114 , K ,-12492.545752 , -9503.202787, 0.195072,0.043992
114 , D ,0.585437 , 0.390400, 0.014685,0.000118
115 , E ,0.788757 , 0.246670, 0.001748,0.000177
115 , H ,-14386.711633 , -10798.265016, 0.219368,0.049715
115 , Q ,0.550227 , 0.207364, 0.008587,0.000518
115 , F ,-2861.863539 , -2219.660623, 0.037296,0.035830
115 , Y ,-12205.620591 , -8609.825389, 0.126183,0.053583
115 , C ,-14624.102577 , -10993.849432, 0.200318,0.051049
115 , N ,-15594.046771 , -12655.779999, 0.378947,0.038222
115 , K ,0.950578 , 0.166877, 0.000318,0.000105
115 , D ,-8984.621222 , -5693.597844, 0.084112,0.042100
116 , E ,0.986648 , 0.461986, 0.001180,0.000025
116 , H ,-18399.503444 , -15078.405123, 0.185265,0.075410
116 , Q ,0.932302 , 0.560172, 0.002723,0.000363
116 , F ,-2551.092224 , -2424.714393, 0.024706,0.035844
116 , Y ,-31174.330005 , -31982.543064, 0.307771,0.097879
116 , C ,-19208.619377 , -16598.637689, 0.352838,0.056333
116 , N ,-19636.422895 , -17091.166744, 0.368737,0.057101
116 , K ,0.788930 , 0.001028, 0.000412,0.000021
116 , D ,-20095.769757 , -17467.901438, 0.300216,0.064826
117 , E ,1.058975 , 0.496548, 0.000815,0.000114
117 , H ,-13331.515324 , -10025.724426, 0.225045,0.037110
117 , Q ,0.960937 , 0.558020, 0.002188,0.000078
117 , F ,-2535.214882 , -2464.722974, 0.024085,0.036652
117 , Y ,-19350.313267 , -16447.107314, 0.327756,0.045513
117 , C ,-14946.688588 , -11914.534934, 0.373921,0.032451
117 , N ,-15700.723668 , -12742.001849, 0.395105,0.038163
117 , K ,0.726537 , 0.020179, 0.000782,0.000167
117 , D ,-15704.300598 , -12280.039651, 0.304274,0.037239
118 , E ,-14040.390543 , -10425.659981, 0.209205,0.049891
118 , H ,1.059716 , 0.182343, 0.000144,0.000006
118 , Q ,-11158.572580 , -7821.824211, 0.151048,0.038834
118 , F ,0.852411 , 0.356269, 0.001912,0.000061
118 , Y ,0.904133 , 0.339268, 0.001195,0.000122
118 , C ,0.868300 , 0.466997, 0.002862,0.000033
118 , N ,0.908517 , 0.458222, 0.002049,0.000008
118 , K ,-17078.162366 , -13750.042901, 0.162011,0.073650
118 , D ,0.881685 , 0.317254, 0.001254,0.000297
119 , E ,0.374871 , -0.088578, 0.006284,0.000599
119 , H ,-11608.732476 , -9239.950012, 0.332903,0.021569
119 , Q ,0.157765 , -0.216066, 0.015910,0.000258
119 , F ,-10235.055577 , -8405.497928, 0.185309,0.026354
119 , Y ,-13018.263801 , -10439.449057, 0.342105,0.025237
119 , C ,-10880.475848 , -8383.693501, 0.263427,0.026817
119 , N ,-11242.386538 , -9243.322920, 0.310044,0.022352
119 , K ,0.153951 , -0.253431, 0.012984,0.000104
119 , D ,-9371.774910 , -6838.023639, 0.173913,0.030239
120 , E ,-6177.519443 , -3906.478081, 0.061404,0.048290
120 , H ,1.073361 , 0.468922, 0.000625,0.000105
120 , Q ,-10461.049993 , -6970.953818, 0.125523,0.051116
120 , F ,0.739739 , 0.554017, 0.009593,0.000074
120 , Y ,0.803493 , 0.500317, 0.005217,0.000072
120 , C ,-1328.854068 , -531.551632, 0.016458,0.040937
120 , N ,0.690575 , 0.342406, 0.005722,0.000269
120 , K ,-4524.997159 , -2812.974199, 0.052632,0.038708
120 , D ,0.821139 , 0.313130, 0.001957,0.000192
122 , H ,-3497.454289 , -2098.643987, 0.059989,0.035747
122 , Q ,0.651124 , 0.505938, 0.014490,0.000149
122 , F ,-6007.750197 , -4178.585627, 0.065511,0.034748
122 , Y ,-7129.025428 , -4628.310097, 0.111183,0.034679
122 , C ,-6772.142373 , -4380.176326, 0.082338,0.036515
122 , N ,-3884.347029 , -2292.701962, 0.063716,0.035847
122 , K ,0.655220 , 0.418009, 0.010229,0.000189
122 , D ,-5087.880568 , -3647.390321, 0.056529,0.034614
123 , E ,0.777212 , -0.067197, 0.000292,0.000340
123 , H ,-10270.461118 , -6897.661054, 0.148410,0.048228
123 , Q ,0.769450 , -0.043678, 0.000362,0.000003
123 , F ,0.813322 , 0.627795, 0.007899,0.000425
123 , Y ,-18120.241856 , -15222.993184, 0.274510,0.061696
123 , C ,-14381.695479 , -11088.365659, 0.240271,0.038866
123 , N ,-18191.928749 , -15230.700502, 0.307947,0.057624
123 , K ,0.630653 , -0.384410, 0.000104,0.000036
123 , D ,-9319.347076 , -5898.532838, 0.129213,0.049118
124 , E ,-9593.458875 , -7917.017736, 0.164384,0.036639
124 , H ,0.597197 , 0.417332, 0.015146,0.001432
124 , Q ,-5713.794403 , -3717.700050, 0.117647,0.032699
124 , F ,0.735908 , 0.334721, 0.003952,0.001338
124 , Y ,0.641655 , 0.460230, 0.013192,0.000408
124 , C ,0.614889 , 0.238922, 0.006219,0.000719
124 , N ,0.602523 , 0.584458, 0.023809,0.005228
124 , K ,-15404.400705 , -12728.271719, 0.083333,0.056906
124 , D ,0.563648 , 0.242298, 0.009268,0.002297
125 , E ,-3919.604216 , -3079.828196, 0.067164,0.035030
125 , H ,0.748796 , 0.591235, 0.010453,0.000162
125 , Q ,-3485.974125 , -1649.476719, 0.048276,0.049346
125 , F ,1.084690 , 0.614855, 0.001151,0.001137
125 , Y ,0.626666 , 0.630440, 0.025117,0.000279
125 , C ,0.696903 , 0.486542, 0.010074,0.000356
125 , N ,0.898523 , 0.661379, 0.004994,0.000530
125 , K ,0.802561 , 0.700253, 0.010795,0.000808
125 , D ,0.633820 , 0.442495, 0.012847,0.002730
126 , E ,-84.887238 , 66.116144, 0.060976,0.031321
126 , H ,-9126.784057 , -6411.878864, 0.114833,0.044190
126 , Q ,0.632707 , 0.470261, 0.014543,0.000605
126 , F ,0.663135 , 0.564597, 0.016744,0.001039
126 , Y ,-5413.276114 , -3064.499311, 0.064103,0.037673
126 , C ,-8981.160853 , -7900.459345, 0.065789,0.029290
126 , N ,-7422.415634 , -5314.225289, 0.093750,0.043593
126 , K ,-3657.074668 , -3657.100843, 0.049383,0.030605
126 , D ,-5817.802851 , -5573.262263, 0.028037,0.032562
127 , E ,-4239.451802 , -1909.028860, 0.055556,0.039232
127 , H ,0.701211 , 0.628021, 0.016033,0.000168
127 , Q ,-5315.753431 , -3403.265843, 0.064000,0.035866
127 , F ,0.963721 , 0.582655, 0.002371,0.001287
127 , Y ,0.803714 , 0.639255, 0.008606,0.000449
127 , C ,0.760500 , 0.371089, 0.004063,0.001451
127 , N ,0.649616 , 0.489678, 0.013988,0.000299
127 , K ,-3937.939428 , -2442.525591, 0.090909,0.044651
127 , D ,0.891716 , 0.615282, 0.004445,0.000511
128 , E ,0.950132 , 0.855717, 0.006975,0.000483
128 , H ,-5634.851896 , -3108.310315, 0.025346,0.042667
128 , Q ,0.912476 , 0.599831, 0.003685,0.000070
128 , F ,-4884.019067 , -3160.694377, 0.043614,0.037412
128 , Y ,-10003.757019 , -6805.398473, 0.133333,0.048036
128 , C ,-5083.609887 , -3047.518332, 0.053864,0.037216
128 , N ,-7363.218437 , -4385.403501, 0.062791,0.052300
128 , K ,1.157684 , 0.961850, 0.002616,0.000141
128 , D ,-7202.478777 , -4568.242056, 0.094891,0.046380
129 , E ,0.904396 , 0.864978, 0.009553,0.000698
129 , H ,-4792.692011 , -2105.961230, 0.028571,0.044178
129 , Q ,1.020769 , 0.698096, 0.002581,0.000120
129 , F ,-4220.770908 , -2331.594075, 0.027950,0.039692
129 , Y ,-9921.957902 , -6553.719468, 0.110236,0.040582
129 , C ,-5843.345933 , -3452.376163, 0.057778,0.039214
129 , N ,-7950.335276 , -4936.485927, 0.074153,0.040611
129 , K ,1.140628 , 0.936714, 0.002654,0.000789
129 , D ,-9432.848718 , -6345.282622, 0.105263,0.038917
130 , E ,0.757076 , 0.699994, 0.014283,0.001523
130 , H ,-4462.061896 , -2008.248728, 0.016908,0.043206
130 , Q ,0.926098 , 0.632602, 0.003832,0.000138
130 , F ,-4694.738918 , -2720.087057, 0.037543,0.040350
130 , Y ,-10116.113681 , -6824.337903, 0.124464,0.039133
130 , C ,-5702.739726 , -3193.240147, 0.051345,0.039966
130 , N ,-8113.738715 , -5002.776828, 0.065534,0.042182
130 , K ,1.053223 , 0.904090, 0.004227,0.000121
130 , D ,-7247.132898 , -4448.222587, 0.109244,0.046519
131 , E ,0.918040 , 0.860881, 0.008573,0.001046
131 , H ,-4860.767134 , -2138.196043, 0.017857,0.056280
131 , Q ,0.962330 , 0.673577, 0.003509,0.000364
131 , F ,-3705.265551 , -2011.691074, 0.027972,0.039860
131 , Y ,-9585.949264 , -6353.628423, 0.117257,0.039356
131 , C ,-4694.727363 , -2495.779952, 0.053708,0.039278
131 , N ,-7813.016036 , -4779.831623, 0.054545,0.053894
131 , K ,1.010511 , 0.868347, 0.004955,0.000525
131 , D ,-9459.142165 , -6636.794289, 0.088235,0.048034
132 , E ,0.851715 , 0.732101, 0.008752,0.000146
132 , H ,-6628.792928 , -4000.811892, 0.026144,0.043249
132 , Q ,0.878050 , 0.572735, 0.004219,0.000159
132 , F ,-4427.607847 , -2462.625361, 0.036145,0.039037
132 , Y ,-9926.744781 , -6726.452400, 0.124236,0.038344
132 , C ,-4004.371969 , -1993.419260, 0.047722,0.038689
132 , N ,-8408.033837 , -5287.128470, 0.074380,0.052630
132 , K ,1.189435 , 0.997460, 0.002378,0.000177
132 , D ,-8501.937962 , -5887.801213, 0.109155,0.035546
133 , E ,0.949192 , 0.876336, 0.007442,0.000875
133 , H ,-4771.000603 , -2179.514442, 0.024096,0.044283
133 , Q ,0.909881 , 0.609685, 0.003923,0.000484
133 , F ,-5428.790441 , -3279.469653, 0.040936,0.039376
133 , Y ,-10652.639852 , -7061.081382, 0.112224,0.041946
133 , C ,-4875.035613 , -2759.035389, 0.053333,0.038064
133 , N ,-8014.258924 , -4934.824506, 0.074661,0.052061
133 , K ,1.015624 , 0.852989, 0.004600,0.000140
133 , D ,-8677.964549 , -5813.308943, 0.097378,0.037759
134 , E ,0.890229 , 0.807857, 0.008726,0.000481
134 , H ,-6110.349202 , -3558.886402, 0.039735,0.040633
134 , Q ,0.925757 , 0.616106, 0.003623,0.000377
134 , F ,-4273.642791 , -2421.672779, 0.045977,0.038625
134 , Y ,-10291.521415 , -6891.138428, 0.126679,0.039925
134 , C ,-4474.529747 , -2330.251662, 0.059091,0.037955
134 , N ,-8524.921512 , -5386.766841, 0.069663,0.052481
134 , K ,0.944296 , 0.799658, 0.006055,0.000266
134 , D ,-8398.605105 , -5468.311804, 0.081560,0.039332
135 , E ,0.859238 , 0.800409, 0.010282,0.000468
135 , H ,-5066.436148 , -2423.853519, 0.026030,0.043434
135 , Q ,0.953271 , 0.604507, 0.002860,0.000257
135 , F ,-4383.756256 , -2862.324768, 0.035144,0.038159
135 , Y ,-10025.546778 , -6734.755878, 0.127168,0.039126
135 , C ,-5661.740919 , -3661.627195, 0.071269,0.045343
135 , N ,-8333.709540 , -5151.293178, 0.062084,0.053583
135 , K ,1.161985 , 0.957266, 0.002505,0.000406
135 , D ,-7275.271801 , -4196.453161, 0.074205,0.041004
136 , E ,0.908856 , 0.864553, 0.009216,0.000675
136 , H ,-5409.533616 , -2957.498565, 0.035800,0.041590
136 , Q ,1.009202 , 0.715927, 0.003007,0.000293
136 , F ,-5876.100461 , -4475.478780, 0.031034,0.036811
136 , Y ,-9952.659373 , -6496.663155, 0.110390,0.040827
136 , C ,-4355.502657 , -2002.897312, 0.076063,0.038404
136 , N ,-7896.113610 , -4896.662081, 0.095794,0.049583
136 , K ,0.990068 , 0.853987, 0.005316,0.000287
136 , D ,-8030.508989 , -5402.658254, 0.091954,0.046619
137 , E ,0.844365 , 0.767235, 0.010401,0.001867
137 , H ,-4892.440016 , -2436.178237, 0.025707,0.053841
137 , Q ,1.029533 , 0.740128, 0.002881,0.000991
137 , F ,-6147.101428 , -4156.534461, 0.032727,0.039088
137 , Y ,-9523.316768 , -6300.425655, 0.114286,0.039424
137 , C ,-4271.816989 , -1710.687389, 0.056701,0.041139
137 , N ,-6798.752237 , -3655.724109, 0.056555,0.055020
137 , K ,1.110804 , 0.962374, 0.003520,0.000309
137 , D ,-7628.346610 , -5048.479460, 0.082949,0.047023
138 , E ,0.782169 , 0.446979, 0.004757,0.000139
138 , H ,-3028.301009 , -2246.624283, 0.024482,0.037433
138 , Q ,0.772214 , 0.514364, 0.006816,0.000304
138 , F ,0.693562 , 0.364525, 0.006283,0.000123
138 , Y ,-5270.239599 , -3382.312991, 0.070866,0.035527
138 , C ,-7372.786901 , -5772.777439, 0.033663,0.037158
138 , N ,0.604444 , 0.591657, 0.025148,0.000172
138 , K ,0.641151 , 0.467696, 0.013699,0.000502
138 , D ,0.723158 , 0.675232, 0.016123,0.000415
139 , E ,0.875035 , 0.639534, 0.005430,0.001041
139 , H ,-4101.747461 , -3056.144594, 0.034433,0.035956
139 , Q ,0.832799 , 0.632152, 0.006986,0.000299
139 , F ,0.731743 , 0.457961, 0.007102,0.000485
139 , Y ,-4815.010704 , -3706.169484, 0.071556,0.032931
139 , C ,-3776.349998 , -2921.804117, 0.029070,0.035964
139 , N ,0.612918 , 0.571316, 0.022522,0.000382
139 , K ,0.639140 , 0.558649, 0.018609,0.000333
139 , D ,-5227.203675 , -4664.404318, 0.029963,0.034275
140 , E ,0.631939 , 0.319369, 0.007939,0.000235
140 , H ,-4285.040122 , -3145.415024, 0.036313,0.036360
140 , Q ,0.676285 , 0.456739, 0.010305,0.000907
140 , F ,0.799757 , 0.556790, 0.006667,0.000559
140 , Y ,-6882.859546 , -5266.592386, 0.135642,0.029797
140 , C ,-2876.096505 , -1777.412696, 0.027221,0.038076
140 , N ,-3714.494286 , -3657.196852, 0.076636,0.031648
140 , K ,0.812296 , 0.625802, 0.007845,0.000329
140 , D ,-5614.097092 , -4907.544211, 0.026923,0.032760
141 , E ,0.395837 , 0.127009, 0.017637,0.001306
141 , H ,-3112.064714 , -2641.292121, 0.052632,0.033746
141 , Q ,0.509313 , 0.288580, 0.016263,0.001277
141 , F ,0.713089 , 0.458805, 0.008162,0.000257
141 , Y ,-7055.520005 , -5194.021936, 0.115512,0.031310
141 , C ,-5311.547829 , -4506.977240, 0.033613,0.034021
141 , N ,-5400.605996 , -4926.639766, 0.065440,0.031018
141 , K ,0.853064 , 0.617593, 0.005819,0.000279
141 , D ,-6683.250892 , -5601.359369, 0.052000,0.034058
142 , E ,0.714285 , 0.180240, 0.002062,0.003491
142 , H ,-4866.441188 , -2978.434088, 0.094431,0.034116
142 , Q ,0.719678 , 0.315485, 0.004107,0.000021
142 , F ,0.672438 , 0.391198, 0.008108,0.000166
142 , Y ,-9545.066060 , -6638.692903, 0.152225,0.034165
142 , C ,-4695.184275 , -3473.093856, 0.097614,0.031506
142 , N ,-6776.260551 , -5442.222929, 0.076503,0.041028
142 , K ,0.764706 , 0.356916, 0.003610,0.000598
142 , D ,-5639.895239 , -3802.286428, 0.068783,0.034971
143 , E ,1.044630 , 0.182279, 0.000161,0.000016
143 , H ,-10764.498812 , -7748.449895, 0.150043,0.045614
143 , Q ,0.966538 , 0.202184, 0.000338,0.000037
143 , F ,-14970.348474 , -11580.124412, 0.155533,0.071628
143 , Y ,-8910.968609 , -5779.708303, 0.117694,0.038553
143 , C ,-7830.519974 , -4851.096412, 0.098202,0.048667
143 , N ,-10887.722163 , -7490.590834, 0.149691,0.038615
143 , K ,0.993745 , 0.217869, 0.000302,0.000053
143 , D ,-11328.227081 , -8043.501739, 0.135283,0.049597
