aa,L,Pi,DegPi,Pmax,DegPmax,Freq,GeneId,Codon1
E,1,8.768769e-01,1,8.768769e-01,1,6,1,0
E,1,8.768769e-01,1,8.768769e-01,1,6,23,0
E,1,8.768769e-01,1,8.768769e-01,1,6,32,0
E,1,8.768769e-01,1,8.768769e-01,1,6,38,0
E,1,8.768769e-01,1,8.768769e-01,1,6,49,0
E,1,1.231231e-01,1,8.768769e-01,1,1,80,0
E,1,8.768769e-01,1,8.768769e-01,1,6,137,0
E,2,7.689131e-01,1,7.689131e-01,1,8,17,0
E,2,7.689131e-01,1,7.689131e-01,1,8,27,0
E,2,7.689131e-01,1,7.689131e-01,1,8,42,0
E,2,7.689131e-01,1,7.689131e-01,1,8,44,0
E,2,2.159276e-01,1,7.689131e-01,1,2,45,0
E,2,7.689131e-01,1,7.689131e-01,1,8,46,0
E,2,1.515930e-02,1,7.689131e-01,1,1,53,0
E,2,7.689131e-01,1,7.689131e-01,1,8,59,0
E,2,7.689131e-01,1,7.689131e-01,1,8,77,0
E,2,7.689131e-01,1,7.689131e-01,1,8,102,0
E,2,2.159276e-01,1,7.689131e-01,1,2,140,0
E,3,6.742421e-01,1,6.742421e-01,1,2,24,0
E,3,2.840129e-01,1,6.742421e-01,1,1,55,0
E,3,6.742421e-01,1,6.742421e-01,1,2,124,0
E,4,3.320592e-01,1,5.912273e-01,1,4,16,1
E,4,3.320592e-01,1,5.912273e-01,1,4,30,1
E,4,5.912273e-01,1,5.912273e-01,1,8,54,1
E,4,5.912273e-01,1,5.912273e-01,1,8,66,1
E,4,6.993712e-02,1,5.912273e-01,1,1,84,1
E,4,5.912273e-01,1,5.912273e-01,1,8,92,1
E,4,5.912273e-01,1,5.912273e-01,1,8,100,1
E,4,3.320592e-01,1,5.912273e-01,1,4,107,1
E,4,5.912273e-01,1,5.912273e-01,1,8,109,1
E,4,3.320592e-01,1,5.912273e-01,1,4,110,1
E,4,5.912273e-01,1,5.912273e-01,1,8,114,1
E,4,5.912273e-01,1,5.912273e-01,1,8,122,1
E,4,5.912273e-01,1,5.912273e-01,1,8,133,1
E,5,3.639688e-01,1,5.184335e-01,1,6,4,1
E,5,3.639688e-01,1,5.184335e-01,1,6,35,1
E,5,5.184335e-01,1,5.184335e-01,1,5,56,1
E,5,3.639688e-01,1,5.184335e-01,1,6,88,1
E,5,5.184335e-01,1,5.184335e-01,1,5,91,1
E,5,5.184335e-01,1,5.184335e-01,1,5,94,1
E,5,3.639688e-01,1,5.184335e-01,1,6,98,1
E,5,1.022104e-01,1,5.184335e-01,1,1,104,1
E,5,3.639688e-01,1,5.184335e-01,1,6,108,1
E,5,5.184335e-01,1,5.184335e-01,1,5,119,1
E,5,5.184335e-01,1,5.184335e-01,1,5,123,1
E,5,3.639688e-01,1,5.184335e-01,1,6,129,1
E,6,4.546024e-01,1,4.546024e-01,1,5,15,0
E,6,4.546024e-01,1,4.546024e-01,1,5,36,0
E,6,4.546024e-01,1,4.546024e-01,1,5,50,0
E,6,4.546024e-01,1,4.546024e-01,1,5,71,0
E,6,1.344389e-01,1,4.546024e-01,1,1,72,0
E,6,3.829869e-01,1,4.546024e-01,1,1,115,0
E,6,4.546024e-01,1,4.546024e-01,1,5,121,0
E,7,1.650409e-01,1,3.986303e-01,1,1,8,2
E,7,3.986303e-01,1,3.986303e-01,1,2,103,2
E,7,3.918045e-01,1,3.986303e-01,1,1,106,2
E,7,3.986303e-01,1,3.986303e-01,1,2,127,2
E,8,3.926449e-01,1,3.926449e-01,1,2,51,1
E,8,1.929608e-01,1,3.926449e-01,1,2,95,1
E,8,1.929608e-01,1,3.926449e-01,1,2,112,1
E,8,3.926449e-01,1,3.926449e-01,1,2,125,1
E,9,3.873389e-01,1,3.873389e-01,1,5,29,1
E,9,3.873389e-01,1,3.873389e-01,1,5,57,1
E,9,3.873389e-01,1,3.873389e-01,1,5,61,1
E,9,3.065121e-01,1,3.873389e-01,1,1,79,1
E,9,3.873389e-01,1,3.873389e-01,1,5,118,1
E,9,3.873389e-01,1,3.873389e-01,1,5,138,1
E,10,2.687733e-01,1,3.773872e-01,1,2,2,0
E,10,8.928334e-02,1,3.773872e-01,1,1,37,0
E,10,2.687733e-01,1,3.773872e-01,1,2,113,0
E,11,3.640143e-01,1,3.640143e-01,1,1,11,1
E,11,2.356811e-01,1,3.640143e-01,1,1,116,1
E,12,3.482135e-01,1,3.482135e-01,1,2,20,1
E,12,2.066633e-01,1,3.482135e-01,1,1,21,1
E,12,2.689115e-01,1,3.482135e-01,1,2,65,1
E,12,1.258604e-01,1,3.482135e-01,1,1,69,1
E,12,2.689115e-01,1,3.482135e-01,1,2,93,1
E,12,3.482135e-01,1,3.482135e-01,1,2,101,1
E,13,2.786754e-01,1,3.307854e-01,1,1,9,2
E,13,1.812183e-01,1,3.307854e-01,1,1,96,2
E,14,2.850914e-01,1,3.123703e-01,1,3,83,2
E,14,1.736240e-02,1,3.123703e-01,1,1,99,2
E,14,2.850914e-01,1,3.123703e-01,1,3,105,2
E,14,2.850914e-01,1,3.123703e-01,1,3,134,2
E,15,2.884500e-01,1,2.934753e-01,1,1,68,2
E,16,2.890687e-01,1,2.890687e-01,1,2,18,2
E,16,2.890687e-01,1,2.890687e-01,1,2,39,2
E,16,1.221850e-01,1,2.890687e-01,1,1,67,2
E,16,2.744978e-01,1,2.890687e-01,1,1,111,2
E,17,2.872747e-01,1,2.872747e-01,1,1,75,2
E,17,2.016826e-01,1,2.872747e-01,1,1,86,2
E,17,2.557446e-01,1,2.872747e-01,1,2,131,2
E,17,2.557446e-01,1,2.872747e-01,1,2,142,2
E,18,2.374481e-01,1,2.833926e-01,1,1,10,1
E,18,4.393186e-02,1,2.833926e-01,1,1,22,1
E,18,2.833926e-01,1,2.833926e-01,1,1,85,1
E,18,2.122210e-01,1,2.833926e-01,1,1,132,1
E,19,1.241142e-01,1,2.777358e-01,1,1,25,4
E,19,2.777358e-01,1,2.777358e-01,1,1,64,4
E,20,1.360411e-01,1,2.706001e-01,1,1,26,4
E,20,2.028632e-01,1,2.706001e-01,1,1,40,4
E,21,6.334480e-02,1,2.622601e-01,1,1,34,0
E,21,2.332199e-01,1,2.622601e-01,1,1,74,0
E,21,1.867804e-01,1,2.622601e-01,1,1,78,0
E,21,1.473598e-01,1,2.622601e-01,1,1,139,0
E,24,2.324010e-01,1,2.392987e-01,1,1,52,2
E,24,9.907445e-02,1,2.392987e-01,1,1,73,2
E,25,2.215076e-01,1,2.384494e-01,1,1,120,2
E,27,2.331694e-01,1,2.331694e-01,1,1,62,3
E,28,7.290026e-02,1,2.289962e-01,1,1,70,6
E,30,8.834592e-02,1,2.182165e-01,1,1,60,6
E,31,2.082231e-01,1,2.118507e-01,1,1,6,4
E,34,1.901549e-01,1,2.069237e-01,1,1,126,3
E,38,1.859200e-01,1,1.947225e-01,1,1,63,5
E,39,1.870038e-01,1,1.902617e-01,1,1,19,5
E,40,1.874049e-01,1,1.874049e-01,1,1,7,5
E,42,1.745712e-01,1,1.862889e-01,1,1,87,4
E,42,1.862889e-01,1,1.862889e-01,1,1,130,4
E,46,1.504737e-01,1,1.774765e-01,1,1,13,4
E,47,1.741519e-01,1,1.741519e-01,1,1,90,5
E,49,6.971048e-02,1,1.714052e-01,1,1,3,9
E,58,1.520676e-01,1,1.586145e-01,1,1,97,6
E,65,1.325311e-01,1,1.490337e-01,1,1,81,9
E,65,4.622653e-02,1,1.490337e-01,1,1,136,9
E,84,3.876469e-02,1,1.324111e-01,1,1,14,15
E,85,1.233122e-01,1,1.315893e-01,1,1,12,9
E,91,1.189128e-01,1,1.270337e-01,1,1,89,12
E,91,8.240892e-02,1,1.270337e-01,1,1,128,12
H,1,7.848101e-01,1,7.848101e-01,1,21,8,1
H,1,7.848101e-01,1,7.848101e-01,1,21,17,1
H,1,7.848101e-01,1,7.848101e-01,1,21,20,1
H,1,7.848101e-01,1,7.848101e-01,1,21,30,1
H,1,7.848101e-01,1,7.848101e-01,1,21,31,1
H,1,2.151899e-01,1,7.848101e-01,1,6,35,1
H,1,7.848101e-01,1,7.848101e-01,1,21,37,1
H,1,7.848101e-01,1,7.848101e-01,1,21,50,1
H,1,7.848101e-01,1,7.848101e-01,1,21,54,1
H,1,7.848101e-01,1,7.848101e-01,1,21,59,1
H,1,7.848101e-01,1,7.848101e-01,1,21,61,1
H,1,2.151899e-01,1,7.848101e-01,1,6,68,1
H,1,7.848101e-01,1,7.848101e-01,1,21,70,1
H,1,7.848101e-01,1,7.848101e-01,1,21,72,1
H,1,2.151899e-01,1,7.848101e-01,1,6,82,1
H,1,7.848101e-01,1,7.848101e-01,1,21,84,1
H,1,2.151899e-01,1,7.848101e-01,1,6,87,1
H,1,7.848101e-01,1,7.848101e-01,1,21,94,1
H,1,7.848101e-01,1,7.848101e-01,1,21,95,1
H,1,2.151899e-01,1,7.848101e-01,1,6,99,1
H,1,7.848101e-01,1,7.848101e-01,1,21,106,1
H,1,7.848101e-01,1,7.848101e-01,1,21,107,1
H,1,7.848101e-01,1,7.848101e-01,1,21,112,1
H,1,7.848101e-01,1,7.848101e-01,1,21,114,1
H,1,2.151899e-01,1,7.848101e-01,1,6,130,1
H,1,7.848101e-01,1,7.848101e-01,1,21,133,1
H,1,7.848101e-01,1,7.848101e-01,1,21,135,1
H,2,3.377664e-01,1,6.159269e-01,1,6,2,1
H,2,3.377664e-01,1,6.159269e-01,1,6,15,1
H,2,6.159269e-01,1,6.159269e-01,1,21,16,1
H,2,6.159269e-01,1,6.159269e-01,1,21,18,1
H,2,6.159269e-01,1,6.159269e-01,1,21,21,1
H,2,6.159269e-01,1,6.159269e-01,1,21,22,1
H,2,6.159269e-01,1,6.159269e-01,1,21,24,1
H,2,6.159269e-01,1,6.159269e-01,1,21,27,1
H,2,6.159269e-01,1,6.159269e-01,1,21,58,1
H,2,6.159269e-01,1,6.159269e-01,1,21,67,1
H,2,3.377664e-01,1,6.159269e-01,1,6,69,1
H,2,6.159269e-01,1,6.159269e-01,1,21,79,1
H,2,6.159269e-01,1,6.159269e-01,1,21,80,1
H,2,6.159269e-01,1,6.159269e-01,1,21,90,1
H,2,6.159269e-01,1,6.159269e-01,1,21,97,1
H,2,4.630668e-02,1,6.159269e-01,1,1,100,1
H,2,6.159269e-01,1,6.159269e-01,1,21,103,1
H,2,6.159269e-01,1,6.159269e-01,1,21,108,1
H,2,6.159269e-01,1,6.159269e-01,1,21,113,1
H,2,6.159269e-01,1,6.159269e-01,1,21,115,1
H,2,6.159269e-01,1,6.159269e-01,1,21,117,1
H,2,6.159269e-01,1,6.159269e-01,1,21,119,1
H,2,3.377664e-01,1,6.159269e-01,1,6,120,1
H,2,3.377664e-01,1,6.159269e-01,1,6,123,1
H,2,6.159269e-01,1,6.159269e-01,1,21,125,1
H,2,6.159269e-01,1,6.159269e-01,1,21,127,1
H,2,6.159269e-01,1,6.159269e-01,1,21,137,1
H,2,3.377664e-01,1,6.159269e-01,1,6,138,1
H,3,4.833857e-01,1,4.833857e-01,1,7,7,3
H,3,4.833857e-01,1,4.833857e-01,1,7,51,3
H,3,3.976237e-01,1,4.833857e-01,1,9,57,3
H,3,4.833857e-01,1,4.833857e-01,1,7,65,3
H,3,3.976237e-01,1,4.833857e-01,1,9,71,3
H,3,3.976237e-01,1,4.833857e-01,1,9,83,3
H,3,4.833857e-01,1,4.833857e-01,1,7,88,3
H,3,3.976237e-01,1,4.833857e-01,1,9,96,3
H,3,3.976237e-01,1,4.833857e-01,1,9,98,3
H,3,3.976237e-01,1,4.833857e-01,1,9,104,3
H,3,4.833857e-01,1,4.833857e-01,1,7,110,3
H,3,3.976237e-01,1,4.833857e-01,1,9,116,3
H,3,3.976237e-01,1,4.833857e-01,1,9,118,3
H,3,4.833857e-01,1,4.833857e-01,1,7,124,3
H,3,4.833857e-01,1,4.833857e-01,1,7,129,3
H,3,3.976237e-01,1,4.833857e-01,1,9,134,3
H,4,1.711292e-01,1,4.160788e-01,1,3,3,2
H,4,4.160788e-01,1,4.160788e-01,1,7,4,2
H,4,4.160788e-01,1,4.160788e-01,1,7,19,2
H,4,3.793660e-01,1,4.160788e-01,1,1,26,2
H,4,1.711292e-01,1,4.160788e-01,1,3,63,2
H,4,4.160788e-01,1,4.160788e-01,1,7,78,2
H,4,4.160788e-01,1,4.160788e-01,1,7,86,2
H,4,4.160788e-01,1,4.160788e-01,1,7,102,2
H,4,1.711292e-01,1,4.160788e-01,1,3,111,2
H,4,4.160788e-01,1,4.160788e-01,1,7,131,2
H,4,4.160788e-01,1,4.160788e-01,1,7,139,2
H,5,4.081786e-01,1,4.081786e-01,1,2,9,4
H,5,2.238399e-01,1,4.081786e-01,1,3,11,4
H,5,4.081786e-01,1,4.081786e-01,1,2,36,4
H,5,2.977303e-01,1,4.081786e-01,1,2,64,4
H,5,2.238399e-01,1,4.081786e-01,1,3,93,4
H,5,2.977303e-01,1,4.081786e-01,1,2,105,4
H,5,2.238399e-01,1,4.081786e-01,1,3,121,4
H,6,2.336617e-01,1,3.844112e-01,1,1,6,6
H,7,3.519715e-01,1,3.519715e-01,1,2,75,6
H,7,3.519715e-01,1,3.519715e-01,1,2,142,6
H,8,3.029628e-01,1,3.156923e-01,1,2,39,6
H,8,3.029628e-01,1,3.156923e-01,1,2,101,6
H,9,8.044163e-02,1,3.057020e-01,1,1,81,5
H,9,3.057020e-01,1,3.057020e-01,1,1,136,5
H,10,2.192800e-01,1,2.998976e-01,1,1,62,7
H,10,2.998976e-01,1,2.998976e-01,1,2,85,7
H,10,2.998976e-01,1,2.998976e-01,1,2,132,7
H,11,2.876655e-01,1,2.876655e-01,1,1,34,9
H,11,2.366280e-01,1,2.876655e-01,1,1,126,9
H,12,2.476108e-01,1,2.709153e-01,1,1,60,9
H,14,2.523350e-01,1,2.523350e-01,1,1,40,11
H,14,2.300701e-01,1,2.523350e-01,1,1,52,11
H,16,2.391076e-01,1,2.391076e-01,1,1,13,13
H,21,1.944849e-01,1,2.086170e-01,1,1,14,16
H,23,5.950013e-02,1,1.980816e-01,1,1,12,15
H,28,1.122955e-01,1,1.810481e-01,1,1,89,20
H,28,6.212692e-03,1,1.810481e-01,1,1,128,20
H,40,1.007106e-01,1,1.517031e-01,1,1,73,34
H,41,1.304863e-01,1,1.487160e-01,1,1,74,31
Q,1,9.269841e-01,1,9.269841e-01,1,13,1,0
Q,1,9.269841e-01,1,9.269841e-01,1,13,15,0
Q,1,9.269841e-01,1,9.269841e-01,1,13,20,0
Q,1,9.269841e-01,1,9.269841e-01,1,13,32,0
Q,1,9.269841e-01,1,9.269841e-01,1,13,42,0
Q,1,9.269841e-01,1,9.269841e-01,1,13,43,0
Q,1,9.269841e-01,1,9.269841e-01,1,13,44,0
Q,1,9.269841e-01,1,9.269841e-01,1,13,50,0
Q,1,9.269841e-01,1,9.269841e-01,1,13,55,0
Q,1,9.269841e-01,1,9.269841e-01,1,13,56,0
Q,1,9.269841e-01,1,9.269841e-01,1,13,82,0
Q,1,9.269841e-01,1,9.269841e-01,1,13,92,0
Q,1,9.269841e-01,1,9.269841e-01,1,13,109,0
Q,1,7.301587e-02,1,9.269841e-01,1,1,135,0
Q,2,8.592996e-01,1,8.592996e-01,1,17,5,0
Q,2,1.353691e-01,1,8.592996e-01,1,4,16,0
Q,2,8.592996e-01,1,8.592996e-01,1,17,35,0
Q,2,1.353691e-01,1,8.592996e-01,1,4,41,0
Q,2,1.353691e-01,1,8.592996e-01,1,4,45,0
Q,2,8.592996e-01,1,8.592996e-01,1,17,46,0
Q,2,8.592996e-01,1,8.592996e-01,1,17,51,0
Q,2,1.353691e-01,1,8.592996e-01,1,4,58,0
Q,2,8.592996e-01,1,8.592996e-01,1,17,77,0
Q,2,8.592996e-01,1,8.592996e-01,1,17,80,0
Q,2,8.592996e-01,1,8.592996e-01,1,17,84,0
Q,2,8.592996e-01,1,8.592996e-01,1,17,95,0
Q,2,8.592996e-01,1,8.592996e-01,1,17,100,0
Q,2,8.592996e-01,1,8.592996e-01,1,17,102,0
Q,2,8.592996e-01,1,8.592996e-01,1,17,110,0
Q,2,8.592996e-01,1,8.592996e-01,1,17,117,0
Q,2,8.592996e-01,1,8.592996e-01,1,17,118,0
Q,2,8.592996e-01,1,8.592996e-01,1,17,127,0
Q,2,8.592996e-01,1,8.592996e-01,1,17,133,0
Q,2,8.592996e-01,1,8.592996e-01,1,17,137,0
Q,2,8.592996e-01,1,8.592996e-01,1,17,140,0
Q,3,7.965571e-01,1,7.965571e-01,1,16,4,0
Q,3,7.965571e-01,1,7.965571e-01,1,16,8,0
Q,3,7.965571e-01,1,7.965571e-01,1,16,10,0
Q,3,7.965571e-01,1,7.965571e-01,1,16,27,0
Q,3,7.965571e-01,1,7.965571e-01,1,16,31,0
Q,3,7.965571e-01,1,7.965571e-01,1,16,38,0
Q,3,7.965571e-01,1,7.965571e-01,1,16,66,0
Q,3,7.965571e-01,1,7.965571e-01,1,16,76,0
Q,3,7.965571e-01,1,7.965571e-01,1,16,91,0
Q,3,7.965571e-01,1,7.965571e-01,1,16,94,0
Q,3,7.965571e-01,1,7.965571e-01,1,16,103,0
Q,3,7.965571e-01,1,7.965571e-01,1,16,106,0
Q,3,7.965571e-01,1,7.965571e-01,1,16,107,0
Q,3,7.965571e-01,1,7.965571e-01,1,16,108,0
Q,3,7.965571e-01,1,7.965571e-01,1,16,121,0
Q,3,7.965571e-01,1,7.965571e-01,1,16,141,0
Q,4,2.326452e-01,1,7.383958e-01,1,3,30,1
Q,4,7.383958e-01,1,7.383958e-01,1,6,37,1
Q,4,2.326452e-01,1,7.383958e-01,1,3,72,1
Q,4,7.383958e-01,1,7.383958e-01,1,6,101,1
Q,4,7.383958e-01,1,7.383958e-01,1,6,112,1
Q,4,7.383958e-01,1,7.383958e-01,1,6,114,1
Q,4,7.383958e-01,1,7.383958e-01,1,6,119,1
Q,4,7.383958e-01,1,7.383958e-01,1,6,123,1
Q,4,2.326452e-01,1,7.383958e-01,1,3,125,1
Q,5,4.246699e-02,1,6.844811e-01,1,1,24,2
Q,5,6.844811e-01,1,6.844811e-01,1,6,65,2
Q,5,6.844811e-01,1,6.844811e-01,1,6,79,2
Q,5,6.844811e-01,1,6.844811e-01,1,6,104,2
Q,5,6.844811e-01,1,6.844811e-01,1,6,115,2
Q,5,6.844811e-01,1,6.844811e-01,1,6,122,2
Q,5,6.844811e-01,1,6.844811e-01,1,6,138,2
Q,6,6.345032e-01,1,6.345032e-01,1,4,36,0
Q,6,5.904934e-02,1,6.345032e-01,1,1,61,0
Q,6,6.345032e-01,1,6.345032e-01,1,4,64,0
Q,6,6.345032e-01,1,6.345032e-01,1,4,71,0
Q,6,6.345032e-01,1,6.345032e-01,1,4,124,0
Q,7,3.243016e-01,1,5.881744e-01,1,5,2,1
Q,7,3.243016e-01,1,5.881744e-01,1,5,17,1
Q,7,3.243016e-01,1,5.881744e-01,1,5,69,1
Q,7,5.881744e-01,1,5.881744e-01,1,1,83,1
Q,7,3.243016e-01,1,5.881744e-01,1,5,85,1
Q,7,7.663292e-02,1,5.881744e-01,1,1,132,1
Q,7,3.243016e-01,1,5.881744e-01,1,5,134,1
Q,8,5.452283e-01,1,5.452283e-01,1,5,29,0
Q,8,3.435685e-01,1,5.452283e-01,1,4,40,0
Q,8,5.452283e-01,1,5.452283e-01,1,5,59,0
Q,8,3.435685e-01,1,5.452283e-01,1,4,67,0
Q,8,3.435685e-01,1,5.452283e-01,1,4,75,0
Q,8,3.435685e-01,1,5.452283e-01,1,4,93,0
Q,8,5.452283e-01,1,5.452283e-01,1,5,96,0
Q,8,5.452283e-01,1,5.452283e-01,1,5,99,0
Q,8,5.452283e-01,1,5.452283e-01,1,5,142,0
Q,9,5.054180e-01,1,5.054180e-01,1,5,18,0
Q,9,5.054180e-01,1,5.054180e-01,1,5,21,0
Q,9,5.054180e-01,1,5.054180e-01,1,5,88,0
Q,9,5.054180e-01,1,5.054180e-01,1,5,111,0
Q,9,3.582929e-01,1,5.054180e-01,1,1,113,0
Q,9,5.054180e-01,1,5.054180e-01,1,5,129,0
Q,10,3.690353e-01,1,4.685144e-01,1,2,11,1
Q,10,4.685144e-01,1,4.685144e-01,1,2,34,1
Q,10,3.690353e-01,1,4.685144e-01,1,2,57,1
Q,10,4.685144e-01,1,4.685144e-01,1,2,68,1
Q,11,4.343054e-01,1,4.343054e-01,1,1,9,0
Q,11,3.762989e-01,1,4.343054e-01,1,1,105,0
Q,12,1.648548e-01,1,4.025943e-01,1,1,6,2
Q,12,3.805343e-01,1,4.025943e-01,1,2,39,2
Q,12,4.025943e-01,1,4.025943e-01,1,3,78,2
Q,12,4.025943e-01,1,4.025943e-01,1,3,98,2
Q,12,4.025943e-01,1,4.025943e-01,1,3,126,2
Q,12,3.805343e-01,1,4.025943e-01,1,2,139,2
Q,13,3.821450e-01,1,3.821450e-01,1,2,26,1
Q,13,3.821450e-01,1,3.821450e-01,1,2,116,1
Q,14,1.953186e-01,1,3.814918e-01,1,2,52,2
Q,14,1.953186e-01,1,3.814918e-01,1,2,120,2
Q,15,3.206893e-01,1,3.788966e-01,1,1,62,0
Q,16,3.746465e-01,1,3.746465e-01,1,1,19,1
Q,17,2.325187e-01,1,3.689971e-01,1,1,25,2
Q,18,2.554473e-01,1,3.621753e-01,1,1,73,0
Q,19,8.348407e-03,1,3.543825e-01,1,1,60,5
Q,20,2.587555e-01,1,3.457968e-01,1,2,7,2
Q,20,2.587555e-01,1,3.457968e-01,1,2,90,2
Q,21,1.322528e-01,1,3.365755e-01,1,1,22,3
Q,22,1.419535e-01,1,3.268573e-01,1,1,63,3
Q,24,2.775455e-01,1,3.064018e-01,1,1,87,2
Q,24,3.064018e-01,1,3.064018e-01,1,1,130,2
Q,26,1.769653e-01,1,2.852319e-01,1,1,86,3
Q,26,2.808362e-01,1,2.852319e-01,1,1,89,3
Q,26,1.392771e-01,1,2.852319e-01,1,1,128,3
Q,26,2.852319e-01,1,2.852319e-01,1,1,131,3
Q,27,2.811571e-01,1,2.811571e-01,1,1,97,2
Q,29,3.994601e-02,1,2.794555e-01,1,1,3,5
Q,29,2.794555e-01,1,2.794555e-01,1,1,13,5
Q,29,1.014281e-01,1,2.794555e-01,1,1,74,5
Q,32,2.719476e-01,1,2.719476e-01,1,1,70,2
Q,46,1.963161e-01,1,2.267944e-01,1,2,81,2
Q,46,1.963161e-01,1,2.267944e-01,1,2,136,2
Q,60,1.985238e-01,1,1.985238e-01,1,1,14,4
Q,74,8.170820e-02,1,1.787052e-01,1,1,12,8
F,1,2.450980e-01,1,7.549020e-01,1,4,5,0
F,1,7.549020e-01,1,7.549020e-01,1,8,49,0
F,1,2.450980e-01,1,7.549020e-01,1,4,58,0
F,1,7.549020e-01,1,7.549020e-01,1,8,76,0
F,1,7.549020e-01,1,7.549020e-01,1,8,77,0
F,1,7.549020e-01,1,7.549020e-01,1,8,82,0
F,1,7.549020e-01,1,7.549020e-01,1,8,84,0
F,1,2.450980e-01,1,7.549020e-01,1,4,124,0
F,1,7.549020e-01,1,7.549020e-01,1,8,133,0
F,1,7.549020e-01,1,7.549020e-01,1,8,135,0
F,1,2.450980e-01,1,7.549020e-01,1,4,140,0
F,1,7.549020e-01,1,7.549020e-01,1,8,141,0
F,2,5.698770e-01,1,5.698770e-01,1,4,8,2
F,2,5.698770e-01,1,5.698770e-01,1,4,10,2
F,2,5.698770e-01,1,5.698770e-01,1,4,17,2
F,2,6.007305e-02,1,5.698770e-01,1,2,24,2
F,2,3.700500e-01,1,5.698770e-01,1,5,33,2
F,2,3.700500e-01,1,5.698770e-01,1,5,42,2
F,2,3.700500e-01,1,5.698770e-01,1,5,55,2
F,2,3.700500e-01,1,5.698770e-01,1,5,67,2
F,2,6.007305e-02,1,5.698770e-01,1,2,94,2
F,2,3.700500e-01,1,5.698770e-01,1,5,112,2
F,2,5.698770e-01,1,5.698770e-01,1,4,118,2
F,3,1.360478e-01,1,4.302012e-01,1,3,4,1
F,3,1.360478e-01,1,4.302012e-01,1,3,15,1
F,3,4.190272e-01,1,4.302012e-01,1,8,47,1
F,3,4.190272e-01,1,4.302012e-01,1,8,54,1
F,3,4.190272e-01,1,4.302012e-01,1,8,56,1
F,3,1.360478e-01,1,4.302012e-01,1,3,59,1
F,3,4.302012e-01,1,4.302012e-01,1,4,66,1
F,3,4.302012e-01,1,4.302012e-01,1,4,79,1
F,3,4.190272e-01,1,4.302012e-01,1,8,100,1
F,3,4.190272e-01,1,4.302012e-01,1,8,104,1
F,3,4.302012e-01,1,4.302012e-01,1,4,109,1
F,3,4.302012e-01,1,4.302012e-01,1,4,115,1
F,3,4.190272e-01,1,4.302012e-01,1,8,119,1
F,3,4.190272e-01,1,4.302012e-01,1,8,123,1
F,3,4.190272e-01,1,4.302012e-01,1,8,138,1
F,4,4.217659e-01,1,4.217659e-01,1,4,28,3
F,4,4.217659e-01,1,4.217659e-01,1,4,32,3
F,4,4.217659e-01,1,4.217659e-01,1,4,45,3
F,4,2.054055e-01,1,4.217659e-01,1,3,72,3
F,4,2.054055e-01,1,4.217659e-01,1,3,107,3
F,4,4.217659e-01,1,4.217659e-01,1,4,110,3
F,4,2.054055e-01,1,4.217659e-01,1,3,114,3
F,4,3.247598e-01,1,4.217659e-01,1,2,121,3
F,4,3.247598e-01,1,4.217659e-01,1,2,127,3
F,5,3.979899e-01,1,3.979899e-01,1,7,18,4
F,5,2.451618e-01,1,3.979899e-01,1,5,23,4
F,5,2.451618e-01,1,3.979899e-01,1,5,31,4
F,5,3.979899e-01,1,3.979899e-01,1,7,43,4
F,5,3.979899e-01,1,3.979899e-01,1,7,46,4
F,5,2.451618e-01,1,3.979899e-01,1,5,53,4
F,5,2.584350e-01,1,3.979899e-01,1,3,71,4
F,5,2.451618e-01,1,3.979899e-01,1,5,80,4
F,5,3.979899e-01,1,3.979899e-01,1,7,93,4
F,5,2.584350e-01,1,3.979899e-01,1,3,101,4
F,5,2.451618e-01,1,3.979899e-01,1,5,102,4
F,5,3.979899e-01,1,3.979899e-01,1,7,106,4
F,5,3.979899e-01,1,3.979899e-01,1,7,113,4
F,5,2.584350e-01,1,3.979899e-01,1,3,122,4
F,5,3.979899e-01,1,3.979899e-01,1,7,137,4
F,6,1.850731e-01,1,3.605320e-01,1,7,1,6
F,6,2.926396e-01,1,3.605320e-01,1,3,2,6
F,6,1.850731e-01,1,3.605320e-01,1,7,11,6
F,6,1.850731e-01,1,3.605320e-01,1,7,30,6
F,6,1.850731e-01,1,3.605320e-01,1,7,44,6
F,6,1.850731e-01,1,3.605320e-01,1,7,51,6
F,6,3.605320e-01,1,3.605320e-01,1,3,88,6
F,6,3.605320e-01,1,3.605320e-01,1,3,90,6
F,6,3.605320e-01,1,3.605320e-01,1,3,92,6
F,6,2.926396e-01,1,3.605320e-01,1,3,98,6
F,6,1.850731e-01,1,3.605320e-01,1,7,99,6
F,6,1.850731e-01,1,3.605320e-01,1,7,125,6
F,6,2.926396e-01,1,3.605320e-01,1,3,129,6
F,7,3.092799e-01,1,3.175274e-01,1,4,37,5
F,7,3.092799e-01,1,3.175274e-01,1,4,38,5
F,7,3.092799e-01,1,3.175274e-01,1,4,48,5
F,7,3.175274e-01,1,3.175274e-01,1,4,50,5
F,7,3.175274e-01,1,3.175274e-01,1,4,61,5
F,7,3.175274e-01,1,3.175274e-01,1,4,68,5
F,7,1.673593e-01,1,3.175274e-01,1,1,91,5
F,7,3.175274e-01,1,3.175274e-01,1,4,96,5
F,7,3.092799e-01,1,3.175274e-01,1,4,105,5
F,8,3.113014e-01,1,3.113014e-01,1,2,26,6
F,8,3.113014e-01,1,3.113014e-01,1,2,95,6
F,9,1.114763e-01,1,3.021454e-01,1,1,69,5
F,10,2.851127e-01,1,2.851127e-01,1,2,9,8
F,10,2.851127e-01,1,2.851127e-01,1,2,29,8
F,11,2.630615e-01,1,2.630615e-01,1,2,6,9
F,11,4.537285e-02,1,2.630615e-01,1,1,57,9
F,11,1.663823e-01,1,2.630615e-01,1,1,64,9
F,11,2.630615e-01,1,2.630615e-01,1,2,103,9
F,13,2.530994e-01,1,2.530994e-01,1,1,27,10
F,13,5.197448e-02,1,2.530994e-01,1,1,70,10
F,13,2.126035e-01,1,2.530994e-01,1,1,126,10
F,14,2.171196e-01,1,2.431739e-01,1,1,111,10
F,15,1.630971e-01,1,2.294656e-01,1,1,35,13
F,15,8.638893e-02,1,2.294656e-01,1,1,60,13
F,15,2.294656e-01,1,2.294656e-01,1,1,78,13
F,15,2.235054e-01,1,2.294656e-01,1,1,120,13
F,15,1.596467e-01,1,2.294656e-01,1,1,139,13
F,16,2.249663e-01,1,2.249663e-01,1,1,36,12
F,18,2.155502e-01,1,2.155502e-01,1,1,19,14
F,18,1.770386e-01,1,2.155502e-01,1,1,97,14
F,19,1.587056e-01,1,2.061111e-01,1,1,22,16
F,19,2.061111e-01,1,2.061111e-01,1,1,62,16
F,20,1.640176e-01,1,2.020697e-01,1,1,83,14
F,20,1.944921e-01,1,2.020697e-01,1,1,134,14
F,21,1.733441e-01,1,2.002125e-01,1,1,25,15
F,21,1.241370e-01,1,2.002125e-01,1,1,87,15
F,21,1.206012e-01,1,2.002125e-01,1,1,130,15
F,23,1.449012e-01,1,1.886693e-01,1,1,63,16
F,24,3.413351e-02,1,1.849699e-01,1,1,65,22
F,24,1.799076e-01,1,1.849699e-01,1,1,116,22
F,25,7.253881e-02,1,1.837292e-01,1,1,7,16
F,26,1.110690e-01,1,1.803068e-01,1,1,21,22
F,27,1.750036e-01,1,1.750036e-01,1,2,3,21
F,27,1.750036e-01,1,1.750036e-01,1,2,13,21
F,28,1.715722e-01,1,1.715722e-01,1,1,85,21
F,28,4.271961e-02,1,1.715722e-01,1,1,132,21
F,29,1.707311e-01,1,1.707311e-01,1,1,40,22
F,29,1.232322e-01,1,1.707311e-01,1,1,75,22
F,29,7.498943e-02,1,1.707311e-01,1,1,142,22
F,32,1.607080e-01,1,1.607080e-01,1,1,86,24
F,32,1.914852e-02,1,1.607080e-01,1,1,131,24
F,34,1.580877e-01,1,1.580877e-01,1,1,89,26
F,34,5.305560e-02,1,1.580877e-01,1,1,128,26
F,36,1.501509e-01,1,1.516676e-01,1,1,39,28
F,37,1.446180e-01,1,1.512959e-01,1,1,34,29
F,41,1.162331e-01,1,1.437638e-01,1,1,52,33
F,43,1.401150e-01,1,1.401150e-01,1,2,81,33
F,43,1.401150e-01,1,1.401150e-01,1,2,136,33
F,49,5.786112e-02,1,1.315405e-01,1,1,74,41
F,51,9.848365e-02,1,1.289830e-01,1,1,73,41
F,68,1.017857e-01,1,1.114131e-01,1,1,12,50
F,72,1.083938e-01,1,1.083938e-01,1,1,14,55
Y,1,7.987643e-01,1,7.987643e-01,1,11,17,1
Y,1,7.987643e-01,1,7.987643e-01,1,11,20,1
Y,1,2.012357e-01,1,7.987643e-01,1,4,23,1
Y,1,7.987643e-01,1,7.987643e-01,1,11,28,1
Y,1,2.012357e-01,1,7.987643e-01,1,4,31,1
Y,1,7.987643e-01,1,7.987643e-01,1,11,38,1
Y,1,7.987643e-01,1,7.987643e-01,1,11,43,1
Y,1,7.987643e-01,1,7.987643e-01,1,11,44,1
Y,1,7.987643e-01,1,7.987643e-01,1,11,45,1
Y,1,2.012357e-01,1,7.987643e-01,1,4,53,1
Y,1,7.987643e-01,1,7.987643e-01,1,11,66,1
Y,1,2.012357e-01,1,7.987643e-01,1,4,68,1
Y,1,7.987643e-01,1,7.987643e-01,1,11,80,1
Y,1,7.987643e-01,1,7.987643e-01,1,11,110,1
Y,1,7.987643e-01,1,7.987643e-01,1,11,137,1
Y,2,4.049579e-02,1,6.380245e-01,1,2,1,0
Y,2,3.214797e-01,1,6.380245e-01,1,5,5,0
Y,2,6.380245e-01,1,6.380245e-01,1,7,16,0
Y,2,3.214797e-01,1,6.380245e-01,1,5,32,0
Y,2,3.214797e-01,1,6.380245e-01,1,5,33,0
Y,2,6.380245e-01,1,6.380245e-01,1,7,48,0
Y,2,6.380245e-01,1,6.380245e-01,1,7,50,0
Y,2,6.380245e-01,1,6.380245e-01,1,7,54,0
Y,2,4.049579e-02,1,6.380245e-01,1,2,55,0
Y,2,6.380245e-01,1,6.380245e-01,1,7,77,0
Y,2,3.214797e-01,1,6.380245e-01,1,5,102,0
Y,2,6.380245e-01,1,6.380245e-01,1,7,118,0
Y,2,6.380245e-01,1,6.380245e-01,1,7,123,0
Y,2,3.214797e-01,1,6.380245e-01,1,5,140,0
Y,3,3.851798e-01,1,5.096312e-01,1,3,4,2
Y,3,3.851798e-01,1,5.096312e-01,1,3,8,2
Y,3,5.096312e-01,1,5.096312e-01,1,6,30,2
Y,3,5.096312e-01,1,5.096312e-01,1,6,58,2
Y,3,9.703978e-02,1,5.096312e-01,1,2,71,2
Y,3,8.149197e-03,1,5.096312e-01,1,1,72,2
Y,3,5.096312e-01,1,5.096312e-01,1,6,84,2
Y,3,3.851798e-01,1,5.096312e-01,1,3,91,2
Y,3,5.096312e-01,1,5.096312e-01,1,6,95,2
Y,3,5.096312e-01,1,5.096312e-01,1,6,108,2
Y,3,5.096312e-01,1,5.096312e-01,1,6,109,2
Y,3,9.703978e-02,1,5.096312e-01,1,2,133,2
Y,4,1.550238e-01,1,4.102239e-01,1,4,6,2
Y,4,4.070752e-01,1,4.102239e-01,1,4,9,2
Y,4,4.102239e-01,1,4.102239e-01,1,6,15,2
Y,4,1.550238e-01,1,4.102239e-01,1,4,27,2
Y,4,4.070752e-01,1,4.102239e-01,1,4,56,2
Y,4,4.070752e-01,1,4.102239e-01,1,4,67,2
Y,4,1.550238e-01,1,4.102239e-01,1,4,92,2
Y,4,4.102239e-01,1,4.102239e-01,1,6,94,2
Y,4,4.102239e-01,1,4.102239e-01,1,6,98,2
Y,4,4.102239e-01,1,4.102239e-01,1,6,99,2
Y,4,4.070752e-01,1,4.102239e-01,1,4,104,2
Y,4,4.102239e-01,1,4.102239e-01,1,6,113,2
Y,4,1.550238e-01,1,4.102239e-01,1,4,114,2
Y,4,4.102239e-01,1,4.102239e-01,1,6,124,2
Y,5,4.095903e-01,1,4.095903e-01,1,9,2,4
Y,5,4.095903e-01,1,4.095903e-01,1,9,24,4
Y,5,4.095903e-01,1,4.095903e-01,1,9,35,4
Y,5,4.095903e-01,1,4.095903e-01,1,9,69,4
Y,5,5.199387e-02,1,4.095903e-01,1,2,78,4
Y,5,5.199387e-02,1,4.095903e-01,1,2,79,4
Y,5,4.095903e-01,1,4.095903e-01,1,9,100,4
Y,5,2.063792e-01,1,4.095903e-01,1,2,105,4
Y,5,4.095903e-01,1,4.095903e-01,1,9,112,4
Y,5,4.095903e-01,1,4.095903e-01,1,9,122,4
Y,5,4.095903e-01,1,4.095903e-01,1,9,125,4
Y,5,4.095903e-01,1,4.095903e-01,1,9,138,4
Y,5,2.063792e-01,1,4.095903e-01,1,2,139,4
Y,6,2.597240e-01,1,3.925993e-01,1,2,11,6
Y,6,3.925993e-01,1,3.925993e-01,1,3,37,6
Y,6,3.925993e-01,1,3.925993e-01,1,3,59,6
Y,6,2.472725e-01,1,3.925993e-01,1,2,96,6
Y,6,3.925993e-01,1,3.925993e-01,1,3,97,6
Y,6,2.472725e-01,1,3.925993e-01,1,2,106,6
Y,6,8.306170e-02,1,3.925993e-01,1,1,121,6
Y,6,2.597240e-01,1,3.925993e-01,1,2,127,6
Y,7,2.765174e-01,1,3.658601e-01,1,3,51,5
Y,7,2.765174e-01,1,3.658601e-01,1,3,88,5
Y,7,2.765174e-01,1,3.658601e-01,1,3,129,5
Y,8,3.339840e-01,1,3.339840e-01,1,3,29,7
Y,8,1.483871e-01,1,3.339840e-01,1,1,39,7
Y,8,1.657102e-01,1,3.339840e-01,1,4,61,7
Y,8,1.657102e-01,1,3.339840e-01,1,4,64,7
Y,8,2.944964e-01,1,3.339840e-01,1,1,65,7
Y,8,1.657102e-01,1,3.339840e-01,1,4,93,7
Y,8,3.339840e-01,1,3.339840e-01,1,3,101,7
Y,8,4.672964e-02,1,3.339840e-01,1,1,103,7
Y,8,3.339840e-01,1,3.339840e-01,1,3,111,7
Y,8,1.657102e-01,1,3.339840e-01,1,4,120,7
Y,9,2.842922e-03,1,3.024427e-01,1,1,21,3
Y,9,3.024427e-01,1,3.024427e-01,1,2,25,3
Y,9,3.024427e-01,1,3.024427e-01,1,2,36,3
Y,10,2.663624e-01,1,3.019755e-01,1,2,22,9
Y,10,2.663624e-01,1,3.019755e-01,1,2,90,9
Y,11,1.122702e-01,1,2.948089e-01,1,1,126,7
Y,12,2.373043e-01,1,2.825794e-01,1,1,3,9
Y,12,2.039349e-01,1,2.825794e-01,1,1,26,9
Y,12,2.825794e-01,1,2.825794e-01,1,2,60,9
Y,12,2.825794e-01,1,2.825794e-01,1,2,116,9
Y,13,1.552007e-01,1,2.667533e-01,1,1,19,9
Y,13,2.667533e-01,1,2.667533e-01,1,3,52,9
Y,13,5.388188e-02,1,2.667533e-01,1,1,57,9
Y,13,2.667533e-01,1,2.667533e-01,1,3,85,9
Y,13,2.667533e-01,1,2.667533e-01,1,3,132,9
Y,14,8.744939e-02,1,2.505080e-01,1,2,83,9
Y,14,1.518014e-01,1,2.505080e-01,1,1,87,9
Y,14,1.735564e-01,1,2.505080e-01,1,1,130,9
Y,14,8.744939e-02,1,2.505080e-01,1,2,134,9
Y,15,1.047772e-01,1,2.501210e-01,1,1,70,10
Y,17,2.103001e-01,1,2.384982e-01,1,1,86,13
Y,17,1.893341e-01,1,2.384982e-01,1,1,131,13
Y,18,1.752008e-02,1,2.286046e-01,1,1,7,18
Y,20,1.117824e-02,1,2.181786e-01,1,1,18,20
Y,21,1.844024e-01,1,2.152788e-01,1,2,40,16
Y,21,1.844024e-01,1,2.152788e-01,1,2,89,16
Y,21,1.898902e-01,1,2.152788e-01,1,1,128,16
Y,22,1.045671e-01,1,2.101697e-01,1,1,62,20
Y,22,7.835217e-02,1,2.101697e-01,1,1,74,20
Y,23,4.533085e-02,1,2.032184e-01,1,1,63,15
Y,25,1.959918e-01,1,1.959918e-01,1,1,73,20
Y,26,1.709090e-01,1,1.938254e-01,1,1,75,20
Y,26,5.988821e-02,1,1.938254e-01,1,1,142,20
Y,31,1.627914e-01,1,1.777215e-01,1,1,13,26
Y,36,7.283990e-02,1,1.650600e-01,1,1,34,32
Y,39,5.183396e-02,1,1.561928e-01,1,1,81,35
Y,39,9.791898e-03,1,1.561928e-01,1,1,136,35
Y,56,1.252602e-01,1,1.325854e-01,1,1,14,44
Y,62,1.258570e-01,1,1.258570e-01,1,1,12,50
C,1,8.785714e-01,1,8.785714e-01,1,23,8,1
C,1,8.785714e-01,1,8.785714e-01,1,23,9,1
C,1,1.214286e-01,1,8.785714e-01,1,2,15,1
C,1,8.785714e-01,1,8.785714e-01,1,23,24,1
C,1,8.785714e-01,1,8.785714e-01,1,23,28,1
C,1,1.214286e-01,1,8.785714e-01,1,2,29,1
C,1,8.785714e-01,1,8.785714e-01,1,23,37,1
C,1,8.785714e-01,1,8.785714e-01,1,23,46,1
C,1,8.785714e-01,1,8.785714e-01,1,23,58,1
C,1,8.785714e-01,1,8.785714e-01,1,23,59,1
C,1,8.785714e-01,1,8.785714e-01,1,23,65,1
C,1,8.785714e-01,1,8.785714e-01,1,23,67,1
C,1,8.785714e-01,1,8.785714e-01,1,23,91,1
C,1,8.785714e-01,1,8.785714e-01,1,23,92,1
C,1,8.785714e-01,1,8.785714e-01,1,23,98,1
C,1,8.785714e-01,1,8.785714e-01,1,23,104,1
C,1,8.785714e-01,1,8.785714e-01,1,23,105,1
C,1,8.785714e-01,1,8.785714e-01,1,23,109,1
C,1,8.785714e-01,1,8.785714e-01,1,23,111,1
C,1,8.785714e-01,1,8.785714e-01,1,23,112,1
C,1,8.785714e-01,1,8.785714e-01,1,23,113,1
C,1,8.785714e-01,1,8.785714e-01,1,23,115,1
C,1,8.785714e-01,1,8.785714e-01,1,23,118,1
C,1,8.785714e-01,1,8.785714e-01,1,23,119,1
C,1,8.785714e-01,1,8.785714e-01,1,23,122,1
C,2,7.718878e-01,1,7.718878e-01,1,17,2,2
C,2,7.718878e-01,1,7.718878e-01,1,17,3,2
C,2,7.718878e-01,1,7.718878e-01,1,17,4,2
C,2,7.718878e-01,1,7.718878e-01,1,17,7,2
C,2,7.718878e-01,1,7.718878e-01,1,17,20,2
C,2,2.133673e-01,1,7.718878e-01,1,6,27,2
C,2,7.718878e-01,1,7.718878e-01,1,17,52,2
C,2,2.133673e-01,1,7.718878e-01,1,6,57,2
C,2,1.474490e-02,1,7.718878e-01,1,1,70,2
C,2,7.718878e-01,1,7.718878e-01,1,17,75,2
C,2,7.718878e-01,1,7.718878e-01,1,17,78,2
C,2,7.718878e-01,1,7.718878e-01,1,17,90,2
C,2,7.718878e-01,1,7.718878e-01,1,17,99,2
C,2,2.133673e-01,1,7.718878e-01,1,6,101,2
C,2,2.133673e-01,1,7.718878e-01,1,6,108,2
C,2,7.718878e-01,1,7.718878e-01,1,17,114,2
C,2,7.718878e-01,1,7.718878e-01,1,17,120,2
C,2,7.718878e-01,1,7.718878e-01,1,17,121,2
C,2,7.718878e-01,1,7.718878e-01,1,17,123,2
C,2,2.133673e-01,1,7.718878e-01,1,6,124,2
C,2,2.133673e-01,1,7.718878e-01,1,6,126,2
C,2,7.718878e-01,1,7.718878e-01,1,17,127,2
C,2,7.718878e-01,1,7.718878e-01,1,17,139,2
C,2,7.718878e-01,1,7.718878e-01,1,17,142,2
C,3,6.781585e-01,1,6.781585e-01,1,9,6,3
C,3,2.811877e-01,1,6.781585e-01,1,7,11,3
C,3,6.781585e-01,1,6.781585e-01,1,9,21,3
C,3,6.781585e-01,1,6.781585e-01,1,9,36,3
C,3,6.781585e-01,1,6.781585e-01,1,9,60,3
C,3,6.781585e-01,1,6.781585e-01,1,9,61,3
C,3,2.811877e-01,1,6.781585e-01,1,7,73,3
C,3,6.781585e-01,1,6.781585e-01,1,9,83,3
C,3,2.811877e-01,1,6.781585e-01,1,7,85,3
C,3,2.811877e-01,1,6.781585e-01,1,7,87,3
C,3,2.811877e-01,1,6.781585e-01,1,7,93,3
C,3,2.811877e-01,1,6.781585e-01,1,7,96,3
C,3,6.781585e-01,1,6.781585e-01,1,9,117,3
C,3,2.811877e-01,1,6.781585e-01,1,7,130,3
C,3,6.781585e-01,1,6.781585e-01,1,9,132,3
C,3,6.781585e-01,1,6.781585e-01,1,9,134,3
C,4,3.293913e-01,1,5.958107e-01,1,2,16,3
C,4,5.958107e-01,1,5.958107e-01,1,3,22,3
C,4,3.293913e-01,1,5.958107e-01,1,2,34,3
C,4,5.958107e-01,1,5.958107e-01,1,3,35,3
C,4,5.958107e-01,1,5.958107e-01,1,3,39,3
C,5,3.617422e-01,1,5.234623e-01,1,2,40,4
C,5,5.234623e-01,1,5.234623e-01,1,4,51,4
C,5,9.999378e-02,1,5.234623e-01,1,1,72,4
C,5,5.234623e-01,1,5.234623e-01,1,4,86,4
C,5,3.617422e-01,1,5.234623e-01,1,2,89,4
C,5,5.234623e-01,1,5.234623e-01,1,4,128,4
C,5,5.234623e-01,1,5.234623e-01,1,4,131,4
C,6,3.813796e-01,1,4.598990e-01,1,2,25,5
C,6,3.813796e-01,1,4.598990e-01,1,2,97,5
C,7,4.040541e-01,1,4.040541e-01,1,2,62,7
C,7,4.040541e-01,1,4.040541e-01,1,2,74,7
C,8,3.549904e-01,1,3.925097e-01,1,2,14,8
C,8,3.925097e-01,1,3.925097e-01,1,2,63,8
C,8,3.925097e-01,1,3.925097e-01,1,2,81,8
C,8,3.549904e-01,1,3.925097e-01,1,2,136,8
C,9,3.879538e-01,1,3.879538e-01,1,1,84,8
C,9,3.118844e-01,1,3.879538e-01,1,1,133,8
C,13,1.858241e-01,1,3.338790e-01,1,1,13,13
C,15,1.723054e-01,1,2.973659e-01,1,1,12,12
N,1,1.549220e-01,1,8.450780e-01,1,2,28,0
N,1,8.450780e-01,1,8.450780e-01,1,8,33,0
N,1,8.450780e-01,1,8.450780e-01,1,8,42,0
N,1,1.549220e-01,1,8.450780e-01,1,2,45,0
N,1,8.450780e-01,1,8.450780e-01,1,8,46,0
N,1,8.450780e-01,1,8.450780e-01,1,8,47,0
N,1,8.450780e-01,1,8.450780e-01,1,8,54,0
N,1,8.450780e-01,1,8.450780e-01,1,8,76,0
N,1,8.450780e-01,1,8.450780e-01,1,8,117,0
N,1,8.450780e-01,1,8.450780e-01,1,8,141,0
N,2,7.141568e-01,1,7.141568e-01,1,11,1,2
N,2,2.618423e-01,1,7.141568e-01,1,3,10,2
N,2,7.141568e-01,1,7.141568e-01,1,11,17,2
N,2,7.141568e-01,1,7.141568e-01,1,11,23,2
N,2,2.618423e-01,1,7.141568e-01,1,3,30,2
N,2,7.141568e-01,1,7.141568e-01,1,11,36,2
N,2,2.618423e-01,1,7.141568e-01,1,3,41,2
N,2,7.141568e-01,1,7.141568e-01,1,11,49,2
N,2,7.141568e-01,1,7.141568e-01,1,11,58,2
N,2,7.141568e-01,1,7.141568e-01,1,11,77,2
N,2,7.141568e-01,1,7.141568e-01,1,11,82,2
N,2,7.141568e-01,1,7.141568e-01,1,11,108,2
N,2,2.400083e-02,1,7.141568e-01,1,1,123,2
N,2,7.141568e-01,1,7.141568e-01,1,11,135,2
N,2,7.141568e-01,1,7.141568e-01,1,11,140,2
N,3,6.035182e-01,1,6.035182e-01,1,3,31,3
N,3,6.035182e-01,1,6.035182e-01,1,3,72,3
N,3,6.035182e-01,1,6.035182e-01,1,3,106,3
N,4,3.739930e-01,1,5.100200e-01,1,2,2,3
N,4,5.100200e-01,1,5.100200e-01,1,5,20,3
N,4,5.100200e-01,1,5.100200e-01,1,5,32,3
N,4,3.739930e-01,1,5.100200e-01,1,2,55,3
N,4,5.100200e-01,1,5.100200e-01,1,5,66,3
N,4,5.100200e-01,1,5.100200e-01,1,5,102,3
N,4,5.100200e-01,1,5.100200e-01,1,5,124,3
N,5,4.310067e-01,1,4.310067e-01,1,5,38,5
N,5,4.310067e-01,1,4.310067e-01,1,5,48,5
N,5,2.655418e-02,1,4.310067e-01,1,1,50,5
N,5,3.950666e-01,1,4.310067e-01,1,1,80,5
N,5,4.310067e-01,1,4.310067e-01,1,5,104,5
N,5,4.310067e-01,1,4.310067e-01,1,5,127,5
N,5,4.310067e-01,1,4.310067e-01,1,5,137,5
N,6,1.836135e-01,1,4.006345e-01,1,2,4,4
N,6,3.642342e-01,1,4.006345e-01,1,4,51,4
N,6,3.642342e-01,1,4.006345e-01,1,4,79,4
N,6,1.836135e-01,1,4.006345e-01,1,2,110,4
N,6,3.642342e-01,1,4.006345e-01,1,4,119,4
N,6,3.642342e-01,1,4.006345e-01,1,4,138,4
N,7,3.078063e-01,1,3.949953e-01,1,3,16,7
N,7,3.949953e-01,1,3.949953e-01,1,1,27,7
N,7,2.172348e-01,1,3.949953e-01,1,4,56,7
N,7,2.172348e-01,1,3.949953e-01,1,4,59,7
N,7,2.172348e-01,1,3.949953e-01,1,4,67,7
N,7,3.078063e-01,1,3.949953e-01,1,3,91,7
N,7,3.078063e-01,1,3.949953e-01,1,3,94,7
N,7,2.172348e-01,1,3.949953e-01,1,4,114,7
N,8,2.447738e-01,1,3.814878e-01,1,4,8,6
N,8,3.814878e-01,1,3.814878e-01,1,2,21,6
N,8,8.974521e-02,1,3.814878e-01,1,2,24,6
N,8,2.447738e-01,1,3.814878e-01,1,4,35,6
N,8,2.447738e-01,1,3.814878e-01,1,4,37,6
N,8,2.601204e-01,1,3.814878e-01,1,4,71,6
N,8,3.814878e-01,1,3.814878e-01,1,2,92,6
N,8,8.974521e-02,1,3.814878e-01,1,2,100,6
N,8,2.601204e-01,1,3.814878e-01,1,4,109,6
N,8,2.601204e-01,1,3.814878e-01,1,4,112,6
N,8,2.601204e-01,1,3.814878e-01,1,4,121,6
N,8,2.447738e-01,1,3.814878e-01,1,4,122,6
N,9,3.626853e-01,1,3.626853e-01,1,2,65,8
N,9,3.626853e-01,1,3.626853e-01,1,2,126,8
N,10,1.373403e-01,1,3.405526e-01,1,1,15,7
N,10,2.809397e-01,1,3.405526e-01,1,2,29,7
N,10,1.857667e-01,1,3.405526e-01,1,1,52,7
N,10,2.809397e-01,1,3.405526e-01,1,2,61,7
N,11,1.501717e-02,1,3.165729e-01,1,1,18,6
N,11,2.901750e-01,1,3.165729e-01,1,1,69,6
N,11,1.569874e-01,1,3.165729e-01,1,1,103,6
N,11,1.595870e-01,1,3.165729e-01,1,2,115,6
N,11,1.595870e-01,1,3.165729e-01,1,2,118,6
N,11,3.165729e-01,1,3.165729e-01,1,1,125,6
N,12,2.942646e-01,1,2.942646e-01,1,1,6,10
N,12,2.918496e-01,1,2.942646e-01,1,5,9,10
N,12,2.918496e-01,1,2.942646e-01,1,5,57,10
N,12,2.918496e-01,1,2.942646e-01,1,5,93,10
N,12,2.918496e-01,1,2.942646e-01,1,5,95,10
N,12,2.918496e-01,1,2.942646e-01,1,5,113,10
N,13,2.938905e-01,1,2.938905e-01,1,1,68,11
N,13,1.121136e-01,1,2.938905e-01,1,1,111,11
N,14,2.431641e-01,1,2.897538e-01,1,1,26,13
N,15,2.825360e-01,1,2.825360e-01,1,1,39,13
N,15,2.201707e-01,1,2.825360e-01,1,1,99,13
N,16,1.390866e-01,1,2.728743e-01,1,1,64,12
N,17,2.613467e-01,1,2.613467e-01,1,4,11,15
N,17,1.782012e-01,1,2.613467e-01,1,2,19,15
N,17,5.718018e-02,1,2.613467e-01,1,1,25,15
N,17,2.613467e-01,1,2.613467e-01,1,4,75,15
N,17,1.782012e-01,1,2.613467e-01,1,2,83,15
N,17,2.613467e-01,1,2.613467e-01,1,4,88,15
N,17,2.395540e-01,1,2.613467e-01,1,1,129,15
N,17,1.537049e-01,1,2.613467e-01,1,1,134,15
N,17,2.613467e-01,1,2.613467e-01,1,4,142,15
N,18,1.594524e-01,1,2.484656e-01,1,1,40,17
N,18,2.429301e-01,1,2.484656e-01,1,3,78,17
N,18,2.429301e-01,1,2.484656e-01,1,3,96,17
N,18,1.670048e-01,1,2.484656e-01,1,2,98,17
N,18,2.429301e-01,1,2.484656e-01,1,3,105,17
N,18,1.670048e-01,1,2.484656e-01,1,2,139,17
N,19,9.831633e-02,1,2.437877e-01,1,1,70,14
N,20,2.423760e-01,1,2.423760e-01,1,1,62,17
N,20,1.265267e-01,1,2.423760e-01,1,1,101,17
N,21,1.971342e-01,1,2.389644e-01,1,1,85,17
N,21,2.058186e-01,1,2.389644e-01,1,1,132,17
N,22,1.913260e-01,1,2.338294e-01,1,1,22,20
N,22,2.338294e-01,1,2.338294e-01,1,1,116,20
N,23,1.770840e-01,1,2.272447e-01,1,1,34,21
N,24,1.632544e-01,1,2.194737e-01,1,1,120,22
N,27,1.164230e-02,1,2.105503e-01,1,1,87,18
N,27,6.563798e-02,1,2.105503e-01,1,1,130,18
N,28,7.395895e-02,1,2.075866e-01,1,1,90,21
N,29,1.367782e-01,1,2.034952e-01,1,1,60,23
N,29,2.034952e-01,1,2.034952e-01,1,1,74,23
N,31,1.925279e-01,1,1.925279e-01,1,1,7,27
N,31,3.078780e-02,1,1.925279e-01,1,1,86,27
N,31,1.905916e-01,1,1.925279e-01,1,1,131,27
N,32,1.908915e-01,1,1.908915e-01,1,1,97,27
N,34,1.712575e-01,1,1.883723e-01,1,1,3,30
N,34,1.883723e-01,1,1.883723e-01,1,1,63,30
N,34,7.572626e-02,1,1.883723e-01,1,1,89,30
N,34,1.669091e-01,1,1.883723e-01,1,1,128,30
N,35,1.857209e-01,1,1.857209e-01,1,1,73,30
N,48,8.686293e-02,1,1.587119e-01,1,1,13,38
N,64,9.917954e-02,1,1.361112e-01,1,1,81,52
N,64,1.349941e-01,1,1.361112e-01,1,1,136,52
N,97,1.046550e-01,1,1.113909e-01,1,1,14,81
N,115,4.181829e-03,1,1.019792e-01,1,1,12,87
K,1,9.001259e-01,1,9.001259e-01,1,9,1,0
K,1,9.001259e-01,1,9.001259e-01,1,9,23,0
K,1,9.001259e-01,1,9.001259e-01,1,9,32,0
K,1,9.001259e-01,1,9.001259e-01,1,9,46,0
K,1,9.001259e-01,1,9.001259e-01,1,9,49,0
K,1,9.001259e-01,1,9.001259e-01,1,9,54,0
K,1,9.001259e-01,1,9.001259e-01,1,9,55,0
K,1,9.001259e-01,1,9.001259e-01,1,9,66,0
K,1,9.001259e-01,1,9.001259e-01,1,9,85,0
K,1,9.987411e-02,1,9.001259e-01,1,1,132,0
K,2,1.797985e-01,1,8.102266e-01,1,4,28,1
K,2,8.102266e-01,1,8.102266e-01,1,4,30,1
K,2,8.102266e-01,1,8.102266e-01,1,4,38,1
K,2,1.797985e-01,1,8.102266e-01,1,4,41,1
K,2,1.797985e-01,1,8.102266e-01,1,4,42,1
K,2,1.797985e-01,1,8.102266e-01,1,4,48,1
K,2,8.102266e-01,1,8.102266e-01,1,4,50,1
K,2,8.102266e-01,1,8.102266e-01,1,4,53,1
K,3,7.293060e-01,1,7.293060e-01,1,2,84,0
K,3,7.293060e-01,1,7.293060e-01,1,2,133,0
K,4,6.564672e-01,1,6.564672e-01,1,2,39,0
K,4,6.564672e-01,1,6.564672e-01,1,2,92,0
K,5,5.909031e-01,1,5.909031e-01,1,2,56,0
K,5,5.909031e-01,1,5.909031e-01,1,2,61,0
K,6,3.540955e-01,1,5.318872e-01,1,1,36,1
K,6,5.318872e-01,1,5.318872e-01,1,1,65,1
K,6,9.822230e-02,1,5.318872e-01,1,1,123,1
K,7,4.787654e-01,1,4.787654e-01,1,1,20,0
K,7,3.718523e-01,1,4.787654e-01,1,1,27,0
K,8,4.309492e-01,1,4.309492e-01,1,4,17,0
K,8,3.825302e-01,1,4.309492e-01,1,2,21,0
K,8,4.309492e-01,1,4.309492e-01,1,4,35,0
K,8,4.309492e-01,1,4.309492e-01,1,4,82,0
K,8,4.309492e-01,1,4.309492e-01,1,4,127,0
K,8,3.825302e-01,1,4.309492e-01,1,2,135,0
K,9,3.873660e-01,1,3.879085e-01,1,4,16,1
K,9,3.873660e-01,1,3.879085e-01,1,4,18,1
K,9,3.873660e-01,1,3.879085e-01,1,4,94,1
K,9,3.873660e-01,1,3.879085e-01,1,4,117,1
K,10,3.491665e-01,1,3.874201e-01,1,2,2,0
K,10,3.874201e-01,1,3.874201e-01,1,2,67,0
K,10,1.934392e-01,1,3.874201e-01,1,1,91,0
K,10,3.874201e-01,1,3.874201e-01,1,2,95,0
K,10,5.723514e-02,1,3.874201e-01,1,1,109,0
K,10,3.491665e-01,1,3.874201e-01,1,2,119,0
K,11,3.142938e-01,1,3.835996e-01,1,4,24,0
K,11,3.142938e-01,1,3.835996e-01,1,4,37,0
K,11,3.835996e-01,1,3.835996e-01,1,4,40,0
K,11,3.835996e-01,1,3.835996e-01,1,4,51,0
K,11,3.142938e-01,1,3.835996e-01,1,4,75,0
K,11,3.142938e-01,1,3.835996e-01,1,4,103,0
K,11,3.835996e-01,1,3.835996e-01,1,4,106,0
K,11,3.835996e-01,1,3.835996e-01,1,4,112,0
K,11,2.128128e-01,1,3.835996e-01,1,1,142,0
K,12,3.766777e-01,1,3.766777e-01,1,6,29,1
K,12,3.766777e-01,1,3.766777e-01,1,6,58,1
K,12,3.766777e-01,1,3.766777e-01,1,6,77,1
K,12,3.766777e-01,1,3.766777e-01,1,6,80,1
K,12,2.298700e-01,1,3.766777e-01,1,2,107,1
K,12,3.766777e-01,1,3.766777e-01,1,6,108,1
K,12,2.298700e-01,1,3.766777e-01,1,2,137,1
K,12,3.766777e-01,1,3.766777e-01,1,6,140,1
K,13,2.445323e-01,1,3.673122e-01,1,5,4,2
K,13,2.445323e-01,1,3.673122e-01,1,5,8,2
K,13,2.445323e-01,1,3.673122e-01,1,5,10,2
K,13,3.673122e-01,1,3.673122e-01,1,3,88,2
K,13,3.673122e-01,1,3.673122e-01,1,3,102,2
K,13,2.546492e-01,1,3.673122e-01,1,1,104,2
K,13,2.445323e-01,1,3.673122e-01,1,5,118,2
K,13,3.673122e-01,1,3.673122e-01,1,3,124,2
K,13,2.445323e-01,1,3.673122e-01,1,5,129,2
K,14,2.292163e-01,1,3.560601e-01,1,1,68,0
K,14,3.477589e-02,1,3.560601e-01,1,1,79,0
K,14,2.567948e-01,1,3.560601e-01,1,1,100,0
K,14,3.560601e-01,1,3.560601e-01,1,1,138,0
K,15,3.433917e-01,1,3.433917e-01,1,4,71,1
K,15,3.433917e-01,1,3.433917e-01,1,4,105,1
K,15,3.433917e-01,1,3.433917e-01,1,4,110,1
K,15,3.433917e-01,1,3.433917e-01,1,4,121,1
K,16,3.297021e-01,1,3.297021e-01,1,2,83,1
K,16,2.743675e-01,1,3.297021e-01,1,1,113,1
K,16,1.857172e-01,1,3.297021e-01,1,1,126,1
K,16,3.297021e-01,1,3.297021e-01,1,2,134,1
K,17,1.671688e-01,1,3.153217e-01,1,3,52,0
K,17,1.671688e-01,1,3.153217e-01,1,3,57,0
K,17,1.552792e-01,1,3.153217e-01,1,1,59,0
K,17,3.153217e-01,1,3.153217e-01,1,1,72,0
K,17,1.671688e-01,1,3.153217e-01,1,3,125,0
K,18,2.834323e-01,1,3.005251e-01,1,1,69,2
K,19,2.851394e-01,1,2.855388e-01,1,1,11,2
K,19,1.792811e-01,1,2.855388e-01,1,1,96,2
K,19,1.354446e-01,1,2.855388e-01,1,2,116,2
K,19,1.354446e-01,1,2.855388e-01,1,2,122,2
K,20,1.219172e-01,1,2.851793e-01,1,1,15,0
K,20,2.851793e-01,1,2.851793e-01,1,1,98,0
K,20,2.705483e-01,1,2.851793e-01,1,1,114,0
K,21,2.837180e-01,1,2.837180e-01,1,3,9,2
K,21,2.557039e-01,1,2.837180e-01,1,1,19,2
K,21,2.837180e-01,1,2.837180e-01,1,3,62,2
K,21,2.837180e-01,1,2.837180e-01,1,3,64,2
K,22,1.095178e-01,1,2.809202e-01,1,1,26,4
K,22,2.077980e-01,1,2.809202e-01,1,1,70,4
K,22,2.411259e-01,1,2.809202e-01,1,1,93,4
K,23,1.193334e-01,1,2.769457e-01,1,1,6,4
K,23,2.151010e-01,1,2.769457e-01,1,1,74,4
K,23,2.269093e-01,1,2.769457e-01,1,1,101,4
K,24,1.288981e-01,1,2.719484e-01,1,2,86,4
K,24,8.003466e-02,1,2.719484e-01,1,1,111,4
K,24,2.212777e-01,1,2.719484e-01,1,1,115,4
K,24,1.288981e-01,1,2.719484e-01,1,2,131,4
K,25,2.263384e-01,1,2.660737e-01,1,1,22,3
K,25,2.660737e-01,1,2.660737e-01,1,1,73,3
K,25,2.380663e-02,1,2.660737e-01,1,1,120,3
K,27,2.332183e-01,1,2.522286e-01,1,1,78,3
K,27,1.552614e-01,1,2.522286e-01,1,1,99,3
K,27,1.748644e-01,1,2.522286e-01,1,1,139,3
K,28,2.351170e-01,1,2.445019e-01,1,1,25,3
K,28,2.445019e-01,1,2.445019e-01,1,1,34,3
K,35,1.373262e-01,1,2.248912e-01,1,1,3,5
K,36,2.208332e-01,1,2.208332e-01,1,1,60,3
K,38,2.114021e-01,1,2.114021e-01,1,1,63,3
K,38,7.734939e-02,1,2.114021e-01,1,1,87,3
K,38,2.052423e-01,1,2.114021e-01,1,1,130,3
K,41,1.337930e-02,1,2.053586e-01,1,1,90,0
K,43,7.232169e-02,1,2.027631e-01,1,1,7,7
K,50,1.811571e-01,1,1.849238e-01,1,1,97,4
K,52,1.597399e-01,1,1.837880e-01,1,1,81,6
K,52,1.725426e-01,1,1.837880e-01,1,1,136,6
K,55,8.577661e-02,1,1.794122e-01,1,1,13,8
K,67,9.455388e-02,1,1.615578e-01,1,1,89,9
K,67,1.615578e-01,1,1.615578e-01,1,1,128,9
K,116,6.549310e-02,1,1.233902e-01,1,1,14,15
K,171,7.980671e-02,1,1.014341e-01,1,1,12,14
D,1,9.023355e-01,1,9.023355e-01,1,12,5,1
D,1,9.023355e-01,1,9.023355e-01,1,12,38,1
D,1,9.023355e-01,1,9.023355e-01,1,12,44,1
D,1,9.023355e-01,1,9.023355e-01,1,12,47,1
D,1,9.023355e-01,1,9.023355e-01,1,12,49,1
D,1,9.023355e-01,1,9.023355e-01,1,12,58,1
D,1,9.023355e-01,1,9.023355e-01,1,12,59,1
D,1,9.023355e-01,1,9.023355e-01,1,12,66,1
D,1,9.023355e-01,1,9.023355e-01,1,12,76,1
D,1,9.023355e-01,1,9.023355e-01,1,12,94,1
D,1,9.023355e-01,1,9.023355e-01,1,12,117,1
D,1,9.023355e-01,1,9.023355e-01,1,12,141,1
D,2,8.142093e-01,1,8.142093e-01,1,11,1,2
D,2,1.762524e-01,1,8.142093e-01,1,3,15,2
D,2,8.142093e-01,1,8.142093e-01,1,11,23,2
D,2,8.142093e-01,1,8.142093e-01,1,11,37,2
D,2,1.762524e-01,1,8.142093e-01,1,3,42,2
D,2,8.142093e-01,1,8.142093e-01,1,11,43,2
D,2,8.142093e-01,1,8.142093e-01,1,11,54,2
D,2,8.142093e-01,1,8.142093e-01,1,11,55,2
D,2,8.142093e-01,1,8.142093e-01,1,11,56,2
D,2,1.762524e-01,1,8.142093e-01,1,3,79,2
D,2,8.142093e-01,1,8.142093e-01,1,11,107,2
D,2,8.142093e-01,1,8.142093e-01,1,11,108,2
D,2,8.142093e-01,1,8.142093e-01,1,11,118,2
D,2,8.142093e-01,1,8.142093e-01,1,11,138,2
D,3,7.346899e-01,1,7.346899e-01,1,10,4,3
D,3,7.346899e-01,1,7.346899e-01,1,10,8,3
D,3,7.346899e-01,1,7.346899e-01,1,10,17,3
D,3,7.346899e-01,1,7.346899e-01,1,10,71,3
D,3,2.582041e-02,1,7.346899e-01,1,1,92,3
D,3,7.346899e-01,1,7.346899e-01,1,10,95,3
D,3,7.346899e-01,1,7.346899e-01,1,10,100,3
D,3,7.346899e-01,1,7.346899e-01,1,10,102,3
D,3,2.385581e-01,1,7.346899e-01,1,2,106,3
D,3,2.385581e-01,1,7.346899e-01,1,2,110,3
D,3,7.346899e-01,1,7.346899e-01,1,10,112,3
D,3,7.346899e-01,1,7.346899e-01,1,10,119,3
D,3,7.346899e-01,1,7.346899e-01,1,10,124,3
D,4,6.629367e-01,1,6.629367e-01,1,4,27,4
D,4,6.629367e-01,1,6.629367e-01,1,4,50,4
D,4,6.629367e-01,1,6.629367e-01,1,4,104,4
D,4,6.629367e-01,1,6.629367e-01,1,4,123,4
D,5,3.237271e-01,1,5.981913e-01,1,7,21,4
D,5,3.237271e-01,1,5.981913e-01,1,7,30,4
D,5,3.237271e-01,1,5.981913e-01,1,7,35,4
D,5,3.237271e-01,1,5.981913e-01,1,7,36,4
D,5,5.981913e-01,1,5.981913e-01,1,5,80,4
D,5,5.981913e-01,1,5.981913e-01,1,5,84,4
D,5,3.237271e-01,1,5.981913e-01,1,7,98,4
D,5,5.981913e-01,1,5.981913e-01,1,5,103,4
D,5,5.981913e-01,1,5.981913e-01,1,5,113,4
D,5,3.237271e-01,1,5.981913e-01,1,7,122,4
D,5,5.981913e-01,1,5.981913e-01,1,5,125,4
D,5,7.007739e-02,1,5.981913e-01,1,1,133,4
D,5,3.237271e-01,1,5.981913e-01,1,7,137,4
D,6,3.505325e-01,1,5.397692e-01,1,3,10,5
D,6,5.397692e-01,1,5.397692e-01,1,3,57,5
D,6,3.505325e-01,1,5.397692e-01,1,3,65,5
D,6,5.397692e-01,1,5.397692e-01,1,3,72,5
D,6,3.505325e-01,1,5.397692e-01,1,3,99,5
D,6,5.397692e-01,1,5.397692e-01,1,3,127,5
D,7,3.690142e-01,1,4.870529e-01,1,7,2,6
D,7,3.690142e-01,1,4.870529e-01,1,7,24,6
D,7,4.870529e-01,1,4.870529e-01,1,2,68,6
D,7,4.870529e-01,1,4.870529e-01,1,2,69,6
D,7,3.690142e-01,1,4.870529e-01,1,7,91,6
D,7,3.690142e-01,1,4.870529e-01,1,7,93,6
D,7,3.690142e-01,1,4.870529e-01,1,7,101,6
D,7,2.161478e-02,1,4.870529e-01,1,1,109,6
D,7,3.690142e-01,1,4.870529e-01,1,7,116,6
D,7,3.690142e-01,1,4.870529e-01,1,7,121,6
D,8,1.441584e-01,1,4.394851e-01,1,2,29,6
D,8,3.805424e-01,1,4.394851e-01,1,4,61,6
D,8,1.441584e-01,1,4.394851e-01,1,2,67,6
D,8,3.805424e-01,1,4.394851e-01,1,4,83,6
D,8,3.805424e-01,1,4.394851e-01,1,4,88,6
D,8,4.394851e-01,1,4.394851e-01,1,3,114,6
D,8,4.394851e-01,1,4.394851e-01,1,3,115,6
D,8,3.805424e-01,1,4.394851e-01,1,4,129,6
D,8,4.394851e-01,1,4.394851e-01,1,3,134,6
D,9,3.965630e-01,1,3.965630e-01,1,2,20,9
D,9,3.965630e-01,1,3.965630e-01,1,2,22,9
D,9,3.862990e-01,1,3.965630e-01,1,2,85,9
D,9,3.862990e-01,1,3.965630e-01,1,2,132,9
D,10,1.886386e-01,1,3.873015e-01,1,1,18,8
D,10,3.578329e-01,1,3.873015e-01,1,3,39,8
D,10,3.578329e-01,1,3.873015e-01,1,3,51,8
D,10,3.578329e-01,1,3.873015e-01,1,3,105,8
D,10,3.873015e-01,1,3.873015e-01,1,1,111,8
D,12,2.913508e-01,1,3.784133e-01,1,1,9,12
D,12,2.252672e-01,1,3.784133e-01,1,1,96,12
D,13,2.402242e-01,1,3.699104e-01,1,1,11,11
D,13,3.699104e-01,1,3.699104e-01,1,1,40,11
D,14,2.528899e-01,1,3.594589e-01,1,2,25,12
D,14,2.528899e-01,1,3.594589e-01,1,2,64,12
D,14,3.594589e-01,1,3.594589e-01,1,1,78,12
D,14,2.372206e-01,1,3.594589e-01,1,1,139,12
D,15,2.140525e-01,1,3.475206e-01,1,1,86,15
D,15,2.632979e-01,1,3.475206e-01,1,1,131,15
D,16,4.824312e-02,1,3.344855e-01,1,1,7,12
D,17,1.502699e-01,1,3.206817e-01,1,1,60,14
D,17,1.742835e-01,1,3.206817e-01,1,1,120,14
D,19,1.743504e-01,1,2.918199e-01,1,1,26,16
D,19,2.842669e-01,1,2.918199e-01,1,1,63,16
D,20,1.850853e-01,1,2.850046e-01,1,1,75,17
D,20,2.850046e-01,1,2.850046e-01,1,2,87,17
D,20,2.771784e-01,1,2.850046e-01,1,1,130,17
D,20,2.850046e-01,1,2.850046e-01,1,2,142,17
D,22,2.035748e-01,1,2.821281e-01,1,1,34,19
D,24,2.744602e-01,1,2.744602e-01,1,1,52,22
D,24,2.178461e-01,1,2.744602e-01,1,1,73,22
D,25,2.233753e-01,1,2.691904e-01,1,2,74,22
D,25,2.233753e-01,1,2.691904e-01,1,2,90,22
D,26,1.418030e-01,1,2.631418e-01,1,1,19,22
D,27,2.564375e-01,1,2.564375e-01,1,1,13,25
D,28,1.581263e-01,1,2.491921e-01,1,1,62,24
D,30,2.334897e-01,1,2.358704e-01,1,1,6,28
D,30,4.581848e-02,1,2.358704e-01,1,1,70,28
D,31,1.043457e-01,1,2.356379e-01,1,1,126,26
D,35,1.910450e-01,1,2.274559e-01,1,1,3,33
D,38,8.282041e-02,1,2.153913e-01,1,1,97,37
D,46,1.801910e-01,1,1.981914e-01,1,1,81,41
D,46,4.406115e-02,1,1.981914e-01,1,1,136,41
D,54,3.889316e-03,1,1.827047e-01,1,1,89,54
D,54,3.448283e-03,1,1.827047e-01,1,1,128,54
D,56,1.919403e-02,1,1.796786e-01,1,1,12,55
D,64,1.160199e-01,1,1.677566e-01,1,1,14,56
I,1,7.527345e-01,1,7.527345e-01,1,4,32,0
I,1,7.527345e-01,1,7.527345e-01,1,4,58,0
I,1,7.527345e-01,1,7.527345e-01,1,4,77,0
I,1,9.446470e-02,1,7.527345e-01,1,2,82,0
I,1,7.527345e-01,1,7.527345e-01,1,4,135,0
I,1,9.446470e-02,1,7.527345e-01,1,2,140,0
I,2,1.422137e-01,1,5.666092e-01,1,1,47,0
I,2,2.300369e-01,1,5.666092e-01,1,1,123,0
I,3,2.597350e-01,1,4.265063e-01,1,4,5,1
I,3,2.597350e-01,1,4.265063e-01,1,4,23,1
I,3,4.265063e-01,1,4.265063e-01,1,7,33,1
I,3,4.265063e-01,1,4.265063e-01,1,7,41,1
I,3,1.605737e-01,1,4.265063e-01,1,1,43,1
I,3,4.265063e-01,1,4.265063e-01,1,7,44,1
I,3,6.519109e-02,1,4.265063e-01,1,3,45,1
I,3,6.519109e-02,1,4.265063e-01,1,3,46,1
I,3,2.597350e-01,1,4.265063e-01,1,4,53,1
I,3,4.265063e-01,1,4.265063e-01,1,7,76,1
I,3,4.265063e-01,1,4.265063e-01,1,7,84,1
I,3,4.265063e-01,1,4.265063e-01,1,7,107,1
I,3,6.519109e-02,1,4.265063e-01,1,3,117,1
I,3,4.265063e-01,1,4.265063e-01,1,7,133,1
I,3,2.597350e-01,1,4.265063e-01,1,4,141,1
I,4,3.210460e-01,1,3.210460e-01,1,3,1,0
I,4,2.606820e-01,1,3.210460e-01,1,2,15,0
I,4,1.611592e-01,1,3.210460e-01,1,1,28,0
I,4,1.250091e-03,1,3.210460e-01,1,1,42,0
I,4,3.210460e-01,1,3.210460e-01,1,3,54,0
I,4,3.210460e-01,1,3.210460e-01,1,3,80,0
I,4,2.606820e-01,1,3.210460e-01,1,2,137,0
I,5,1.231262e-01,1,2.452804e-01,1,2,10,1
I,5,1.516376e-01,1,2.452804e-01,1,1,16,1
I,5,2.416624e-01,1,2.452804e-01,1,1,31,1
I,5,1.231262e-01,1,2.452804e-01,1,2,94,1
I,6,1.819076e-01,1,2.215573e-01,1,2,4,0
I,6,1.819076e-01,1,2.215573e-01,1,2,49,0
I,6,1.124371e-01,1,2.215573e-01,1,3,56,0
I,6,1.124371e-01,1,2.215573e-01,1,3,61,0
I,6,1.124371e-01,1,2.215573e-01,1,3,102,0
I,7,1.202870e-01,1,1.945694e-01,1,2,30,0
I,7,1.945694e-01,1,1.945694e-01,1,1,59,0
I,7,1.202870e-01,1,1.945694e-01,1,2,92,0
I,8,1.189215e-01,1,1.673819e-01,1,2,17,2
I,8,1.673819e-01,1,1.673819e-01,1,1,37,2
I,8,8.954455e-02,1,1.673819e-01,1,1,38,2
I,8,1.189215e-01,1,1.673819e-01,1,2,55,2
I,8,4.545148e-02,1,1.673819e-01,1,1,108,2
I,8,2.809357e-02,1,1.673819e-01,1,1,124,2
I,9,1.150924e-01,1,1.423051e-01,1,1,18,2
I,9,1.417434e-01,1,1.423051e-01,1,1,20,2
I,9,8.762876e-02,1,1.423051e-01,1,1,66,2
I,9,3.806460e-02,1,1.423051e-01,1,1,100,2
I,9,4.398802e-02,1,1.423051e-01,1,1,114,2
I,10,1.087217e-01,1,1.338974e-01,1,1,27,2
I,10,4.138912e-02,1,1.338974e-01,1,2,79,2
I,10,4.138912e-02,1,1.338974e-01,1,2,95,2
I,10,6.721404e-02,1,1.338974e-01,1,1,106,2
I,10,1.938767e-02,1,1.338974e-01,1,1,118,2
I,10,7.329021e-02,1,1.338974e-01,1,1,122,2
I,10,5.149637e-02,1,1.338974e-01,1,1,138,2
I,11,1.231868e-01,1,1.231868e-01,1,1,35,1
I,11,9.816045e-02,1,1.231868e-01,1,2,36,1
I,11,9.816045e-02,1,1.231868e-01,1,2,103,1
I,11,1.125280e-01,1,1.231868e-01,1,1,104,1
I,11,1.703964e-03,1,1.231868e-01,1,1,110,1
I,12,6.089420e-02,1,1.129383e-01,1,1,8,3
I,12,6.877747e-02,1,1.129383e-01,1,1,48,3
I,12,6.377954e-02,1,1.129383e-01,1,1,50,3
I,12,3.439547e-02,1,1.129383e-01,1,1,91,3
I,12,8.060592e-02,1,1.129383e-01,1,1,121,3
I,13,8.070249e-03,1,1.105163e-01,1,1,9,1
I,13,1.105163e-01,1,1.105163e-01,1,2,24,1
I,13,4.223078e-02,1,1.105163e-01,1,1,51,1
I,13,9.898738e-02,1,1.105163e-01,1,1,69,1
I,13,1.109325e-02,1,1.105163e-01,1,1,115,1
I,13,1.105163e-01,1,1.105163e-01,1,2,119,1
I,14,8.692975e-02,1,1.058775e-01,1,1,72,1
I,14,2.258514e-02,1,1.058775e-01,1,1,99,1
I,14,7.880589e-02,1,1.058775e-01,1,2,109,1
I,14,7.880589e-02,1,1.058775e-01,1,2,113,1
I,14,7.030634e-02,1,1.058775e-01,1,1,127,1
I,15,2.833435e-02,1,9.962201e-02,1,1,2,4
I,15,4.515601e-02,1,9.962201e-02,1,2,88,4
I,15,9.962201e-02,1,9.962201e-02,1,1,125,4
I,15,4.515601e-02,1,9.962201e-02,1,2,129,4
I,16,1.385444e-02,1,9.229407e-02,1,1,68,5
I,16,1.304256e-02,1,9.229407e-02,1,1,98,5
I,16,4.976323e-02,1,9.229407e-02,1,1,112,5
I,18,7.620080e-02,1,7.734164e-02,1,1,71,2
I,18,2.955978e-02,1,7.734164e-02,1,1,93,2
I,19,3.672568e-02,1,7.374244e-02,1,1,29,3
I,19,2.681687e-02,1,7.374244e-02,1,1,57,3
I,19,2.907838e-05,1,7.374244e-02,1,1,67,3
I,19,3.947592e-02,1,7.374244e-02,1,1,111,3
I,20,6.938560e-02,1,6.966058e-02,1,1,11,3
I,20,6.031952e-02,1,6.966058e-02,1,1,39,3
I,20,2.296508e-03,1,6.966058e-02,1,1,96,3
I,21,2.609021e-02,1,6.882214e-02,1,1,26,4
I,21,2.135796e-02,1,6.882214e-02,1,1,65,4
I,21,1.315183e-02,1,6.882214e-02,1,1,105,4
I,24,1.663076e-02,1,6.131128e-02,1,1,22,6
I,24,6.131128e-02,1,6.131128e-02,1,1,101,6
I,25,3.566450e-02,1,5.855258e-02,1,1,21,2
I,26,3.894643e-02,1,5.729691e-02,1,1,75,3
I,26,3.611627e-02,1,5.729691e-02,1,1,85,3
I,26,1.099276e-02,1,5.729691e-02,1,1,132,3
I,26,1.201038e-02,1,5.729691e-02,1,1,142,3
I,28,1.461719e-04,1,5.312448e-02,1,1,6,10
I,29,4.708128e-02,1,5.042044e-02,1,1,40,5
I,29,5.473693e-03,1,5.042044e-02,1,1,52,5
I,29,4.851108e-02,1,5.042044e-02,1,1,62,5
I,31,3.486964e-02,1,4.630933e-02,1,1,25,4
I,33,2.442016e-02,1,4.499765e-02,1,1,19,5
I,33,1.442515e-02,1,4.499765e-02,1,1,64,5
I,33,1.095290e-02,1,4.499765e-02,1,1,83,5
I,33,2.648862e-02,1,4.499765e-02,1,1,126,5
I,33,2.865770e-02,1,4.499765e-02,1,1,134,5
I,39,3.527715e-02,1,3.804156e-02,1,1,34,5
I,39,3.309522e-02,1,3.804156e-02,1,1,78,5
I,39,4.625495e-04,1,3.804156e-02,1,1,139,5
I,40,3.412840e-02,1,3.694864e-02,1,1,63,5
I,41,1.429483e-02,1,3.577601e-02,1,1,120,3
I,43,2.074256e-03,1,3.466804e-02,1,1,73,8
I,45,4.412909e-03,1,3.317302e-02,1,1,7,3
I,47,2.101865e-02,1,3.225179e-02,1,1,70,6
I,49,1.456267e-02,1,3.056958e-02,1,1,97,7
I,54,9.697629e-03,1,2.791610e-02,1,1,90,12
I,56,9.315213e-03,1,2.697562e-02,1,1,60,12
I,58,2.402048e-02,1,2.590279e-02,1,1,116,8
I,59,1.656729e-02,1,2.556394e-02,1,1,3,10
I,59,1.714897e-02,1,2.556394e-02,1,1,87,10
I,59,5.377349e-03,1,2.556394e-02,1,1,130,10
I,60,2.509938e-02,1,2.509938e-02,1,1,74,9
I,64,1.726050e-02,1,2.324951e-02,1,1,13,11
I,66,2.024338e-02,1,2.294396e-02,1,1,86,11
I,66,1.589359e-02,1,2.294396e-02,1,1,131,11
I,77,3.431258e-03,1,1.951832e-02,1,1,81,6
I,77,1.951832e-02,1,1.951832e-02,1,1,136,6
I,82,7.601865e-03,1,1.827474e-02,1,1,89,16
I,82,1.487225e-02,1,1.827474e-02,1,1,128,16
I,145,3.225980e-03,1,1.046135e-02,1,1,14,22
I,160,2.459110e-03,1,9.501463e-03,1,1,12,17
P,1,3.076923e-01,1,5.665064e-01,1,3,15,0
P,1,5.665064e-01,1,5.665064e-01,1,8,33,0
P,1,3.076923e-01,1,5.665064e-01,1,3,41,0
P,1,5.665064e-01,1,5.665064e-01,1,8,45,0
P,1,5.665064e-01,1,5.665064e-01,1,8,46,0
P,1,5.665064e-01,1,5.665064e-01,1,8,53,0
P,1,3.076923e-01,1,5.665064e-01,1,3,76,0
P,1,5.665064e-01,1,5.665064e-01,1,8,77,0
P,1,5.665064e-01,1,5.665064e-01,1,8,80,0
P,1,5.665064e-01,1,5.665064e-01,1,8,137,0
P,1,5.665064e-01,1,5.665064e-01,1,8,140,0
P,1,7.371795e-02,1,5.665064e-01,1,1,141,0
P,2,3.209295e-01,1,3.486193e-01,1,6,1,0
P,2,3.209295e-01,1,3.486193e-01,1,6,23,0
P,2,3.209295e-01,1,3.486193e-01,1,6,32,0
P,2,3.486193e-01,1,3.486193e-01,1,2,38,0
P,2,3.209295e-01,1,3.486193e-01,1,6,42,0
P,2,5.901108e-02,1,3.486193e-01,1,1,54,0
P,2,3.209295e-01,1,3.486193e-01,1,6,56,0
P,2,8.352338e-02,1,3.486193e-01,1,1,91,0
P,2,9.467456e-02,1,3.486193e-01,1,1,95,0
P,2,3.486193e-01,1,3.486193e-01,1,2,107,0
P,2,3.209295e-01,1,3.486193e-01,1,6,117,0
P,3,1.818086e-01,1,2.962426e-01,1,7,4,0
P,3,5.447177e-02,1,2.962426e-01,1,1,10,0
P,3,2.962426e-01,1,2.962426e-01,1,9,17,0
P,3,2.962426e-01,1,2.962426e-01,1,9,20,0
P,3,2.962426e-01,1,2.962426e-01,1,9,24,0
P,3,2.962426e-01,1,2.962426e-01,1,9,31,0
P,3,2.962426e-01,1,2.962426e-01,1,9,43,0
P,3,1.818086e-01,1,2.962426e-01,1,7,48,0
P,3,1.818086e-01,1,2.962426e-01,1,7,50,0
P,3,2.962426e-01,1,2.962426e-01,1,9,55,0
P,3,1.818086e-01,1,2.962426e-01,1,7,58,0
P,3,2.962426e-01,1,2.962426e-01,1,9,66,0
P,3,1.818086e-01,1,2.962426e-01,1,7,71,0
P,3,1.818086e-01,1,2.962426e-01,1,7,79,0
P,3,7.097480e-02,1,2.962426e-01,1,2,102,0
P,3,1.479290e-02,1,2.962426e-01,1,1,110,0
P,3,1.818086e-01,1,2.962426e-01,1,7,112,0
P,3,2.962426e-01,1,2.962426e-01,1,9,114,0
P,3,2.962426e-01,1,2.962426e-01,1,9,118,0
P,3,7.097480e-02,1,2.962426e-01,1,2,138,0
P,4,1.029958e-01,1,2.237645e-01,1,2,16,0
P,4,6.171721e-02,1,2.237645e-01,1,2,44,0
P,4,2.237645e-01,1,2.237645e-01,1,4,67,0
P,4,8.589802e-03,1,2.237645e-01,1,1,72,0
P,4,5.674143e-03,1,2.237645e-01,1,2,84,0
P,4,2.237645e-01,1,2.237645e-01,1,4,88,0
P,4,3.352109e-02,1,2.237645e-01,1,1,100,0
P,4,6.171721e-02,1,2.237645e-01,1,2,105,0
P,4,5.674143e-03,1,2.237645e-01,1,2,108,0
P,4,1.823032e-01,1,2.237645e-01,1,1,115,0
P,4,2.237645e-01,1,2.237645e-01,1,4,122,0
P,4,1.029958e-01,1,2.237645e-01,1,2,127,0
P,4,2.237645e-01,1,2.237645e-01,1,4,129,0
P,4,8.735360e-02,1,2.237645e-01,1,1,133,0
P,5,6.719507e-02,1,1.721265e-01,1,2,18,1
P,5,8.247729e-02,1,1.721265e-01,1,1,30,1
P,5,2.538875e-02,1,1.721265e-01,1,1,69,1
P,5,1.396100e-02,1,1.721265e-01,1,1,94,1
P,5,6.719507e-02,1,1.721265e-01,1,2,99,1
P,5,9.348880e-02,1,1.721265e-01,1,1,103,1
P,5,1.721265e-01,1,1.721265e-01,1,2,119,1
P,5,1.721265e-01,1,1.721265e-01,1,2,125,1
P,6,4.951719e-02,1,1.462662e-01,1,1,83,0
P,6,1.077189e-01,1,1.462662e-01,1,2,104,0
P,6,1.462662e-01,1,1.462662e-01,1,2,106,0
P,6,1.462662e-01,1,1.462662e-01,1,2,123,0
P,6,1.077189e-01,1,1.462662e-01,1,2,134,0
P,7,1.160050e-01,1,1.160050e-01,1,1,78,0
P,7,5.703600e-02,1,1.160050e-01,1,1,93,0
P,7,2.162616e-03,1,1.160050e-01,1,1,109,0
P,7,6.658707e-03,1,1.160050e-01,1,1,111,0
P,7,1.964326e-02,1,1.160050e-01,1,1,139,0
P,8,4.198623e-02,1,9.518359e-02,1,1,27,1
P,8,2.807926e-02,1,9.518359e-02,1,2,29,1
P,8,6.841321e-02,1,9.518359e-02,1,1,37,1
P,8,8.762344e-02,1,9.518359e-02,1,1,51,1
P,8,9.518359e-02,1,9.518359e-02,1,1,61,1
P,8,2.807926e-02,1,9.518359e-02,1,2,113,1
P,8,7.107044e-03,1,9.518359e-02,1,1,124,1
P,9,6.315065e-02,1,8.088317e-02,1,1,2,1
P,9,1.862951e-02,1,8.088317e-02,1,1,9,1
P,9,1.392812e-02,1,8.088317e-02,1,1,11,1
P,9,1.115830e-02,1,8.088317e-02,1,1,64,1
P,10,4.212665e-02,1,6.545834e-02,1,1,26,0
P,10,4.339341e-04,1,6.545834e-02,1,1,36,0
P,10,1.849099e-02,1,6.545834e-02,1,1,86,0
P,10,6.221782e-02,1,6.545834e-02,1,1,121,0
P,10,6.545834e-02,1,6.545834e-02,1,1,131,0
P,11,8.780251e-03,1,5.538782e-02,1,1,8,2
P,11,2.589261e-02,1,5.538782e-02,1,1,21,2
P,11,1.499429e-02,1,5.538782e-02,1,1,57,2
P,11,2.695469e-02,1,5.538782e-02,1,1,60,2
P,11,1.969565e-02,1,5.538782e-02,1,1,120,2
P,12,4.706634e-02,1,4.899692e-02,1,2,34,0
P,12,4.706634e-02,1,4.899692e-02,1,2,63,0
P,12,3.851377e-02,1,4.899692e-02,1,1,98,0
P,13,3.186783e-02,1,4.510524e-02,1,1,7,0
P,13,4.826616e-03,1,4.510524e-02,1,1,25,0
P,13,1.326418e-02,1,4.510524e-02,1,1,65,0
P,13,3.317500e-02,1,4.510524e-02,1,1,90,0
P,14,5.966968e-03,1,3.974819e-02,1,1,39,2
P,15,2.819596e-02,1,3.669063e-02,1,1,6,0
P,15,3.564926e-03,1,3.669063e-02,1,1,96,0
P,16,3.064160e-03,1,3.325677e-02,1,1,85,0
P,16,1.546254e-02,1,3.325677e-02,1,1,87,0
P,16,3.047196e-03,1,3.325677e-02,1,1,101,0
P,16,5.850136e-03,1,3.325677e-02,1,1,130,0
P,16,2.313514e-02,1,3.325677e-02,1,1,132,0
P,17,2.239868e-03,1,2.944610e-02,1,1,22,4
P,17,3.117705e-03,1,2.944610e-02,1,1,35,4
P,17,6.945866e-03,1,2.944610e-02,1,1,62,4
P,17,6.425786e-03,1,2.944610e-02,1,1,116,4
P,18,2.442914e-03,1,2.729684e-02,1,1,70,4
P,18,1.620731e-02,1,2.729684e-02,1,1,97,4
P,19,2.048577e-02,1,2.659692e-02,1,1,126,1
P,23,1.777078e-02,1,2.068291e-02,1,1,81,1
P,23,3.759093e-03,1,2.068291e-02,1,1,136,1
P,25,5.862149e-03,1,1.802615e-02,1,1,19,0
P,25,3.366272e-04,1,1.802615e-02,1,1,40,0
P,26,1.563797e-02,1,1.727507e-02,1,1,75,2
P,26,9.238429e-03,1,1.727507e-02,1,1,142,2
P,27,7.149179e-03,1,1.651461e-02,1,1,3,1
P,28,7.087597e-03,1,1.580886e-02,1,1,52,1
P,28,3.041967e-03,1,1.580886e-02,1,1,74,1
P,32,6.193565e-03,1,1.312766e-02,1,1,13,3
P,33,6.355695e-03,1,1.227090e-02,1,1,73,2
P,35,3.071988e-03,1,1.101876e-02,1,1,89,1
P,35,3.229160e-03,1,1.101876e-02,1,1,128,1
P,40,7.343051e-03,1,9.054416e-03,1,1,12,3
P,55,5.694126e-03,1,5.694126e-03,1,1,14,4
T,1,5.198171e-01,1,5.198171e-01,1,2,45,0
T,1,3.602642e-01,1,5.198171e-01,1,1,76,0
T,1,5.198171e-01,1,5.198171e-01,1,2,141,0
T,2,3.745430e-01,1,3.745430e-01,1,5,5,0
T,2,2.702098e-01,1,3.745430e-01,1,3,32,0
T,2,2.702098e-01,1,3.745430e-01,1,3,33,0
T,2,4.648771e-02,1,3.745430e-01,1,1,41,0
T,2,3.745430e-01,1,3.745430e-01,1,5,48,0
T,2,3.745430e-01,1,3.745430e-01,1,5,50,0
T,2,3.745430e-01,1,3.745430e-01,1,5,58,0
T,2,2.702098e-01,1,3.745430e-01,1,3,66,0
T,2,3.745430e-01,1,3.745430e-01,1,5,95,0
T,2,5.418608e-02,1,3.745430e-01,1,1,104,0
T,3,2.920408e-01,1,2.920408e-01,1,3,4,0
T,3,5.024357e-02,1,2.920408e-01,1,2,17,0
T,3,6.096196e-02,1,2.920408e-01,1,2,18,0
T,3,3.118078e-03,1,2.920408e-01,1,1,23,0
T,3,3.624765e-02,1,2.920408e-01,1,1,31,0
T,3,2.920408e-01,1,2.920408e-01,1,3,38,0
T,3,2.024017e-01,1,2.920408e-01,1,2,46,0
T,3,6.096196e-02,1,2.920408e-01,1,2,47,0
T,3,2.024017e-01,1,2.920408e-01,1,2,49,0
T,3,1.404597e-01,1,2.920408e-01,1,1,53,0
T,3,8.450055e-02,1,2.920408e-01,1,1,77,0
T,3,2.920408e-01,1,2.920408e-01,1,3,80,0
T,3,5.024357e-02,1,2.920408e-01,1,2,137,0
T,3,2.928196e-02,1,2.920408e-01,1,1,140,0
T,4,2.104237e-01,1,2.104237e-01,1,1,1,0
T,4,9.722411e-02,1,2.104237e-01,1,2,24,0
T,4,2.024104e-01,1,2.104237e-01,1,2,54,0
T,4,8.784966e-02,1,2.104237e-01,1,2,55,0
T,4,7.301333e-02,1,2.104237e-01,1,3,59,0
T,4,1.511392e-02,1,2.104237e-01,1,1,71,0
T,4,7.301333e-02,1,2.104237e-01,1,3,82,0
T,4,2.024104e-01,1,2.104237e-01,1,2,108,0
T,4,7.301333e-02,1,2.104237e-01,1,3,110,0
T,4,9.722411e-02,1,2.104237e-01,1,2,121,0
T,4,8.784966e-02,1,2.104237e-01,1,2,127,0
T,4,5.223493e-02,1,2.104237e-01,1,1,135,0
T,5,7.610959e-02,1,1.823030e-01,1,1,16,1
T,5,2.173710e-02,1,1.823030e-01,1,1,56,1
T,5,1.823030e-01,1,1.823030e-01,1,2,79,1
T,5,1.823030e-01,1,1.823030e-01,1,2,107,1
T,5,1.263469e-01,1,1.823030e-01,1,1,138,1
T,6,3.528598e-02,1,1.421463e-01,1,1,15,0
T,6,1.421463e-01,1,1.421463e-01,1,2,29,0
T,6,8.225869e-02,1,1.421463e-01,1,1,35,0
T,6,8.203989e-02,1,1.421463e-01,1,1,42,0
T,6,6.827739e-02,1,1.421463e-01,1,1,92,0
T,6,4.891057e-02,1,1.421463e-01,1,1,100,0
T,6,1.174665e-02,1,1.421463e-01,1,1,103,0
T,6,1.421463e-01,1,1.421463e-01,1,2,114,0
T,7,4.318767e-02,1,1.194906e-01,1,1,61,1
T,7,2.574764e-02,1,1.194906e-01,1,1,88,1
T,7,1.593629e-03,1,1.194906e-01,1,1,94,1
T,7,1.194906e-01,1,1.194906e-01,1,1,102,1
T,7,6.914801e-02,1,1.194906e-01,1,1,109,1
T,7,3.594277e-02,1,1.194906e-01,1,1,122,1
T,7,1.150963e-03,1,1.194906e-01,1,1,123,1
T,7,3.013080e-03,1,1.194906e-01,1,1,129,1
T,8,4.711282e-04,1,9.938118e-02,1,1,10,4
T,8,1.654192e-02,1,9.938118e-02,1,1,30,4
T,8,1.544925e-02,1,9.938118e-02,1,1,64,4
T,8,3.700512e-02,1,9.938118e-02,1,1,84,4
T,8,2.993292e-02,1,9.938118e-02,1,1,112,4
T,8,2.676812e-02,1,9.938118e-02,1,1,115,4
T,8,3.822523e-03,1,9.938118e-02,1,1,133,4
T,9,1.921080e-02,1,8.055784e-02,1,1,67,0
T,9,8.370982e-03,1,8.055784e-02,1,1,91,0
T,9,2.106153e-02,1,8.055784e-02,1,1,118,0
T,9,2.432817e-02,1,8.055784e-02,1,1,124,0
T,9,2.885384e-02,1,8.055784e-02,1,1,125,0
T,10,7.729040e-03,1,6.979223e-02,1,1,27,0
T,10,1.310605e-03,1,6.979223e-02,1,1,57,0
T,11,4.910506e-03,1,5.773463e-02,1,1,37,0
T,11,1.531473e-02,1,5.773463e-02,1,1,68,0
T,11,6.673295e-04,1,5.773463e-02,1,1,98,0
T,11,8.975106e-03,1,5.773463e-02,1,1,105,0
T,12,1.025596e-02,1,5.144820e-02,1,1,2,0
T,12,5.144820e-02,1,5.144820e-02,1,1,8,0
T,12,4.445228e-02,1,5.144820e-02,1,1,11,0
T,12,5.224094e-03,1,5.144820e-02,1,1,111,0
T,12,3.726432e-03,1,5.144820e-02,1,1,113,0
T,13,8.726250e-03,1,4.819086e-02,1,1,20,2
T,13,2.708470e-03,1,4.819086e-02,1,1,106,2
T,14,4.383825e-02,1,4.383825e-02,1,1,21,1
T,14,3.366857e-02,1,4.383825e-02,1,1,22,1
T,14,2.720569e-02,1,4.383825e-02,1,2,36,1
T,14,3.500149e-02,1,4.383825e-02,1,1,51,1
T,14,2.720569e-02,1,4.383825e-02,1,2,65,1
T,14,5.241041e-03,1,4.383825e-02,1,1,72,1
T,14,1.375161e-04,1,4.383825e-02,1,1,96,1
T,14,4.051003e-02,1,4.383825e-02,1,1,99,1
T,14,2.439314e-02,1,4.383825e-02,1,1,119,1
T,14,2.287751e-02,1,4.383825e-02,1,1,120,1
T,15,2.356997e-02,1,3.948338e-02,1,1,85,1
T,15,1.872714e-02,1,3.948338e-02,1,1,132,1
T,16,2.824828e-02,1,3.648736e-02,1,1,9,1
T,16,1.271149e-03,1,3.648736e-02,1,1,69,1
T,16,1.648460e-02,1,3.648736e-02,1,1,93,1
T,16,9.964096e-03,1,3.648736e-02,1,1,101,1
T,17,2.332373e-02,1,3.224348e-02,1,1,26,2
T,17,2.026110e-02,1,3.224348e-02,1,1,83,2
T,17,1.324297e-02,1,3.224348e-02,1,1,134,2
T,18,1.776063e-02,1,2.987015e-02,1,1,25,0
T,19,4.918085e-03,1,2.681939e-02,1,1,6,3
T,19,1.170230e-02,1,2.681939e-02,1,1,75,3
T,19,1.968114e-02,1,2.681939e-02,1,1,142,3
T,20,1.130496e-02,1,2.415517e-02,1,1,39,2
T,20,2.995840e-03,1,2.415517e-02,1,1,78,2
T,20,3.639331e-05,1,2.415517e-02,1,1,139,2
T,22,9.270101e-03,1,2.161618e-02,1,1,7,0
T,22,1.932985e-02,1,2.161618e-02,1,1,40,0
T,27,2.120801e-03,1,1.685898e-02,1,1,34,1
T,27,8.936999e-03,1,1.685898e-02,1,1,52,1
T,27,1.685898e-02,1,1.685898e-02,1,1,60,1
T,27,1.672980e-03,1,1.685898e-02,1,1,86,1
T,27,9.859056e-03,1,1.685898e-02,1,1,131,1
T,29,2.146604e-03,1,1.553728e-02,1,1,87,1
T,29,3.741475e-03,1,1.553728e-02,1,1,116,1
T,29,1.189219e-02,1,1.553728e-02,1,1,130,1
T,31,9.612038e-03,1,1.435457e-02,1,1,63,2
T,32,7.161018e-03,1,1.379050e-02,1,1,13,3
T,32,1.379050e-02,1,1.379050e-02,1,1,62,3
T,33,4.959709e-03,1,1.314232e-02,1,1,70,2
T,35,6.612373e-03,1,1.185751e-02,1,1,3,1
T,36,6.158104e-03,1,1.109473e-02,1,1,19,3
T,36,5.382107e-03,1,1.109473e-02,1,1,126,3
T,37,5.049664e-04,1,1.056359e-02,1,1,90,1
T,39,3.058476e-03,1,9.714184e-03,1,1,74,4
T,47,2.464557e-03,1,7.589620e-03,1,1,73,5
T,52,2.198848e-03,1,6.500663e-03,1,1,89,1
T,52,4.757112e-04,1,6.500663e-03,1,1,128,1
T,53,2.082782e-03,1,6.396259e-03,1,1,97,6
T,55,1.485821e-03,1,6.133751e-03,1,1,81,7
T,55,2.848896e-03,1,6.133751e-03,1,1,136,7
T,73,2.766534e-03,1,3.991445e-03,1,1,14,6
T,91,1.338822e-04,1,2.814573e-03,1,1,12,13
A,1,7.443820e-02,1,4.447566e-01,1,2,48,1
A,1,7.443820e-02,1,4.447566e-01,1,2,56,1
A,1,4.447566e-01,1,4.447566e-01,1,3,92,1
A,1,4.447566e-01,1,4.447566e-01,1,3,110,1
A,1,4.447566e-01,1,4.447566e-01,1,3,123,1
A,2,5.746854e-02,1,3.702140e-01,1,3,1,0
A,2,3.702140e-01,1,3.702140e-01,1,1,4,0
A,2,9.618419e-03,1,3.702140e-01,1,1,16,0
A,2,1.978084e-01,1,3.702140e-01,1,4,28,0
A,2,1.732212e-01,1,3.702140e-01,1,3,30,0
A,2,1.978084e-01,1,3.702140e-01,1,4,32,0
A,2,1.732212e-01,1,3.702140e-01,1,3,41,0
A,2,5.746854e-02,1,3.702140e-01,1,3,47,0
A,2,1.732212e-01,1,3.702140e-01,1,3,53,0
A,2,1.978084e-01,1,3.702140e-01,1,4,79,0
A,2,6.196214e-02,1,3.702140e-01,1,1,94,0
A,2,5.746854e-02,1,3.702140e-01,1,3,108,0
A,2,1.978084e-01,1,3.702140e-01,1,4,138,0
A,3,2.469827e-01,1,2.469827e-01,1,3,24,0
A,3,2.469827e-01,1,2.469827e-01,1,3,33,0
A,3,4.417350e-02,1,2.469827e-01,1,1,38,0
A,3,2.311238e-01,1,2.469827e-01,1,1,45,0
A,3,2.469827e-01,1,2.469827e-01,1,3,127,0
A,4,1.282578e-01,1,2.055876e-01,1,2,31,0
A,4,6.881776e-02,1,2.055876e-01,1,3,54,0
A,4,6.881776e-02,1,2.055876e-01,1,3,55,0
A,4,1.230824e-02,1,2.055876e-01,1,1,71,0
A,4,3.000558e-02,1,2.055876e-01,1,1,82,0
A,4,2.055876e-01,1,2.055876e-01,1,4,88,0
A,4,1.282578e-01,1,2.055876e-01,1,2,102,0
A,4,2.055876e-01,1,2.055876e-01,1,4,107,0
A,4,2.055876e-01,1,2.055876e-01,1,4,121,0
A,4,2.055876e-01,1,2.055876e-01,1,4,129,0
A,4,6.881776e-02,1,2.055876e-01,1,3,135,0
A,5,8.142541e-02,1,1.523941e-01,1,1,5,0
A,5,1.426088e-01,1,1.523941e-01,1,2,43,0
A,5,4.143160e-02,1,1.523941e-01,1,1,44,0
A,5,6.641174e-02,1,1.523941e-01,1,1,84,0
A,5,5.451217e-02,1,1.523941e-01,1,1,98,0
A,5,1.426088e-01,1,1.523941e-01,1,2,103,0
A,5,9.647178e-03,1,1.523941e-01,1,1,118,0
A,5,1.523941e-01,1,1.523941e-01,1,1,124,0
A,5,1.860338e-03,1,1.523941e-01,1,1,133,0
A,6,1.268524e-01,1,1.268524e-01,1,1,17,0
A,6,7.739878e-03,1,1.268524e-01,1,1,46,0
A,6,1.708756e-02,1,1.268524e-01,1,1,58,0
A,6,3.156378e-02,1,1.268524e-01,1,1,76,0
A,6,8.030282e-03,1,1.268524e-01,1,1,80,0
A,6,1.850456e-02,1,1.268524e-01,1,1,137,0
A,6,8.903034e-02,1,1.268524e-01,1,1,141,0
A,7,4.639081e-02,1,9.873224e-02,1,2,29,1
A,7,4.026372e-02,1,9.873224e-02,1,1,49,1
A,7,6.330414e-02,1,9.873224e-02,1,2,50,1
A,7,4.184319e-03,1,9.873224e-02,1,1,77,1
A,7,1.644686e-02,1,9.873224e-02,1,1,93,1
A,7,9.873224e-02,1,9.873224e-02,1,1,95,1
A,7,4.639081e-02,1,9.873224e-02,1,2,100,1
A,7,6.330414e-02,1,9.873224e-02,1,2,140,1
A,8,3.753991e-02,1,8.218442e-02,1,1,57,0
A,8,1.342822e-02,1,8.218442e-02,1,1,64,0
A,8,3.089246e-02,1,8.218442e-02,1,1,91,0
A,8,5.879561e-02,1,8.218442e-02,1,1,109,0
A,8,6.152586e-02,1,8.218442e-02,1,1,112,0
A,8,8.218442e-02,1,8.218442e-02,1,1,113,0
A,8,3.271899e-02,1,8.218442e-02,1,1,114,0
A,9,3.418733e-02,1,6.579371e-02,1,1,15,1
A,9,4.085279e-02,1,6.579371e-02,1,1,42,1
A,9,2.514963e-02,1,6.579371e-02,1,1,99,1
A,9,6.156906e-02,1,6.579371e-02,1,1,111,1
A,10,1.624836e-02,1,5.476649e-02,1,1,59,1
A,10,3.557179e-02,1,5.476649e-02,1,1,69,1
A,10,4.270825e-02,1,5.476649e-02,1,1,104,1
A,10,4.897566e-02,1,5.476649e-02,1,1,122,1
A,11,4.465588e-02,1,4.484391e-02,1,1,21,0
A,11,1.076052e-02,1,4.484391e-02,1,1,37,0
A,11,3.993411e-02,1,4.484391e-02,1,1,61,0
A,11,3.035165e-02,1,4.484391e-02,1,1,67,0
A,11,3.892113e-02,1,4.484391e-02,1,1,75,0
A,11,6.487314e-03,1,4.484391e-02,1,1,86,0
A,11,4.178851e-02,1,4.484391e-02,1,1,131,0
A,11,3.257084e-02,1,4.484391e-02,1,1,142,0
A,12,1.626827e-02,1,3.988924e-02,1,1,72,1
A,13,2.873128e-02,1,3.597066e-02,1,1,27,0
A,13,1.311803e-02,1,3.597066e-02,1,1,51,0
A,13,3.350248e-02,1,3.597066e-02,1,1,119,0
A,14,2.564389e-02,1,3.253526e-02,1,1,20,1
A,14,1.503397e-02,1,3.253526e-02,1,1,68,1
A,14,1.091941e-02,1,3.253526e-02,1,1,101,1
A,14,2.994187e-02,1,3.253526e-02,1,1,105,1
A,14,1.745705e-02,1,3.253526e-02,1,1,106,1
A,14,3.549311e-03,1,3.253526e-02,1,1,125,1
A,15,1.345618e-02,1,3.100772e-02,1,1,25,0
A,15,1.816400e-02,1,3.100772e-02,1,1,35,0
A,15,9.644291e-03,1,3.100772e-02,1,2,36,0
A,15,9.644291e-03,1,3.100772e-02,1,2,115,0
A,16,1.727961e-02,1,2.949798e-02,1,1,9,2
A,16,5.059753e-04,1,2.949798e-02,1,1,66,2
A,17,2.317133e-02,1,2.787877e-02,1,1,120,1
A,18,1.104093e-02,1,2.610698e-02,1,1,2,1
A,18,3.038147e-03,1,2.610698e-02,1,1,8,1
A,18,1.347322e-02,1,2.610698e-02,1,1,11,1
A,18,5.788433e-04,1,2.610698e-02,1,1,60,1
A,18,1.228610e-03,1,2.610698e-02,1,1,83,1
A,18,1.044820e-02,1,2.610698e-02,1,1,134,1
A,19,4.152098e-03,1,2.451264e-02,1,1,7,2
A,20,1.278298e-02,1,2.267139e-02,1,1,6,2
A,20,4.728196e-03,1,2.267139e-02,1,1,78,2
A,20,1.060779e-02,1,2.267139e-02,1,1,139,2
A,21,1.563911e-03,1,2.117482e-02,1,1,10,3
A,21,1.364088e-02,1,2.117482e-02,1,1,116,3
A,23,6.374314e-03,1,1.803020e-02,1,1,26,3
A,23,8.524184e-03,1,1.803020e-02,1,1,34,3
A,23,1.205486e-02,1,1.803020e-02,1,1,65,3
A,24,7.105121e-03,1,1.637267e-02,1,1,18,0
A,24,6.588347e-03,1,1.637267e-02,1,1,63,0
A,24,1.318352e-02,1,1.637267e-02,1,1,87,0
A,24,5.901296e-03,1,1.637267e-02,1,1,130,0
A,25,2.800721e-03,1,1.523440e-02,1,1,96,0
A,27,9.485179e-03,1,1.374747e-02,1,1,22,1
A,31,7.910473e-03,1,1.166918e-02,1,1,13,2
A,33,1.296795e-03,1,1.086195e-02,1,1,126,2
A,36,4.330145e-03,1,9.389495e-03,1,1,85,4
A,36,3.819067e-04,1,9.389495e-03,1,1,132,4
A,37,6.053169e-03,1,9.037004e-03,1,1,19,2
A,37,2.825915e-03,1,9.037004e-03,1,1,40,2
A,38,1.085877e-04,1,8.520845e-03,1,1,39,0
A,43,1.146915e-03,1,7.166374e-03,1,1,52,5
A,43,3.837871e-03,1,7.166374e-03,1,1,81,5
A,43,1.272047e-03,1,7.166374e-03,1,1,136,5
A,44,4.615432e-03,1,6.907153e-03,1,1,97,3
A,47,1.830055e-03,1,6.378189e-03,1,1,70,6
A,48,7.551163e-04,1,6.189254e-03,1,1,14,2
A,50,2.365456e-03,1,5.811392e-03,1,1,12,2
A,50,5.433880e-03,1,5.811392e-03,1,1,62,2
A,53,1.275066e-03,1,5.329106e-03,1,1,3,5
A,53,1.035820e-04,1,5.329106e-03,1,1,90,5
A,61,1.909270e-03,1,4.284422e-03,1,1,89,3
A,61,4.088943e-03,1,4.284422e-03,1,1,128,3
A,70,2.015308e-03,1,3.564700e-03,1,1,74,4
A,79,1.016686e-03,1,2.921255e-03,1,1,73,8
V,1,5.604778e-01,1,5.604778e-01,1,3,1,0
V,1,5.604778e-01,1,5.604778e-01,1,3,16,0
V,1,3.514186e-01,1,5.604778e-01,1,1,28,0
V,1,5.604778e-01,1,5.604778e-01,1,3,107,0
V,2,3.939247e-01,1,3.939247e-01,1,2,43,0
V,2,3.939247e-01,1,3.939247e-01,1,2,49,0
V,3,1.760659e-01,1,3.311791e-01,1,4,4,0
V,3,2.076487e-01,1,3.311791e-01,1,3,5,0
V,3,1.760659e-01,1,3.311791e-01,1,4,23,0
V,3,3.311791e-01,1,3.311791e-01,1,10,27,0
V,3,4.339846e-02,1,3.311791e-01,1,1,31,0
V,3,3.311791e-01,1,3.311791e-01,1,10,32,0
V,3,2.076487e-01,1,3.311791e-01,1,3,33,0
V,3,3.311791e-01,1,3.311791e-01,1,10,38,0
V,3,3.311791e-01,1,3.311791e-01,1,10,47,0
V,3,1.760659e-01,1,3.311791e-01,1,4,48,0
V,3,3.705828e-02,1,3.311791e-01,1,1,53,0
V,3,3.311791e-01,1,3.311791e-01,1,10,54,0
V,3,3.311791e-01,1,3.311791e-01,1,10,58,0
V,3,2.076487e-01,1,3.311791e-01,1,3,76,0
V,3,2.600004e-03,1,3.311791e-01,1,1,77,0
V,3,1.760659e-01,1,3.311791e-01,1,4,82,0
V,3,3.311791e-01,1,3.311791e-01,1,10,91,0
V,3,3.311791e-01,1,3.311791e-01,1,10,95,0
V,3,3.311791e-01,1,3.311791e-01,1,10,135,0
V,3,3.311791e-01,1,3.311791e-01,1,10,140,0
V,3,1.807245e-02,1,3.311791e-01,1,1,141,0
V,4,2.327650e-01,1,2.474914e-01,1,1,15,0
V,4,9.729550e-02,1,2.474914e-01,1,3,17,0
V,4,9.868106e-02,1,2.474914e-01,1,2,45,0
V,4,9.729550e-02,1,2.474914e-01,1,3,46,0
V,4,9.868106e-02,1,2.474914e-01,1,2,66,0
V,4,5.209188e-02,1,2.474914e-01,1,1,88,0
V,4,2.474914e-01,1,2.474914e-01,1,1,92,0
V,4,2.769380e-02,1,2.474914e-01,1,1,117,0
V,4,6.462031e-02,1,2.474914e-01,1,1,123,0
V,4,9.729550e-02,1,2.474914e-01,1,3,129,0
V,5,1.733918e-01,1,2.174327e-01,1,4,18,0
V,5,4.273931e-02,1,2.174327e-01,1,1,30,0
V,5,2.174327e-01,1,2.174327e-01,1,1,41,0
V,5,7.966224e-03,1,2.174327e-01,1,1,67,0
V,5,1.733918e-01,1,2.174327e-01,1,4,94,0
V,5,1.733918e-01,1,2.174327e-01,1,4,103,0
V,5,1.733918e-01,1,2.174327e-01,1,4,110,0
V,5,1.363299e-01,1,2.174327e-01,1,1,114,0
V,6,3.099922e-02,1,1.827993e-01,1,1,37,0
V,6,1.827993e-01,1,1.827993e-01,1,1,55,0
V,7,4.206538e-02,1,1.498912e-01,1,1,24,1
V,7,1.434370e-01,1,1.498912e-01,1,1,44,1
V,7,7.389330e-03,1,1.498912e-01,1,1,56,1
V,7,7.625591e-02,1,1.498912e-01,1,1,61,1
V,7,1.498912e-01,1,1.498912e-01,1,3,71,1
V,7,9.398152e-02,1,1.498912e-01,1,1,80,1
V,7,5.031759e-02,1,1.498912e-01,1,1,100,1
V,7,3.982103e-02,1,1.498912e-01,1,1,106,1
V,7,1.498912e-01,1,1.498912e-01,1,3,118,1
V,7,5.218237e-02,1,1.498912e-01,1,2,119,1
V,7,5.218237e-02,1,1.498912e-01,1,2,122,1
V,7,1.498912e-01,1,1.498912e-01,1,3,137,1
V,8,4.512303e-02,1,1.344171e-01,1,1,64,1
V,8,5.849413e-02,1,1.344171e-01,1,1,84,1
V,8,4.715343e-02,1,1.344171e-01,1,1,102,1
V,8,1.053491e-01,1,1.344171e-01,1,1,127,1
V,8,2.398892e-02,1,1.344171e-01,1,1,133,1
V,9,4.757122e-02,1,1.130067e-01,1,1,29,1
V,9,1.062825e-01,1,1.130067e-01,1,2,42,1
V,9,1.062825e-01,1,1.130067e-01,1,2,51,1
V,9,1.130067e-01,1,1.130067e-01,1,1,59,1
V,9,2.070151e-02,1,1.130067e-01,1,1,79,1
V,9,1.297981e-02,1,1.130067e-01,1,1,93,1
V,9,6.663896e-02,1,1.130067e-01,1,1,111,1
V,9,1.981011e-02,1,1.130067e-01,1,1,138,1
V,10,1.211106e-02,1,9.928167e-02,1,1,2,1
V,10,5.184514e-02,1,9.928167e-02,1,1,35,1
V,10,5.411650e-02,1,9.928167e-02,1,2,50,1
V,10,3.250681e-02,1,9.928167e-02,1,1,108,1
V,10,9.928167e-02,1,9.928167e-02,1,1,112,1
V,10,5.411650e-02,1,9.928167e-02,1,2,125,1
V,11,2.155366e-02,1,8.744242e-02,1,1,72,0
V,11,1.688269e-02,1,8.744242e-02,1,1,104,0
V,12,2.291036e-02,1,7.374935e-02,1,1,8,1
V,12,5.211024e-02,1,7.374935e-02,1,2,57,1
V,12,2.899284e-02,1,7.374935e-02,1,1,68,1
V,12,7.374935e-02,1,7.374935e-02,1,1,78,1
V,12,4.081814e-02,1,7.374935e-02,1,1,99,1
V,12,1.533272e-03,1,7.374935e-02,1,1,101,1
V,12,5.211024e-02,1,7.374935e-02,1,2,121,1
V,12,4.126203e-02,1,7.374935e-02,1,1,139,1
V,13,3.421061e-02,1,6.716917e-02,1,2,96,0
V,13,3.304552e-02,1,6.716917e-02,1,1,105,0
V,13,3.421061e-02,1,6.716917e-02,1,2,124,0
V,14,4.587163e-02,1,5.856174e-02,1,1,9,0
V,14,2.090259e-02,1,5.856174e-02,1,1,10,0
V,14,8.704477e-03,1,5.856174e-02,1,1,11,0
V,14,5.856174e-02,1,5.856174e-02,1,1,20,0
V,14,1.168167e-02,1,5.856174e-02,1,1,34,0
V,14,2.946223e-03,1,5.856174e-02,1,1,65,0
V,14,1.037753e-02,1,5.856174e-02,1,1,83,0
V,14,4.670009e-02,1,5.856174e-02,1,2,109,0
V,14,4.670009e-02,1,5.856174e-02,1,2,134,0
V,15,6.622418e-03,1,5.144921e-02,1,1,26,0
V,15,9.389533e-03,1,5.144921e-02,1,1,86,0
V,15,2.887801e-02,1,5.144921e-02,1,1,131,0
V,16,1.816914e-02,1,4.613783e-02,1,1,113,1
V,17,3.427051e-02,1,3.996427e-02,1,1,7,0
V,18,3.509058e-02,1,3.611363e-02,1,1,21,0
V,18,3.359863e-02,1,3.611363e-02,1,1,39,0
V,18,2.798300e-02,1,3.611363e-02,1,1,120,0
V,19,5.172924e-03,1,3.347117e-02,1,1,25,0
V,19,3.114020e-02,1,3.347117e-02,1,1,69,0
V,19,2.309808e-02,1,3.347117e-02,1,1,87,0
V,19,4.402510e-03,1,3.347117e-02,1,1,98,0
V,19,2.024550e-02,1,3.347117e-02,1,1,130,0
V,21,1.011195e-02,1,2.884245e-02,1,1,116,2
V,23,1.487118e-03,1,2.519000e-02,1,1,22,0
V,23,2.030622e-02,1,2.519000e-02,1,1,60,0
V,23,8.831429e-03,1,2.519000e-02,1,1,75,0
V,23,8.416051e-03,1,2.519000e-02,1,1,115,0
V,23,5.892314e-03,1,2.519000e-02,1,1,142,0
V,24,5.803387e-04,1,2.377314e-02,1,1,85,0
V,24,9.869315e-03,1,2.377314e-02,1,1,132,0
V,26,1.186313e-02,1,2.254495e-02,1,1,63,2
V,30,1.121013e-02,1,1.922628e-02,1,1,40,0
V,31,4.878271e-03,1,1.855850e-02,1,1,6,1
V,33,6.601301e-03,1,1.692993e-02,1,1,13,0
V,33,7.451246e-03,1,1.692993e-02,1,1,36,0
V,33,3.894748e-03,1,1.692993e-02,1,1,62,0
V,34,1.060931e-03,1,1.613105e-02,1,1,73,0
V,35,6.939880e-03,1,1.526202e-02,1,1,52,1
V,36,5.052765e-03,1,1.466404e-02,1,1,74,3
V,38,7.706096e-03,1,1.318474e-02,1,1,70,1
V,40,2.531970e-03,1,1.222483e-02,1,1,126,2
V,42,1.251595e-03,1,1.151746e-02,1,1,19,0
V,45,8.256049e-03,1,1.040875e-02,1,1,90,2
V,47,4.923182e-03,1,9.656615e-03,1,1,3,2
V,48,1.945091e-03,1,9.278261e-03,1,1,81,3
V,48,1.143968e-03,1,9.278261e-03,1,1,136,3
V,51,4.465378e-03,1,8.600679e-03,1,1,97,1
V,60,3.387322e-03,1,6.758111e-03,1,1,14,1
V,60,2.868884e-03,1,6.758111e-03,1,1,89,1
V,60,2.127746e-03,1,6.758111e-03,1,1,128,1
V,66,2.084006e-04,1,6.010375e-03,1,1,12,3
G,1,3.207721e-01,1,5.275735e-01,1,2,23,0
G,1,5.275735e-01,1,5.275735e-01,1,5,43,0
G,1,3.207721e-01,1,5.275735e-01,1,2,44,0
G,1,9.053309e-02,1,5.275735e-01,1,1,48,0
G,1,5.275735e-01,1,5.275735e-01,1,5,53,0
G,1,6.112132e-02,1,5.275735e-01,1,1,76,0
G,1,5.275735e-01,1,5.275735e-01,1,5,103,0
G,1,5.275735e-01,1,5.275735e-01,1,5,107,0
G,1,5.275735e-01,1,5.275735e-01,1,5,141,0
G,2,3.384617e-01,1,3.384617e-01,1,7,1,0
G,2,3.384617e-01,1,3.384617e-01,1,7,5,0
G,2,3.384617e-01,1,3.384617e-01,1,7,15,0
G,2,6.449198e-02,1,3.384617e-01,1,1,16,0
G,2,5.808097e-02,1,3.384617e-01,1,1,32,0
G,2,2.783338e-01,1,3.384617e-01,1,2,38,0
G,2,3.384617e-01,1,3.384617e-01,1,7,54,0
G,2,3.384617e-01,1,3.384617e-01,1,7,77,0
G,2,3.384617e-01,1,3.384617e-01,1,7,95,0
G,2,1.028947e-01,1,3.384617e-01,1,1,108,0
G,2,3.384617e-01,1,3.384617e-01,1,7,117,0
G,2,2.783338e-01,1,3.384617e-01,1,2,140,0
G,3,1.064996e-02,1,2.678451e-01,1,1,17,1
G,3,9.192595e-02,1,2.678451e-01,1,2,28,1
G,3,7.559526e-02,1,2.678451e-01,1,1,31,1
G,3,6.206168e-02,1,2.678451e-01,1,1,42,1
G,3,1.628536e-01,1,2.678451e-01,1,2,46,1
G,3,1.297236e-02,1,2.678451e-01,1,1,49,1
G,3,9.192595e-02,1,2.678451e-01,1,2,56,1
G,3,2.678451e-01,1,2.678451e-01,1,2,82,1
G,3,1.468416e-01,1,2.678451e-01,1,1,100,1
G,3,1.628536e-01,1,2.678451e-01,1,2,127,1
G,3,2.678451e-01,1,2.678451e-01,1,2,135,1
G,4,6.548420e-02,1,1.884107e-01,1,2,4,0
G,4,5.897455e-02,1,1.884107e-01,1,2,24,0
G,4,6.548420e-02,1,1.884107e-01,1,2,41,0
G,4,1.718345e-01,1,1.884107e-01,1,3,45,0
G,4,7.746972e-02,1,1.884107e-01,1,1,47,0
G,4,5.897455e-02,1,1.884107e-01,1,2,58,0
G,4,1.884107e-01,1,1.884107e-01,1,1,67,0
G,4,9.699539e-02,1,1.884107e-01,1,1,69,0
G,4,1.718345e-01,1,1.884107e-01,1,3,88,0
G,4,1.848193e-02,1,1.884107e-01,1,1,92,0
G,4,1.718345e-01,1,1.884107e-01,1,3,94,0
G,4,1.664468e-02,1,1.884107e-01,1,1,129,0
G,5,1.510922e-01,1,1.510922e-01,1,1,59,0
G,5,5.757955e-02,1,1.510922e-01,1,1,72,0
G,5,5.251375e-02,1,1.510922e-01,1,1,104,0
G,5,7.778353e-02,1,1.510922e-01,1,1,123,0
G,6,1.195684e-01,1,1.195684e-01,1,1,55,0
G,6,2.156244e-02,1,1.195684e-01,1,1,79,0
G,6,1.024196e-02,1,1.195684e-01,1,1,84,0
G,6,8.207306e-02,1,1.195684e-01,1,2,102,0
G,6,9.524406e-03,1,1.195684e-01,1,1,125,0
G,6,6.697823e-04,1,1.195684e-01,1,1,133,0
G,6,8.207306e-02,1,1.195684e-01,1,2,138,0
G,7,1.366480e-02,1,8.949312e-02,1,1,30,1
G,7,5.115724e-02,1,8.949312e-02,1,2,33,1
G,7,2.600615e-02,1,8.949312e-02,1,1,50,1
G,7,8.831355e-02,1,8.949312e-02,1,1,71,1
G,7,5.441306e-02,1,8.949312e-02,1,1,110,1
G,7,5.115724e-02,1,8.949312e-02,1,2,121,1
G,8,6.212252e-02,1,7.554272e-02,1,1,18,0
G,8,2.224545e-02,1,7.554272e-02,1,1,20,0
G,8,3.003701e-02,1,7.554272e-02,1,1,68,0
G,8,1.805242e-02,1,7.554272e-02,1,1,91,0
G,9,5.061729e-02,1,6.155204e-02,1,1,8,1
G,9,5.452198e-02,1,6.155204e-02,1,1,10,1
G,9,1.428597e-02,1,6.155204e-02,1,1,61,1
G,9,5.978151e-02,1,6.155204e-02,1,1,109,1
G,9,9.571317e-04,1,6.155204e-02,1,1,112,1
G,9,1.928968e-02,1,6.155204e-02,1,1,114,1
G,9,3.565515e-02,1,6.155204e-02,1,1,118,1
G,10,4.505592e-02,1,5.412205e-02,1,1,11,0
G,10,3.762142e-02,1,5.412205e-02,1,1,57,0
G,10,3.001183e-02,1,5.412205e-02,1,1,66,0
G,10,1.075283e-02,1,5.412205e-02,1,1,106,0
G,11,5.354177e-03,1,4.774231e-02,1,1,2,2
G,11,8.179001e-03,1,4.774231e-02,1,1,51,2
G,11,4.774231e-02,1,4.774231e-02,1,1,78,2
G,11,1.868336e-02,1,4.774231e-02,1,1,124,2
G,11,2.694910e-02,1,4.774231e-02,1,1,139,2
G,12,5.411652e-03,1,4.317871e-02,1,1,35,3
G,12,1.503239e-02,1,4.317871e-02,1,1,37,3
G,12,3.290984e-02,1,4.317871e-02,1,1,80,3
G,12,2.554890e-02,1,4.317871e-02,1,1,122,3
G,12,1.946665e-02,1,4.317871e-02,1,1,137,3
G,13,3.701741e-02,1,3.701741e-02,1,1,21,1
G,13,1.315060e-02,1,3.701741e-02,1,1,29,1
G,14,1.142453e-02,1,3.324762e-02,1,1,99,1
G,14,2.315425e-02,1,3.324762e-02,1,1,111,1
G,14,2.042813e-03,1,3.324762e-02,1,1,119,1
G,15,9.842115e-03,1,3.048208e-02,1,1,7,3
G,15,1.437813e-02,1,3.048208e-02,1,1,75,3
G,15,2.022465e-03,1,3.048208e-02,1,1,93,3
G,15,7.734922e-03,1,3.048208e-02,1,1,113,3
G,15,2.404079e-02,1,3.048208e-02,1,1,142,3
G,16,1.666022e-02,1,2.858940e-02,1,1,9,0
G,16,2.500677e-02,1,2.858940e-02,1,1,65,0
G,16,2.017232e-02,1,2.858940e-02,1,1,105,0
G,17,9.906709e-03,1,2.598359e-02,1,1,26,3
G,17,2.242794e-02,1,2.598359e-02,1,1,64,3
G,18,5.685422e-03,1,2.467486e-02,1,1,27,2
G,18,8.562800e-03,1,2.467486e-02,1,1,36,2
G,18,8.548650e-03,1,2.467486e-02,1,2,115,2
G,18,8.548650e-03,1,2.467486e-02,1,2,120,2
G,19,1.617364e-02,1,2.248530e-02,1,1,25,1
G,20,1.130181e-02,1,2.060759e-02,1,1,96,1
G,21,7.461330e-04,1,1.958952e-02,1,1,87,3
G,21,1.315597e-04,1,1.958952e-02,1,1,130,3
G,22,8.287146e-03,1,1.894734e-02,1,1,6,3
G,22,3.829500e-03,1,1.894734e-02,1,1,86,3
G,22,1.087298e-02,1,1.894734e-02,1,1,131,3
G,23,1.130021e-02,1,1.768543e-02,1,1,60,1
G,23,1.454361e-02,1,1.768543e-02,1,1,83,1
G,23,1.214629e-02,1,1.768543e-02,1,1,134,1
G,25,1.113502e-04,1,1.603350e-02,1,1,34,3
G,27,1.305330e-02,1,1.410949e-02,1,1,22,2
G,27,3.167902e-03,1,1.410949e-02,1,1,98,2
G,29,5.765094e-05,1,1.211789e-02,1,1,101,8
G,29,4.452542e-03,1,1.211789e-02,1,1,116,8
G,31,9.917444e-03,1,1.068825e-02,1,1,63,3
G,33,5.486706e-04,1,9.983140e-03,1,1,85,0
G,33,7.928677e-03,1,9.983140e-03,1,1,132,0
G,34,9.090215e-04,1,9.898056e-03,1,1,13,0
G,34,2.245582e-03,1,9.898056e-03,1,1,39,0
G,37,7.912055e-04,1,9.034828e-03,1,1,81,5
G,37,5.307547e-03,1,9.034828e-03,1,1,136,5
G,38,1.601924e-03,1,8.625160e-03,1,1,126,6
G,42,5.618535e-03,1,7.205466e-03,1,1,62,5
G,42,4.462751e-03,1,7.205466e-03,1,1,70,5
G,42,7.205466e-03,1,7.205466e-03,1,1,97,5
G,43,5.555197e-03,1,7.012581e-03,1,1,90,4
G,44,8.178578e-04,1,6.782695e-03,1,1,19,3
G,56,1.818411e-03,1,4.866061e-03,1,1,3,3
G,57,3.492136e-03,1,4.720345e-03,1,1,40,6
G,59,3.239275e-03,1,4.496035e-03,1,1,52,6
G,60,3.395041e-03,1,4.326607e-03,1,1,12,5
G,62,4.556458e-04,1,4.059216e-03,1,1,73,5
G,65,1.198587e-03,1,3.746641e-03,1,1,89,5
G,65,3.152407e-03,1,3.746641e-03,1,1,128,5
G,71,2.976151e-03,1,3.435531e-03,1,1,74,6
G,73,2.164708e-03,1,3.264772e-03,1,1,14,6
L,3,1.502503e-02,1,4.225789e-01,1,1,31,0
L,3,4.225789e-01,1,4.225789e-01,1,1,47,0
L,3,1.094010e-01,1,4.225789e-01,1,1,56,0
L,3,8.451578e-02,1,4.225789e-01,1,1,110,0
L,4,3.171104e-01,1,3.171104e-01,1,3,16,0
L,4,1.094618e-01,1,3.171104e-01,1,2,54,0
L,4,2.010715e-01,1,3.171104e-01,1,2,77,0
L,4,3.171104e-01,1,3.171104e-01,1,3,80,0
L,4,7.149207e-03,1,3.171104e-01,1,1,82,0
L,4,1.094618e-01,1,3.171104e-01,1,2,108,0
L,4,3.171104e-01,1,3.171104e-01,1,3,109,0
L,4,2.010715e-01,1,3.171104e-01,1,2,135,0
L,4,8.456276e-02,1,3.171104e-01,1,1,137,0
L,4,4.781032e-02,1,3.171104e-01,1,1,140,0
L,5,2.379650e-01,1,2.379650e-01,1,2,1,0
L,5,5.979612e-02,1,2.379650e-01,1,1,5,0
L,5,7.932166e-02,1,2.379650e-01,1,2,45,0
L,5,2.379650e-01,1,2.379650e-01,1,2,49,0
L,5,2.937839e-03,1,2.379650e-01,1,1,53,0
L,5,1.886093e-01,1,2.379650e-01,1,1,84,0
L,5,7.932166e-02,1,2.379650e-01,1,2,133,0
L,6,1.785729e-01,1,1.785729e-01,1,2,23,0
L,6,1.698427e-01,1,1.785729e-01,1,1,43,0
L,6,7.328398e-02,1,1.785729e-01,1,1,100,0
L,6,1.785729e-01,1,1.785729e-01,1,2,102,0
L,7,8.094843e-02,1,1.486950e-01,1,3,30,0
L,7,9.912998e-03,1,1.486950e-01,1,1,32,0
L,7,5.947799e-02,1,1.486950e-01,1,2,41,0
L,7,1.486950e-01,1,1.486950e-01,1,2,44,0
L,7,1.340041e-01,1,1.486950e-01,1,3,46,0
L,7,1.340041e-01,1,1.486950e-01,1,3,76,0
L,7,2.566365e-02,1,1.486950e-01,1,2,91,0
L,7,8.094843e-02,1,1.486950e-01,1,3,92,0
L,7,2.566365e-02,1,1.486950e-01,1,2,106,0
L,7,1.340041e-01,1,1.486950e-01,1,3,107,0
L,7,6.253527e-02,1,1.486950e-01,1,1,119,0
L,7,8.094843e-02,1,1.486950e-01,1,3,123,0
L,7,5.947799e-02,1,1.486950e-01,1,2,124,0
L,7,1.486950e-01,1,1.486950e-01,1,2,141,0
L,8,3.663383e-02,1,1.275237e-01,1,1,28,0
L,8,9.534481e-03,1,1.275237e-01,1,1,33,0
L,8,1.275237e-01,1,1.275237e-01,1,1,58,0
L,8,5.135583e-03,1,1.275237e-01,1,1,61,0
L,8,6.942294e-02,1,1.275237e-01,1,1,104,0
L,8,1.005590e-01,1,1.275237e-01,1,1,127,0
L,9,7.432383e-02,1,1.076579e-01,1,1,4,0
L,9,6.826309e-02,1,1.076579e-01,1,1,37,0
L,9,5.741755e-02,1,1.076579e-01,1,2,42,0
L,9,1.076579e-01,1,1.076579e-01,1,1,94,0
L,9,5.741755e-02,1,1.076579e-01,1,2,125,0
L,10,6.403222e-02,1,8.976480e-02,1,1,17,0
L,10,3.718257e-02,1,8.976480e-02,1,1,55,0
L,10,1.132547e-02,1,8.976480e-02,1,1,71,0
L,10,4.125889e-03,1,8.976480e-02,1,1,79,0
L,10,4.886728e-02,1,8.976480e-02,1,1,88,0
L,10,4.367006e-03,1,8.976480e-02,1,1,129,0
L,10,1.123051e-02,1,8.976480e-02,1,1,138,0
L,11,2.689195e-02,1,7.409712e-02,1,1,59,1
L,11,1.023089e-02,1,7.409712e-02,1,1,66,1
L,11,3.116234e-02,1,7.409712e-02,1,1,95,1
L,12,1.963064e-04,1,6.065862e-02,1,1,8,0
L,13,1.817392e-02,1,5.106586e-02,1,1,10,1
L,13,2.968124e-02,1,5.106586e-02,1,1,38,1
L,13,2.073891e-02,1,5.106586e-02,1,1,48,1
L,13,1.080339e-02,1,5.106586e-02,1,1,112,1
L,14,3.985149e-02,1,4.470746e-02,1,1,51,0
L,14,1.567122e-03,1,4.470746e-02,1,1,72,0
L,14,2.887280e-03,1,4.470746e-02,1,1,118,0
L,14,2.169485e-02,1,4.470746e-02,1,1,121,0
L,14,1.697559e-02,1,4.470746e-02,1,1,122,0
L,15,3.190905e-02,1,3.988631e-02,1,1,15,1
L,15,1.341969e-02,1,3.988631e-02,1,1,115,1
L,16,1.233224e-02,1,3.683860e-02,1,1,24,2
L,16,1.945003e-04,1,3.683860e-02,1,1,114,2
L,17,7.685418e-03,1,3.356809e-02,1,1,103,1
L,18,1.152022e-02,1,3.022807e-02,1,1,36,1
L,18,2.395855e-02,1,3.022807e-02,1,1,50,1
L,19,1.759309e-02,1,2.873263e-02,1,1,20,1
L,19,5.412674e-03,1,2.873263e-02,1,1,98,1
L,20,3.556040e-03,1,2.695182e-02,1,1,35,0
L,20,1.354497e-02,1,2.695182e-02,1,1,105,0
L,20,7.726373e-03,1,2.695182e-02,1,1,113,0
L,22,6.459061e-03,1,2.291468e-02,1,1,18,1
L,22,6.030791e-04,1,2.291468e-02,1,1,126,1
L,23,1.133190e-02,1,2.089792e-02,1,1,2,1
L,23,8.498926e-03,1,2.089792e-02,1,1,68,1
L,23,1.313139e-02,1,2.089792e-02,1,1,101,1
L,24,1.340810e-03,1,1.980903e-02,1,1,9,2
L,24,3.329884e-03,1,1.980903e-02,1,1,27,2
L,25,3.730939e-03,1,1.858129e-02,1,1,57,3
L,25,8.871345e-03,1,1.858129e-02,1,1,93,3
L,26,1.131464e-03,1,1.726365e-02,1,1,11,0
L,27,9.902213e-04,1,1.589923e-02,1,1,22,1
L,27,1.386178e-02,1,1.589923e-02,1,1,67,1
L,27,5.053313e-03,1,1.589923e-02,1,1,69,1
L,27,1.256031e-02,1,1.589923e-02,1,1,99,1
L,27,1.330401e-04,1,1.589923e-02,1,1,111,1
L,28,1.359738e-03,1,1.452476e-02,1,1,29,2
L,29,8.308418e-03,1,1.363866e-02,1,1,75,2
L,29,1.894259e-03,1,1.363866e-02,1,1,142,2
L,30,5.446407e-03,1,1.279335e-02,1,1,64,1
L,34,3.262813e-03,1,1.019629e-02,1,1,85,1
L,34,2.586904e-03,1,1.019629e-02,1,1,120,1
L,34,7.854921e-04,1,1.019629e-02,1,1,132,1
L,35,6.548803e-04,1,9.564336e-03,1,1,96,2
L,36,6.808001e-04,1,8.909677e-03,1,1,26,0
L,37,1.197623e-05,1,8.246032e-03,1,1,6,1
L,37,1.270457e-03,1,8.246032e-03,1,1,65,1
L,38,2.586458e-04,1,7.838085e-03,1,1,25,4
L,38,1.202485e-03,1,7.838085e-03,1,1,78,4
L,38,3.781145e-04,1,7.838085e-03,1,1,139,4
L,41,1.517446e-06,1,6.770560e-03,1,1,39,2
L,41,3.741399e-04,1,6.770560e-03,1,1,62,2
L,42,2.013025e-04,1,6.466399e-03,1,1,63,2
L,43,4.067698e-04,1,6.136979e-03,1,1,52,5
L,44,2.981723e-03,1,5.828823e-03,1,1,19,3
L,45,1.307084e-04,1,5.623775e-03,1,1,40,1
L,46,5.633590e-04,1,5.392447e-03,1,1,86,3
L,46,8.617421e-04,1,5.392447e-03,1,1,131,3
L,47,4.096374e-03,1,5.140254e-03,1,1,21,2
L,47,1.958758e-03,1,5.140254e-03,1,1,60,2
L,47,9.768590e-04,1,5.140254e-03,1,1,70,2
L,52,1.199472e-03,1,4.146820e-03,1,1,97,3
L,53,3.185533e-04,1,3.926850e-03,1,1,90,5
L,59,3.232524e-04,1,2.923057e-03,1,1,83,1
L,59,6.548307e-05,1,2.923057e-03,1,1,134,1
L,60,8.848483e-04,1,2.839379e-03,1,1,3,4
L,60,1.154150e-03,1,2.839379e-03,1,1,34,4
L,63,5.036641e-04,1,2.586176e-03,1,1,87,3
L,63,1.228388e-03,1,2.586176e-03,1,1,130,3
L,66,4.262172e-04,1,2.331594e-03,1,1,116,2
L,69,1.243409e-03,1,2.081233e-03,1,1,7,3
L,72,6.165166e-04,1,1.799716e-03,1,1,74,4
L,83,3.325332e-04,1,1.259054e-03,1,1,13,2
L,85,3.461316e-04,1,1.180023e-03,1,1,73,2
L,93,4.190558e-06,1,8.977654e-04,1,1,89,10
L,93,1.663458e-04,1,8.977654e-04,1,1,128,10
L,103,2.245776e-05,1,6.558568e-04,1,1,81,7
L,103,8.118076e-05,1,6.558568e-04,1,1,136,7
L,130,1.282294e-04,1,3.606214e-04,1,1,14,5
L,142,2.242449e-06,1,2.848812e-04,1,1,12,11
S,1,3.702852e-01,1,3.702852e-01,1,3,1,0
S,1,2.902484e-01,1,3.702852e-01,1,2,5,0
S,1,2.575897e-02,1,3.702852e-01,1,1,31,0
S,1,2.902484e-01,1,3.702852e-01,1,2,41,0
S,1,3.702852e-01,1,3.702852e-01,1,3,46,0
S,1,3.702852e-01,1,3.702852e-01,1,3,47,0
S,1,2.359706e-01,1,3.702852e-01,1,1,117,0
S,2,1.747528e-01,1,2.149494e-01,1,1,44,0
S,2,1.371111e-01,1,2.149494e-01,1,1,45,0
S,2,2.431343e-02,1,2.149494e-01,1,2,55,0
S,2,1.495300e-02,1,2.149494e-01,1,1,76,0
S,2,1.369802e-01,1,2.149494e-01,1,2,79,0
S,2,8.424413e-02,1,2.149494e-01,1,1,94,0
S,2,1.369802e-01,1,2.149494e-01,1,2,138,0
S,2,2.431343e-02,1,2.149494e-01,1,2,141,0
S,3,5.963740e-02,1,1.521652e-01,1,3,16,2
S,3,2.445172e-02,1,1.521652e-01,1,1,17,2
S,3,3.322124e-02,1,1.521652e-01,1,1,28,2
S,3,2.948320e-03,1,1.521652e-01,1,1,32,2
S,3,9.706256e-02,1,1.521652e-01,1,1,35,2
S,3,1.313934e-02,1,1.521652e-01,1,1,49,2
S,3,1.690724e-02,1,1.521652e-01,1,1,58,2
S,3,5.963740e-02,1,1.521652e-01,1,3,107,2
S,3,5.963740e-02,1,1.521652e-01,1,3,110,2
S,4,1.126890e-01,1,1.126890e-01,1,2,23,1
S,4,4.580782e-02,1,1.126890e-01,1,3,33,1
S,4,4.580782e-02,1,1.126890e-01,1,3,48,1
S,4,8.833139e-02,1,1.126890e-01,1,1,54,1
S,4,3.135694e-02,1,1.126890e-01,1,1,56,1
S,4,4.580782e-02,1,1.126890e-01,1,3,100,1
S,4,1.126890e-01,1,1.126890e-01,1,2,109,1
S,4,2.181353e-03,1,1.126890e-01,1,1,122,1
S,4,2.000185e-02,1,1.126890e-01,1,1,123,1
S,5,8.176951e-02,1,8.176951e-02,1,1,43,2
S,5,2.826993e-02,1,8.176951e-02,1,1,50,2
S,5,3.624975e-03,1,8.176951e-02,1,1,80,2
S,5,4.273007e-02,1,8.176951e-02,1,1,82,2
S,5,6.647822e-02,1,8.176951e-02,1,1,118,2
S,5,1.137663e-02,1,8.176951e-02,1,1,135,2
S,5,1.309817e-03,1,8.176951e-02,1,1,137,2
S,6,2.149693e-02,1,6.055608e-02,1,1,10,1
S,6,7.147453e-04,1,6.055608e-02,1,1,42,1
S,6,1.322082e-02,1,6.055608e-02,1,1,66,1
S,6,3.917980e-03,1,6.055608e-02,1,1,84,1
S,6,4.746694e-02,1,6.055608e-02,1,1,91,1
S,6,1.094040e-02,1,6.055608e-02,1,1,92,1
S,6,1.212280e-02,1,6.055608e-02,1,1,133,1
S,7,2.192215e-04,1,5.001308e-02,1,1,15,0
S,7,5.931180e-03,1,5.001308e-02,1,1,20,0
S,7,4.101138e-02,1,5.001308e-02,1,1,24,0
S,7,1.090861e-02,1,5.001308e-02,1,1,71,0
S,7,8.252076e-04,1,5.001308e-02,1,1,77,0
S,7,5.247164e-04,1,5.001308e-02,1,1,140,0
S,8,3.037181e-02,1,3.870991e-02,1,1,8,3
S,8,6.091924e-04,1,3.870991e-02,1,1,30,3
S,8,2.380697e-02,1,3.870991e-02,1,1,59,3
S,8,3.658649e-03,1,3.870991e-02,1,1,102,3
S,8,9.531894e-03,1,3.870991e-02,1,1,104,3
S,8,3.727543e-04,1,3.870991e-02,1,1,106,3
S,8,8.602202e-03,1,3.870991e-02,1,1,121,3
S,8,5.585973e-03,1,3.870991e-02,1,1,124,3
S,9,2.468646e-02,1,3.225084e-02,1,1,4,2
S,9,3.749312e-03,1,3.225084e-02,1,1,61,2
S,9,2.165178e-03,1,3.225084e-02,1,1,93,2
S,9,1.717319e-02,1,3.225084e-02,1,1,112,2
S,9,2.344798e-03,1,3.225084e-02,1,1,113,2
S,9,5.821052e-03,1,3.225084e-02,1,1,115,2
S,10,1.941759e-02,1,2.536750e-02,1,1,95,2
S,10,1.302366e-02,1,2.536750e-02,1,1,105,2
S,10,4.502630e-03,1,2.536750e-02,1,1,108,2
S,10,8.257349e-03,1,2.536750e-02,1,1,114,2
S,10,1.504905e-03,1,2.536750e-02,1,1,127,2
S,11,1.969982e-03,1,2.066506e-02,1,1,18,2
S,11,4.976306e-03,1,2.066506e-02,1,1,38,2
S,11,1.494319e-02,1,2.066506e-02,1,1,51,2
S,11,7.122700e-04,1,2.066506e-02,1,1,88,2
S,11,5.501949e-03,1,2.066506e-02,1,1,119,2
S,11,2.035812e-03,1,2.066506e-02,1,1,129,2
S,12,8.149160e-03,1,1.799400e-02,1,1,11,2
S,12,4.494023e-03,1,1.799400e-02,1,1,26,2
S,12,1.410461e-02,1,1.799400e-02,1,1,27,2
S,12,4.827533e-03,1,1.799400e-02,1,1,72,2
S,13,6.249626e-03,1,1.443631e-02,1,2,29,2
S,13,8.975256e-03,1,1.443631e-02,1,1,37,2
S,13,6.249626e-03,1,1.443631e-02,1,2,69,2
S,14,1.299651e-04,1,1.192290e-02,1,1,36,0
S,14,3.563701e-03,1,1.192290e-02,1,1,68,0
S,14,1.121493e-02,1,1.192290e-02,1,1,98,0
S,14,9.316234e-04,1,1.192290e-02,1,1,103,0
S,14,3.406587e-03,1,1.192290e-02,1,1,125,0
S,14,8.581725e-05,1,1.192290e-02,1,1,126,0
S,15,3.978988e-03,1,1.038181e-02,1,1,65,7
S,15,6.419670e-04,1,1.038181e-02,1,1,67,7
S,16,1.390999e-04,1,8.786812e-03,1,1,6,7
S,16,3.865156e-03,1,8.786812e-03,1,1,25,7
S,16,6.396934e-04,1,8.786812e-03,1,1,90,7
S,17,2.226725e-03,1,7.695534e-03,1,1,2,5
S,17,5.241268e-03,1,7.695534e-03,1,1,21,5
S,17,1.715874e-04,1,7.695534e-03,1,1,75,5
S,17,5.063825e-04,1,7.695534e-03,1,1,142,5
S,18,1.386278e-03,1,6.700849e-03,1,1,96,6
S,18,7.740803e-05,1,6.700849e-03,1,1,99,6
S,18,5.995530e-04,1,6.700849e-03,1,1,101,6
S,19,3.746497e-04,1,6.008572e-03,1,1,22,3
S,19,2.953953e-03,1,6.008572e-03,1,1,39,3
S,20,2.301431e-03,1,5.562213e-03,1,1,57,6
S,20,2.023560e-03,1,5.562213e-03,1,1,111,6
S,21,4.666681e-04,1,4.843270e-03,1,1,9,6
S,25,2.346222e-04,1,3.196370e-03,1,1,62,10
S,25,5.422429e-05,1,3.196370e-03,1,1,64,10
S,25,3.015955e-06,1,3.196370e-03,1,1,78,10
S,25,1.306389e-03,1,3.196370e-03,1,1,139,10
S,26,3.894998e-06,1,2.801497e-03,1,1,83,5
S,26,1.220160e-03,1,2.801497e-03,1,1,134,5
S,27,1.425728e-04,1,2.546230e-03,1,1,19,9
S,27,3.212939e-04,1,2.546230e-03,1,1,34,9
S,27,1.735294e-04,1,2.546230e-03,1,1,60,9
S,28,2.354530e-04,1,2.299233e-03,1,1,85,12
S,28,4.561441e-04,1,2.299233e-03,1,1,120,12
S,28,1.494231e-04,1,2.299233e-03,1,1,132,12
S,29,8.362279e-05,1,2.057482e-03,1,1,86,7
S,29,1.405744e-04,1,2.057482e-03,1,1,131,7
S,30,1.092212e-03,1,1.820644e-03,1,1,52,8
S,31,8.320643e-04,1,1.638161e-03,1,1,7,7
S,34,8.477448e-04,1,1.169171e-03,1,1,3,9
S,36,3.180794e-04,1,1.012696e-03,1,1,40,10
S,37,1.529694e-04,1,9.651821e-04,1,1,70,12
S,37,7.073542e-04,1,9.651821e-04,1,1,97,12
S,38,5.201885e-06,1,9.447597e-04,1,1,13,17
S,38,7.086949e-05,1,9.447597e-04,1,1,73,17
S,38,4.473123e-05,1,9.447597e-04,1,1,87,17
S,38,3.153924e-04,1,9.447597e-04,1,1,130,17
S,39,2.896763e-04,1,9.095593e-04,1,1,116,16
S,43,4.353256e-04,1,7.944780e-04,1,1,89,13
S,43,2.839211e-04,1,7.944780e-04,1,1,128,13
S,48,3.517205e-06,1,6.397035e-04,1,1,63,11
S,49,4.094848e-05,1,6.108823e-04,1,1,81,14
S,49,4.297774e-05,1,6.108823e-04,1,1,136,14
S,57,1.503444e-05,1,4.183603e-04,1,1,74,16
S,101,3.983050e-05,1,1.030721e-04,1,1,12,32
S,104,9.357010e-06,1,9.449511e-05,1,1,14,28
R,1,2.974138e-01,1,3.959360e-01,1,5,1,0
R,1,2.974138e-01,1,3.959360e-01,1,5,5,0
R,1,2.974138e-01,1,3.959360e-01,1,5,10,0
R,1,2.974138e-01,1,3.959360e-01,1,5,24,0
R,1,2.974138e-01,1,3.959360e-01,1,5,32,0
R,1,3.959360e-01,1,3.959360e-01,1,6,33,0
R,1,3.959360e-01,1,3.959360e-01,1,6,38,0
R,1,3.959360e-01,1,3.959360e-01,1,6,47,0
R,1,3.959360e-01,1,3.959360e-01,1,6,54,0
R,1,3.959360e-01,1,3.959360e-01,1,6,72,0
R,1,3.959360e-01,1,3.959360e-01,1,6,110,0
R,2,4.079206e-02,1,2.355136e-01,1,1,31,0
R,2,1.567653e-01,1,2.355136e-01,1,3,44,0
R,2,2.355136e-01,1,2.355136e-01,1,4,45,0
R,2,1.201376e-01,1,2.355136e-01,1,4,49,0
R,2,1.201376e-01,1,2.355136e-01,1,4,53,0
R,2,2.355136e-01,1,2.355136e-01,1,4,66,0
R,2,1.567653e-01,1,2.355136e-01,1,3,67,0
R,2,1.567653e-01,1,2.355136e-01,1,3,88,0
R,2,1.201376e-01,1,2.355136e-01,1,4,92,0
R,2,1.201376e-01,1,2.355136e-01,1,4,100,0
R,2,2.355136e-01,1,2.355136e-01,1,4,103,0
R,2,2.355136e-01,1,2.355136e-01,1,4,123,0
R,2,1.599347e-01,1,2.355136e-01,1,1,129,0
R,3,3.959065e-02,1,1.427004e-01,1,1,21,0
R,3,5.359587e-02,1,1.427004e-01,1,1,23,0
R,3,1.050675e-01,1,1.427004e-01,1,1,55,0
R,3,1.621710e-02,1,1.427004e-01,1,1,77,0
R,3,1.427004e-01,1,1.427004e-01,1,1,107,0
R,3,4.845313e-02,1,1.427004e-01,1,1,140,0
R,4,8.320001e-02,1,1.130004e-01,1,1,8,0
R,4,6.683190e-03,1,1.130004e-01,1,1,15,0
R,4,5.014442e-02,1,1.130004e-01,1,1,27,0
R,4,9.801320e-03,1,1.130004e-01,1,1,35,0
R,4,2.242820e-03,1,1.130004e-01,1,1,76,0
R,4,2.354961e-02,1,1.130004e-01,1,1,83,0
R,4,2.457535e-02,1,1.130004e-01,1,1,108,0
R,4,5.764252e-02,1,1.130004e-01,1,1,117,0
R,4,4.166470e-02,1,1.130004e-01,1,1,134,0
R,4,7.384072e-02,1,1.130004e-01,1,1,141,0
R,5,3.654525e-02,1,8.401971e-02,1,1,17,0
R,5,6.615289e-03,1,8.401971e-02,1,1,22,0
R,5,3.165960e-02,1,8.401971e-02,1,1,30,0
R,5,8.401971e-02,1,8.401971e-02,1,1,48,0
R,5,1.404908e-02,1,8.401971e-02,1,1,56,0
R,5,1.291556e-02,1,8.401971e-02,1,1,69,0
R,5,5.490312e-02,1,8.401971e-02,1,1,84,0
R,5,5.514581e-03,1,8.401971e-02,1,1,95,0
R,5,7.456822e-02,1,8.401971e-02,1,1,98,0
R,5,1.940347e-02,1,8.401971e-02,1,1,102,0
R,5,1.073146e-02,1,8.401971e-02,1,1,133,0
R,6,3.997774e-03,1,6.653285e-02,1,1,9,0
R,6,8.705212e-03,1,6.653285e-02,1,1,20,0
R,6,8.867421e-03,1,6.653285e-02,1,1,37,0
R,6,3.265789e-02,1,6.653285e-02,1,1,50,0
R,6,1.179136e-02,1,6.653285e-02,1,1,64,0
R,6,4.518173e-02,1,6.653285e-02,1,1,65,0
R,6,2.906707e-03,1,6.653285e-02,1,1,80,0
R,6,6.653285e-02,1,6.653285e-02,1,1,137,0
R,7,1.068981e-02,1,4.703184e-02,1,1,16,0
R,7,7.870699e-03,1,4.703184e-02,1,1,29,0
R,7,1.511134e-03,1,4.703184e-02,1,1,58,0
R,7,1.993428e-03,1,4.703184e-02,1,1,96,0
R,8,8.102361e-03,1,3.730112e-02,1,1,51,0
R,8,1.902763e-02,1,3.730112e-02,1,1,61,0
R,8,2.066543e-02,1,3.730112e-02,1,1,104,0
R,8,1.271719e-02,1,3.730112e-02,1,1,112,0
R,8,3.724320e-02,1,3.730112e-02,1,1,113,0
R,8,1.014370e-02,1,3.730112e-02,1,1,121,0
R,9,1.512289e-03,1,3.322992e-02,1,1,18,0
R,9,2.961246e-03,1,3.322992e-02,1,1,36,0
R,9,1.277457e-02,1,3.322992e-02,1,1,75,0
R,9,1.201655e-02,1,3.322992e-02,1,1,79,0
R,9,6.543074e-03,1,3.322992e-02,1,1,82,0
R,9,1.843855e-02,1,3.322992e-02,1,1,91,0
R,9,6.535586e-03,1,3.322992e-02,1,1,94,0
R,9,2.364706e-03,1,3.322992e-02,1,1,115,0
R,9,5.316248e-03,1,3.322992e-02,1,1,135,0
R,9,1.904000e-05,1,3.322992e-02,1,1,138,0
R,9,2.260117e-02,1,3.322992e-02,1,1,142,0
R,10,1.145859e-02,1,2.631384e-02,1,1,2,0
R,10,2.932124e-03,1,2.631384e-02,1,1,57,0
R,10,1.719492e-02,1,2.631384e-02,1,1,71,0
R,10,2.484722e-03,1,2.631384e-02,1,1,119,0
R,10,3.759120e-03,1,2.631384e-02,1,1,127,0
R,11,1.061400e-03,1,2.152177e-02,1,1,25,0
R,11,1.704092e-03,1,2.152177e-02,1,1,109,0
R,11,1.378935e-02,1,2.152177e-02,1,1,122,0
R,12,3.311819e-03,1,1.738705e-02,1,1,68,1
R,12,4.810946e-03,1,1.738705e-02,1,1,78,1
R,12,1.536209e-02,1,1.738705e-02,1,1,86,1
R,12,1.306057e-02,1,1.738705e-02,1,1,116,1
R,12,1.311801e-03,1,1.738705e-02,1,1,125,1
R,12,3.177156e-04,1,1.738705e-02,1,1,131,1
R,12,2.082763e-04,1,1.738705e-02,1,1,139,1
R,13,9.426929e-04,1,1.491567e-02,1,1,4,1
R,13,6.487241e-03,1,1.491567e-02,1,1,11,1
R,13,1.119049e-02,1,1.491567e-02,1,1,63,1
R,13,1.134668e-02,1,1.491567e-02,1,1,99,1
R,13,2.386953e-03,1,1.491567e-02,1,1,114,1
R,14,4.276079e-04,1,1.242116e-02,1,1,39,1
R,14,2.303981e-03,1,1.242116e-02,1,1,59,1
R,14,7.946081e-03,1,1.242116e-02,1,1,85,1
R,14,1.043572e-02,1,1.242116e-02,1,1,105,1
R,14,1.181130e-02,1,1.242116e-02,1,1,120,1
R,14,1.868784e-03,1,1.242116e-02,1,1,132,1
R,15,2.280572e-03,1,1.053853e-02,1,1,26,0
R,15,2.447974e-03,1,1.053853e-02,1,1,93,0
R,15,2.189027e-04,1,1.053853e-02,1,1,124,0
R,16,3.643799e-04,1,9.448341e-03,1,1,106,0
R,16,9.104421e-04,1,9.448341e-03,1,1,111,0
R,16,5.630906e-04,1,9.448341e-03,1,1,118,0
R,18,8.120333e-04,1,7.236268e-03,1,1,7,0
R,18,5.647670e-04,1,7.236268e-03,1,1,97,0
R,21,4.229734e-04,1,5.341928e-03,1,1,6,1
R,21,1.727450e-04,1,5.341928e-03,1,1,19,1
R,21,4.456729e-04,1,5.341928e-03,1,1,70,1
R,21,5.943814e-04,1,5.341928e-03,1,1,73,1
R,21,3.980818e-03,1,5.341928e-03,1,1,74,1
R,21,2.423158e-04,1,5.341928e-03,1,1,90,1
R,22,1.781867e-03,1,4.747211e-03,1,1,40,0
R,22,1.602472e-04,1,4.747211e-03,1,1,126,0
R,27,7.123895e-04,1,2.828275e-03,1,1,52,0
R,27,1.467972e-04,1,2.828275e-03,1,1,87,0
R,27,6.453346e-05,1,2.828275e-03,1,1,130,0
R,29,1.373948e-04,1,2.504032e-03,1,1,34,1
R,29,6.582256e-04,1,2.504032e-03,1,1,62,1
R,30,1.008220e-03,1,2.287930e-03,1,1,101,0
R,33,1.613202e-03,1,1.817675e-03,1,1,3,0
R,35,2.076605e-04,1,1.638540e-03,1,1,60,1
R,50,8.043799e-05,1,6.407725e-04,1,1,12,0
R,51,3.161364e-04,1,6.074565e-04,1,1,13,0
R,51,2.600615e-04,1,6.074565e-04,1,1,81,0
R,51,7.180692e-05,1,6.074565e-04,1,1,136,0
R,64,1.772433e-05,1,3.411884e-04,1,1,89,3
R,64,6.702623e-05,1,3.411884e-04,1,1,128,3
R,68,1.476166e-05,1,2.829696e-04,1,1,14,0
