1 , E ,0.746848 , 0.031518, 0.010658,0.001683
1 , H ,-74995.367308 , -55017.744777, 0.440449,0.074311
1 , Q ,0.721158 , 0.005968, 0.010903,0.000354
1 , F ,-65458.869614 , -44949.885547, 0.366985,0.084526
1 , Y ,-77578.311468 , -55691.667500, 0.446467,0.078701
1 , C ,-68042.599850 , -46113.117471, 0.382962,0.086610
1 , N ,-73716.220172 , -52058.574502, 0.415556,0.082991
1 , K ,0.549545 , -0.392986, 0.006033,0.000531
1 , D ,-36820.648340 , -18350.399369, 0.247191,0.064387
2 , E ,-24638.751221 , -8779.079861, 0.115473,0.081311
2 , H ,1.233612 , 0.723848, 0.008057,0.000091
2 , Q ,-16823.482188 , -2471.629483, 0.113386,0.080699
2 , F ,1.011315 , 0.651708, 0.016429,0.000501
2 , Y ,1.161134 , 0.955863, 0.016661,0.000077
2 , C ,1.073180 , 0.945656, 0.022313,0.000171
2 , N ,1.063160 , 0.575229, 0.011602,0.000165
2 , K ,-17105.232737 , -4714.310169, 0.063492,0.083728
2 , D ,1.215694 , 0.607561, 0.006707,0.000036
3 , E ,0.861458 , 0.314508, 0.013848,0.000348
3 , H ,-54535.012279 , -34627.271799, 0.325825,0.055565
3 , Q ,0.748152 , 0.315139, 0.022368,0.000291
3 , F ,-12490.131267 , -10809.278498, 0.088348,0.067963
3 , Y ,-43756.937087 , -25552.229549, 0.241379,0.063849
3 , C ,-20613.942181 , -8402.813282, 0.148426,0.069051
3 , N ,-23202.643431 , -9619.145867, 0.155388,0.069959
3 , K ,0.568400 , 0.140590, 0.029739,0.000370
3 , D ,-13443.874477 , -4524.550053, 0.079365,0.077819
4 , E ,-4275.028008 , -3164.135566, 0.052083,0.077766
4 , H ,-16672.899503 , -3731.736127, 0.111352,0.077856
4 , Q ,-1459.765486 , 5385.657998, 0.053275,0.084570
4 , F ,-12063.374093 , -5758.119512, 0.080402,0.073218
4 , Y ,-44141.285265 , -23388.683069, 0.227246,0.072960
4 , C ,-31098.296060 , -14051.021353, 0.152259,0.076089
4 , N ,-40554.377567 , -20480.694725, 0.234286,0.070134
4 , K ,0.989555 , 0.414171, 0.010579,0.000123
4 , D ,-38756.777000 , -20156.733352, 0.251748,0.064489
5 , E ,0.751676 , 0.719169, 0.047626,0.000288
5 , H ,-26316.536895 , -11980.894920, 0.158549,0.070209
5 , Q ,-7709.120519 , -676.540826, 0.055491,0.080522
5 , F ,-7881.348915 , -45.399036, 0.071591,0.078905
5 , Y ,-48769.988777 , -26121.259188, 0.244639,0.075787
5 , C ,-43453.041348 , -22884.624396, 0.205589,0.076194
5 , N ,-42253.149294 , -21269.790521, 0.218957,0.074197
5 , K ,1.293516 , 0.582632, 0.004529,0.000641
5 , D ,-41250.617691 , -21627.751982, 0.196162,0.114432
6 , E ,-0.117383 , -0.908258, 0.016395,0.000222
6 , H ,-78217.081978 , -62304.149480, 0.757344,0.008167
6 , Q ,-0.084331 , -0.880180, 0.015853,0.000148
6 , F ,-74205.559013 , -58323.546950, 0.641405,0.017361
6 , Y ,-77835.822483 , -62779.801729, 0.779661,0.006391
6 , C ,-77310.572715 , -63425.498597, 0.812500,0.003948
6 , N ,-78624.007882 , -61789.841842, 0.711083,0.011882
6 , K ,0.559369 , -0.420453, 0.005085,0.000018
6 , D ,-78449.117219 , -62011.733437, 0.682927,0.010818
7 , E ,0.591827 , 0.473528, 0.055028,0.001328
7 , H ,-37907.908853 , -23267.514614, 0.224924,0.059488
7 , Q ,0.670999 , 0.410596, 0.036932,0.001187
7 , F ,-39411.381313 , -23852.448921, 0.241706,0.059522
7 , Y ,-39114.980570 , -25644.477585, 0.330579,0.043667
7 , C ,-37270.854945 , -20738.790996, 0.225080,0.062982
7 , N ,-27513.003944 , -15893.037637, 0.184332,0.061281
7 , K ,0.731643 , 0.389592, 0.027875,0.000699
7 , D ,-33032.715863 , -23594.604754, 0.131579,0.063135
8 , E ,-9305.883325 , -8508.717009, 0.134328,0.069355
8 , H ,0.742318 , 0.641296, 0.043411,0.000296
8 , Q ,-12491.177665 , -9528.843832, 0.071823,0.068761
8 , F ,0.807751 , 0.696550, 0.037497,0.000670
8 , Y ,-16112.486183 , -13755.216086, 0.061728,0.069146
8 , C ,0.852395 , 0.771543, 0.036372,0.000210
8 , N ,-4168.955000 , -2016.642427, 0.034783,0.077101
8 , K ,0.602811 , 0.250650, 0.035182,0.004876
8 , D ,0.624639 , 0.509188, 0.052917,0.000908
9 , E ,-44007.708911 , -26762.254107, 0.200000,0.105778
9 , H ,0.949896 , 0.721048, 0.023600,0.000164
9 , Q ,-36102.539791 , -17386.004716, 0.160000,0.077760
9 , F ,1.120363 , 0.544556, 0.008595,0.000849
9 , Y ,0.678753 , 0.538644, 0.046453,0.002165
9 , C ,0.954052 , 0.469229, 0.013914,0.001665
9 , N ,0.846313 , 0.453862, 0.021341,0.006001
9 , K ,1.466628 , 2.179801, 0.025955,0.001270
9 , D ,1.261181 , 0.709769, 0.007133,0.001616
10 , E ,-78991.010144 , -61319.977922, 0.260870,0.258979
10 , H ,3.039808 , 0.388649, 0.000001,0.001083
10 , Q ,-73137.941455 , -60175.365000, 0.380952,0.165533
10 , F ,3.403894 , 1.134267, 0.000002,0.004090
11 , E ,0.622941 , 0.565956, 0.057967,0.001578
11 , H ,-9947.453451 , -9270.047740, 0.062893,0.070214
11 , Q ,0.700311 , 0.549537, 0.043092,0.000377
11 , F ,0.581210 , 0.557549, 0.064788,0.002917
11 , Y ,-21260.363057 , -19732.457319, 0.086022,0.063264
11 , C ,-13251.767990 , -7936.215564, 0.119247,0.066022
11 , N ,0.607665 , 0.521436, 0.056050,0.000977
11 , K ,0.744174 , 0.460585, 0.030759,0.001864
11 , D ,1.182033 , 0.549319, 0.006575,0.000527
12 , E ,0.843220 , 0.660333, 0.031363,0.000726
12 , H ,-20838.928012 , -7628.613421, 0.138723,0.072529
12 , Q ,-18264.613708 , -16361.110454, 0.063174,0.065938
12 , F ,0.736534 , 0.715598, 0.049521,0.000195
12 , Y ,-36514.698274 , -18160.046209, 0.164992,0.076043
12 , C ,-28609.079553 , -15310.855409, 0.162530,0.066985
12 , N ,-20901.343530 , -9131.698934, 0.147395,0.069353
12 , K ,0.789173 , 0.517872, 0.029209,0.000363
12 , D ,-10032.103709 , -7200.435170, 0.061876,0.073113
13 , E ,-33566.310103 , -15432.064622, 0.213115,0.106423
13 , H ,0.784589 , -0.094321, 0.006018,0.001830
13 , Q ,-43546.944524 , -23530.212225, 0.278107,0.097090
13 , F ,0.887539 , 0.022167, 0.005618,0.003703
13 , Y ,0.991233 , 0.029362, 0.003546,0.000241
13 , C ,1.191761 , 0.123736, 0.001921,0.000100
13 , N ,-34.874085 , -36.679007, 0.000082,0.177934
13 , K ,-49891.965766 , -37292.270629, 0.187500,0.240234
13 , D ,0.882564 , -0.127333, 0.003467,0.000460
14 , E ,-50965.052622 , -40723.730000, 0.269841,0.194004
14 , H ,0.647080 , -0.114612, 0.010561,0.000672
14 , Q ,-52205.357059 , -33295.955980, 0.313187,0.086086
14 , F ,1.139754 , 0.016461, 0.001768,0.001096
14 , Y ,0.656999 , -0.133320, 0.009418,0.004013
14 , C ,0.814351 , 0.026863, 0.007720,0.000374
14 , N ,0.390136 , -0.331088, 0.016013,0.005361
14 , K ,-6157.627542 , 17165.012247, 0.148148,0.286694
14 , D ,-76.947998 , -78.573085, 0.000160,0.185602
15 , Q ,-25615.705111 , -17844.165673, 0.058824,0.339100
15 , F ,-1.418381 , -0.525178, 20.739552,0.000661
15 , Y ,-1.075716 , -0.351767, 8.124647,0.000930
15 , C ,0.798682 , 0.706408, 0.039698,0.005070
16 , E ,-56972.017852 , -48886.907908, 0.276596,0.187415
16 , H ,0.887492 , 0.198472, 0.009463,0.000807
16 , Q ,-51276.608231 , -28514.536831, 0.258427,0.073560
16 , F ,0.576323 , 0.028872, 0.021290,0.000056
16 , Y ,0.745488 , 0.234008, 0.018714,0.001021
16 , C ,0.810019 , 0.488738, 0.025872,0.000580
16 , N ,0.722693 , 0.172078, 0.017454,0.005998
16 , K ,-4570.533190 , 2309.044167, 0.100000,0.290000
16 , D ,0.761651 , 0.043146, 0.010350,0.002591
17 , E ,-29580.470228 , -16433.353853, 0.235294,0.090158
17 , H ,1.021607 , 0.360380, 0.008188,0.002354
17 , Q ,-38969.366270 , -19098.602499, 0.215278,0.071872
17 , F ,1.139355 , 0.406315, 0.005656,0.001759
17 , Y ,1.465008 , 0.586329, 0.002220,0.000410
17 , C ,1.023856 , 0.468080, 0.010516,0.000282
17 , N ,0.522510 , 0.384727, 0.063578,0.013847
17 , K ,-32517.678785 , -12796.808502, 0.111111,0.149520
17 , D ,-97.410379 , -98.858596, 0.000244,0.225723
18 , E ,0.920463 , 0.572066, 0.020247,0.001549
18 , H ,-15436.896300 , -5947.311700, 0.078680,0.076299
18 , Q ,1.245155 , 0.717398, 0.007704,0.000485
18 , F ,-1567.739529 , 2524.285477, 0.070621,0.079296
18 , Y ,-11869.586820 , -186.291249, 0.079399,0.083226
18 , C ,-30345.885043 , -13010.646917, 0.156448,0.076496
18 , N ,-12390.430908 , -945.437715, 0.086864,0.080172
18 , K ,1.091367 , 0.570313, 0.010107,0.000154
18 , D ,-13314.910613 , -6533.669138, 0.050193,0.078015
19 , E ,-46700.711162 , -25852.506986, 0.259786,0.067409
19 , H ,1.009414 , 0.337496, 0.007903,0.000192
19 , Q ,-68186.324581 , -73146.035254, 0.701587,0.052446
19 , F ,0.805212 , 0.387406, 0.020871,0.000174
19 , Y ,0.852427 , 0.325035, 0.014660,0.000189
19 , C ,0.903389 , 0.016294, 0.005005,0.000006
19 , N ,1.015469 , 0.532002, 0.012291,0.001210
19 , K ,-24645.107873 , -13968.001963, 0.158879,0.064867
19 , D ,0.885701 , 0.176136, 0.008762,0.000159
20 , E ,-59043.800191 , -36030.773081, 0.370629,0.057379
20 , H ,1.088433 , 0.301491, 0.005191,0.000112
20 , Q ,-70919.077883 , -70499.656402, 0.505576,0.135225
20 , F ,0.924638 , 0.079145, 0.005439,0.000091
20 , Y ,0.621340 , -0.052824, 0.013824,0.000027
20 , C ,0.933825 , -0.276510, 0.001570,0.000027
20 , N ,0.686211 , 0.061910, 0.014807,0.000442
20 , K ,-71863.918778 , -69536.281001, 0.415094,0.198469
20 , D ,1.353230 , 0.018984, 0.000642,0.000155
21 , E ,-71284.717102 , -70129.924258, 0.454225,0.143858
21 , H ,0.889548 , 0.242223, 0.010414,0.000374
21 , Q ,-78785.501186 , -61583.797075, 0.726766,0.016269
21 , F ,0.629753 , 0.116738, 0.021552,0.000034
21 , Y ,1.302959 , 0.135852, 0.001188,0.000323
21 , C ,1.126646 , 0.330852, 0.004834,0.000059
21 , N ,1.488558 , 0.407048, 0.001201,0.000660
21 , K ,-69523.892667 , -50066.212210, 0.414634,0.075836
21 , D ,-55.103635 , -56.795375, 0.000133,0.149530
22 , E ,0.614419 , 0.464465, 0.049917,0.000309
22 , H ,-6258.050146 , -3135.543377, 0.051873,0.077024
22 , Q ,0.578113 , 0.351139, 0.046476,0.001418
22 , F ,0.875679 , 0.728006, 0.031577,0.000189
22 , Y ,-12943.650352 , -9359.724592, 0.037209,0.073676
22 , C ,-25688.969131 , -11893.789124, 0.156479,0.070402
22 , N ,-17274.709689 , -9788.984867, 0.094637,0.070399
22 , K ,0.995626 , 0.580987, 0.015159,0.000059
22 , D ,-8597.577499 , -7012.350443, 0.058824,0.076093
23 , E ,0.576017 , 0.525345, 0.063308,0.000802
23 , H ,-10412.681874 , -104.059545, 0.118830,0.076098
23 , Q ,0.629266 , 0.276389, 0.032502,0.001465
23 , F ,0.752439 , 0.725605, 0.047883,0.000155
23 , Y ,-14662.400356 , -9311.198184, 0.055944,0.073086
23 , C ,-33850.401662 , -15554.632312, 0.199269,0.070945
23 , N ,-18559.641461 , -7212.684373, 0.138402,0.069806
23 , K ,0.647541 , 0.468288, 0.044998,0.000963
23 , D ,-18458.584634 , -11273.518424, 0.076453,0.071979
24 , E ,0.974627 , 0.824867, 0.025979,0.003747
24 , H ,0.522640 , 0.378049, 0.059166,0.000734
24 , Q ,0.514856 , 0.479239, 0.072339,0.000215
24 , F ,0.747918 , 0.551963, 0.036882,0.000607
24 , Y ,0.602523 , 0.461279, 0.052259,0.000643
24 , C ,-27477.331051 , -19312.190804, 0.100529,0.066110
24 , N ,-13358.042470 , -12043.160249, 0.047794,0.068506
24 , K ,0.868583 , 0.693623, 0.030620,0.001652
24 , D ,0.513160 , 0.352077, 0.058480,0.000573
25 , E ,0.613021 , 0.361027, 0.041016,0.000527
25 , H ,-15720.223641 , -5553.539323, 0.087657,0.075936
25 , Q ,0.688208 , 0.254125, 0.024149,0.001179
25 , F ,-9544.133378 , -9303.079403, 0.050179,0.072633
25 , Y ,-9699.082533 , -7885.826303, 0.064725,0.071677
25 , C ,-24525.562956 , -11073.144643, 0.179487,0.067344
25 , N ,-34003.278471 , -18688.513061, 0.186964,0.067326
25 , K ,0.630593 , 0.484369, 0.049106,0.000206
25 , D ,0.754911 , 0.643364, 0.042067,0.000464
26 , E ,0.883976 , 0.698501, 0.028894,0.000660
26 , H ,-37355.251604 , -21053.789488, 0.215827,0.064768
26 , Q ,0.872113 , 0.451859, 0.018778,0.000146
26 , F ,-16368.249583 , -10911.306150, 0.056511,0.073859
26 , Y ,-29553.803918 , -14422.923721, 0.172414,0.070287
26 , C ,-44267.331674 , -25113.435846, 0.259962,0.063489
26 , N ,-33831.100023 , -18276.701918, 0.184919,0.066938
26 , K ,0.684102 , 0.499159, 0.041629,0.000026
26 , D ,-47789.417493 , -27859.333017, 0.243976,0.068155
27 , E ,0.634301 , 0.476231, 0.047361,0.000764
27 , H ,-11940.269031 , -8756.976423, 0.072805,0.069768
27 , Q ,0.622521 , 0.339527, 0.039742,0.003350
27 , F ,-4823.762057 , -2067.785449, 0.036446,0.078066
27 , Y ,0.777861 , 0.611447, 0.036231,0.000297
27 , C ,-21988.904523 , -15814.533841, 0.076923,0.069882
27 , N ,-20702.805515 , -13586.109813, 0.130120,0.064727
27 , K ,0.714569 , 0.430062, 0.032337,0.000618
27 , D ,0.633729 , 0.562095, 0.055240,0.000638
28 , E ,1.361766 , 1.604732, 0.021251,0.001007
28 , H ,-75178.361730 , -65938.848118, 0.125000,0.367188
28 , Q ,2.287496 , 3.118605, 0.003840,0.019316
28 , F ,-8510.371261 , -11050.313762, 0.045455,0.122934
28 , Y ,4.215887 , 5.846815, 0.000126,0.012346
28 , C ,-28121.977220 , -20965.115102, 0.176471,0.235294
28 , N ,-27276.192912 , -26556.287541, 0.142857,0.092971
28 , K ,-8609.377006 , -570.980264, 0.100000,0.155000
28 , D ,-46089.454883 , -52415.008750, 0.133333,0.253333
29 , E ,0.785806 , 0.640507, 0.037496,0.000164
29 , H ,-36912.397769 , -18873.488410, 0.242366,0.063971
29 , Q ,0.926619 , 0.391611, 0.012996,0.000122
29 , F ,-14792.930711 , -12347.318901, 0.055416,0.070730
29 , Y ,-33879.307812 , -16210.268568, 0.182301,0.072490
29 , C ,-45587.101492 , -26017.628977, 0.279708,0.062362
29 , N ,-31092.543264 , -15307.291918, 0.170732,0.070619
29 , K ,0.778613 , 0.597550, 0.035760,0.001093
29 , D ,-36411.051146 , -17694.139360, 0.210210,0.069784
30 , E ,-78115.376338 , -62431.617659, 0.666667,0.029501
30 , H ,0.679672 , -0.282668, 0.004959,0.000056
30 , Q ,-78040.368725 , -62525.352585, 0.684466,0.031771
30 , F ,0.686591 , -0.113184, 0.008596,0.000188
30 , Y ,1.100619 , -0.101905, 0.001369,0.000018
30 , C ,0.945824 , -0.488690, 0.000649,0.000023
30 , N ,0.853556 , -0.001410, 0.005957,0.000180
30 , K ,-65403.792508 , -52436.123343, 0.444444,0.049005
30 , D ,0.651180 , -0.105037, 0.010546,0.001919
31 , E ,-78080.241385 , -62475.553552, 0.642384,0.032411
31 , H ,1.162581 , -0.183524, 0.000767,0.000005
31 , Q ,-68182.740206 , -73149.376427, 0.668394,0.078888
31 , F ,1.133691 , 0.105074, 0.002344,0.000067
31 , Y ,1.255586 , -0.125180, 0.000613,0.000079
31 , C ,1.259046 , -0.463153, 0.000162,0.000297
31 , N ,0.735748 , -0.031753, 0.009055,0.000976
31 , K ,-62601.683708 , -47206.233053, 0.410256,0.068540
31 , D ,0.808605 , 0.090062, 0.009712,0.002137
32 , E ,-79081.414351 , -61203.344130, 0.581633,0.049094
32 , H ,-126.127002 , -127.670071, 0.000296,0.165716
32 , Q ,-68015.838107 , -73304.591423, 0.681223,0.068858
32 , F ,1.144891 , 0.006693, 0.001613,0.000086
32 , Y ,1.573757 , -0.071013, 0.000170,0.000077
32 , C ,2.077728 , -0.472096, 0.000003,0.000207
32 , N ,0.726200 , -0.037213, 0.009453,0.004567
32 , K ,-74457.976453 , -66751.234610, 0.354167,0.181858
32 , D ,1.122885 , 0.193634, 0.003356,0.000904
33 , E ,-79083.437394 , -61200.730057, 0.534091,0.059853
33 , H ,1.344240 , -0.159021, 0.000356,0.000036
33 , Q ,-73151.271654 , -68180.706871, 0.672646,0.034718
33 , F ,1.294354 , 0.002891, 0.000760,0.001145
33 , Y ,1.077368 , -0.191381, 0.001072,0.000212
33 , C ,2.162172 , -0.452544, 0.000002,0.000085
33 , N ,0.811518 , 0.051514, 0.008484,0.004030
33 , K ,-56276.745038 , -41268.351568, 0.363636,0.039780
33 , D ,1.071364 , 0.201436, 0.004294,0.000777
34 , E ,-78737.896520 , -61644.650088, 0.595890,0.052519
34 , H ,-146.931168 , -148.476524, 0.000308,0.147277
34 , Q ,-68151.452060 , -73178.527726, 0.663399,0.074811
34 , F ,1.264613 , 0.055025, 0.001086,0.000210
34 , Y ,1.450701 , -0.096305, 0.000277,0.000002
34 , C ,1.629777 , -0.450776, 0.000030,0.000247
34 , N ,0.994554 , 0.088908, 0.004299,0.002554
34 , K ,-72682.222530 , -68680.505244, 0.372549,0.166282
34 , D ,1.035366 , 0.156701, 0.004369,0.000272
35 , E ,-79006.844802 , -61299.574709, 0.593333,0.049400
35 , H ,1.366130 , -0.171038, 0.000311,0.000009
35 , Q ,-67536.925585 , -73746.058299, 0.725166,0.049789
35 , F ,1.126715 , 0.042347, 0.001985,0.000025
35 , Y ,1.125462 , -0.142291, 0.001055,0.000056
35 , C ,1.738588 , -0.400174, 0.000022,0.000413
35 , N ,0.787720 , -0.048591, 0.006914,0.002502
35 , K ,-71295.440855 , -70119.022258, 0.442857,0.119388
35 , D ,0.958788 , 0.133801, 0.005744,0.000827
36 , E ,-21979.889574 , -7375.347450, 0.080745,0.082893
36 , H ,-11631.939800 , -8639.521018, 0.069880,0.070640
36 , Q ,-55882.255609 , -32961.551627, 0.270213,0.074862
36 , F ,0.931226 , 0.594586, 0.019829,0.000622
36 , Y ,0.763984 , 0.633297, 0.039949,0.000304
36 , C ,0.961303 , 0.405181, 0.011660,0.000208
36 , N ,0.753612 , 0.752946, 0.049620,0.000603
36 , K ,-7961.298159 , 8147.697469, 0.100000,0.145833
36 , D ,-6218.747042 , -4267.245327, 0.051724,0.075456
37 , E ,-70486.082366 , -70932.569059, 0.549020,0.114764
37 , H ,-37.718574 , -39.546453, 0.000081,0.142181
37 , Q ,-67953.113896 , -73362.740394, 0.694215,0.067413
37 , F ,1.308722 , 0.056767, 0.000903,0.000137
37 , Y ,1.098915 , -0.184294, 0.001027,0.000025
37 , C ,1.647171 , -0.420696, 0.000031,0.000226
37 , N ,0.715908 , -0.061614, 0.009111,0.002652
37 , K ,-70355.830104 , -71061.764213, 0.440678,0.178397
37 , D ,1.221485 , 0.334694, 0.003254,0.000192
38 , E ,0.970897 , 0.888420, 0.029413,0.000138
38 , H ,-20425.560939 , -11779.672295, 0.117048,0.067653
38 , Q ,0.602724 , 0.531335, 0.058802,0.000926
38 , F ,-26235.641226 , -12654.145142, 0.153846,0.068924
38 , Y ,-37416.650127 , -20698.246934, 0.133929,0.078228
38 , C ,-14742.491912 , -9937.644796, 0.070905,0.070257
38 , N ,-31321.855035 , -20459.060118, 0.131410,0.066455
38 , K ,1.133627 , 0.730891, 0.012115,0.000354
38 , D ,-21729.767209 , -12891.571450, 0.093750,0.069961
39 , E ,0.956547 , 0.788250, 0.026864,0.002666
39 , H ,-37062.203674 , -20754.480653, 0.205634,0.066029
39 , Q ,0.969588 , 0.632529, 0.018804,0.000338
39 , F ,-21291.033844 , -10981.433110, 0.094787,0.071090
39 , Y ,-33502.452256 , -16201.608937, 0.210643,0.067646
39 , C ,-23832.211706 , -9209.428080, 0.128571,0.076247
39 , N ,-31102.527543 , -13854.018992, 0.149701,0.076727
39 , K ,0.806071 , 0.638311, 0.034951,0.001175
39 , D ,-29940.729946 , -12507.304182, 0.180488,0.112433
40 , E ,-78910.300962 , -58204.071412, 0.441026,0.078014
40 , H ,1.365568 , -0.195376, 0.000286,0.000033
40 , Q ,-73155.019007 , -53750.938693, 0.567261,0.030719
40 , F ,0.874798 , 0.112267, 0.007656,0.000197
40 , Y ,0.984573 , -0.143940, 0.002005,0.000138
40 , C ,1.203695 , 0.252727, 0.002750,0.000108
40 , N ,1.125859 , 0.050968, 0.002083,0.000085
40 , K ,-69592.248635 , -49142.188063, 0.397260,0.078251
40 , D ,0.934571 , -0.145393, 0.002543,0.000243
41 , E ,0.684976 , -0.019098, 0.012029,0.004411
41 , H ,-51287.658818 , -30010.954874, 0.265753,0.105408
41 , Q ,0.876428 , -0.055106, 0.004433,0.000165
41 , F ,-12950.707478 , -2827.444492, 0.075862,0.081974
41 , Y ,-57434.400117 , -34993.220205, 0.347594,0.060463
41 , C ,-50680.181731 , -31475.082309, 0.276210,0.096414
41 , N ,-37187.953462 , -17403.232922, 0.225627,0.070566
41 , K ,0.709769 , -0.063090, 0.009157,0.000082
41 , D ,-33441.742182 , -15733.977340, 0.088083,0.088682
42 , E ,1.561795 , -0.039951, 0.000201,0.000091
42 , H ,-52258.056640 , -29596.637534, 0.291105,0.068127
42 , Q ,0.879519 , -0.070037, 0.004175,0.000120
42 , F ,-15647.762214 , -4297.331686, 0.118644,0.074385
42 , Y ,-67754.386390 , -42709.314642, 0.373016,0.067045
42 , C ,-60505.421219 , -38195.998982, 0.346614,0.061314
42 , N ,-55872.170645 , -36411.476019, 0.306533,0.091563
42 , K ,0.825903 , -0.082656, 0.005145,0.000466
42 , D ,-25004.195844 , -9133.205535, 0.161111,0.113904
43 , E ,1.686229 , -0.042500, 0.000110,0.000588
43 , H ,-52944.980143 , -30842.748201, 0.311653,0.063493
43 , Q ,0.949319 , -0.067838, 0.003058,0.000026
43 , F ,-20275.745679 , -8539.616184, 0.124567,0.072752
43 , Y ,-70831.356738 , -45704.908116, 0.391076,0.066198
43 , C ,-64729.256775 , -41682.615776, 0.372587,0.060766
43 , N ,-57254.087905 , -37865.360831, 0.322404,0.087700
43 , K ,0.830946 , -0.105666, 0.004660,0.000431
43 , D ,-28221.371401 , -10124.369402, 0.134831,0.125584
44 , E ,1.433069 , 0.098915, 0.000589,0.000619
44 , H ,-57346.848026 , -33704.645450, 0.294430,0.071358
44 , Q ,1.020939 , -0.083536, 0.002110,0.000096
44 , F ,-26481.768302 , -12498.593398, 0.131944,0.072314
44 , Y ,-68609.161551 , -47105.439834, 0.365385,0.090693
44 , C ,-66714.455314 , -45733.904782, 0.341513,0.093915
44 , N ,-56425.965992 , -34954.552713, 0.305851,0.097460
44 , K ,0.872485 , -0.126802, 0.003582,0.000069
44 , D ,-24405.456375 , -11431.454238, 0.165644,0.105047
45 , E ,0.938750 , 0.155220, 0.006723,0.004218
45 , H ,-54191.189644 , -33038.580203, 0.289086,0.099499
45 , Q ,0.749553 , -0.138436, 0.005922,0.000357
45 , F ,-14554.975268 , -5271.795795, 0.083333,0.078095
45 , Y ,-66746.264469 , -44969.867843, 0.337176,0.098913
45 , C ,-48139.915075 , -30140.217541, 0.255319,0.097863
45 , N ,-42480.856882 , -21728.441264, 0.211009,0.114889
45 , K ,0.745801 , -0.062497, 0.007845,0.000164
45 , D ,-28836.552379 , -12774.745459, 0.089385,0.085193
46 , E ,0.645982 , -0.127644, 0.009860,0.000860
46 , H ,-65456.925628 , -44046.432912, 0.435705,0.047761
46 , Q ,1.175900 , -0.054734, 0.001121,0.000365
46 , F ,-27808.189244 , -16971.274216, 0.115044,0.069479
46 , Y ,-67922.477219 , -46779.211151, 0.464135,0.044878
46 , C ,-56059.701359 , -34427.076451, 0.337374,0.058945
46 , N ,-55946.786784 , -36935.841752, 0.395604,0.047379
46 , K ,0.633255 , -0.063592, 0.012817,0.000018
46 , D ,-30587.294479 , -13475.030199, 0.133152,0.080062
47 , E ,0.685982 , -0.017688, 0.011702,0.000272
47 , H ,-49167.785149 , -28395.638411, 0.247449,0.106977
47 , Q ,0.758621 , -0.056199, 0.007497,0.000005
47 , F ,-5180.821953 , 146.062975, 0.100000,0.075154
47 , Y ,-57863.435452 , -38345.855154, 0.314149,0.089385
47 , C ,-54749.577681 , -31073.391403, 0.231465,0.083029
47 , N ,-47330.981947 , -27035.218125, 0.254902,0.066960
47 , K ,1.417219 , 0.239223, 0.000999,0.000257
47 , D ,-14706.110223 , -1868.247312, 0.106796,0.080011
48 , E ,-59568.392270 , -80320.152286, 0.422222,0.179753
48 , H ,-28063.220265 , -23777.088834, 0.071429,0.060847
48 , Q ,-68870.312828 , -72502.394881, 0.282609,0.231096
48 , C ,-67286.928559 , -60482.915109, 0.098361,0.114888
48 , N ,0.120941 , 0.250517, 0.208598,0.007692
48 , K ,-18651.212564 , -11013.062828, 0.090909,0.304867
48 , D ,-0.026825 , -0.122811, 0.143537,0.003477
49 , E ,0.764786 , 0.340350, 0.022295,0.000915
49 , H ,-20592.804612 , -9266.668737, 0.112821,0.076638
49 , Q ,0.785147 , 0.524226, 0.030263,0.002862
49 , F ,0.938148 , 0.567942, 0.018419,0.000760
49 , Y ,-24966.717883 , -13619.163582, 0.116981,0.070013
49 , C ,-36755.985221 , -19797.518493, 0.170927,0.073291
49 , N ,-30500.381570 , -14904.150475, 0.180371,0.069127
49 , K ,1.051719 , 0.489366, 0.010060,0.000267
49 , D ,-15274.684688 , -7667.245053, 0.095890,0.071777
50 , E ,0.853683 , 0.486974, 0.021635,0.001877
50 , H ,-22921.160307 , -10993.935863, 0.101504,0.075212
50 , Q ,1.325254 , 1.044379, 0.010218,0.000552
50 , F ,-13467.060448 , -7222.453390, 0.077778,0.073930
50 , Y ,-36101.567638 , -17377.653777, 0.181416,0.074262
50 , C ,-20975.321393 , -5650.694294, 0.068493,0.088308
50 , N ,-16484.931002 , -8284.625335, 0.088106,0.074346
50 , K ,0.844275 , 0.643793, 0.030287,0.002703
50 , D ,-22209.794994 , -10798.490970, 0.159420,0.066548
51 , E ,0.677294 , 0.555347, 0.047744,0.001493
51 , H ,-13046.479035 , -5380.836691, 0.072011,0.074367
51 , Q ,0.847551 , 0.729906, 0.034516,0.000176
51 , F ,-13079.382834 , -10834.664699, 0.068266,0.068594
51 , Y ,-28831.231700 , -16686.730477, 0.138776,0.067964
51 , C ,-19284.412993 , -8269.451002, 0.110022,0.073677
51 , N ,-13953.559561 , -11701.084483, 0.075000,0.070288
51 , K ,0.703996 , 0.560531, 0.043446,0.000181
51 , D ,-20217.457885 , -12350.451495, 0.093478,0.072361
52 , E ,-38427.078277 , -30975.601414, 0.107143,0.107781
52 , H ,0.752659 , 0.399545, 0.026640,0.000606
52 , Q ,-16408.850841 , -8987.784100, 0.145161,0.117456
52 , F ,1.218970 , 0.942557, 0.012550,0.001059
52 , Y ,0.689440 , 0.611418, 0.049641,0.000199
52 , C ,-10694.213710 , -5537.706072, 0.045455,0.128616
52 , N ,0.557464 , 0.312059, 0.048004,0.001853
52 , K ,0.398478 , 0.299036, 0.097238,0.011594
52 , D ,0.994969 , 0.593493, 0.015765,0.009339
53 , E ,-24238.022121 , -9272.017393, 0.092409,0.083169
53 , H ,0.935867 , 0.494361, 0.015867,0.000174
53 , Q ,-52266.694915 , -32222.634991, 0.222899,0.113754
53 , F ,-19027.133743 , -18345.943196, 0.092105,0.063144
53 , Y ,0.872098 , 0.580751, 0.024265,0.000238
53 , C ,-6706.778101 , -4075.593027, 0.044102,0.077615
53 , N ,1.065508 , 0.825804, 0.018108,0.002072
53 , K ,-16666.752827 , -13466.369370, 0.109290,0.064509
53 , D ,1.022173 , 0.469657, 0.010658,0.001775
54 , E ,-60839.791043 , -42062.509472, 0.250000,0.106250
54 , H ,0.872810 , 0.040017, 0.006403,0.002609
54 , Q ,-34274.633707 , -12397.966007, 0.127273,0.140826
54 , F ,0.542818 , 0.062001, 0.028760,0.002060
54 , Y ,0.742529 , 0.261323, 0.020096,0.000553
54 , C ,0.884686 , 0.298277, 0.012358,0.000648
54 , N ,1.794082 , 0.594250, 0.000556,0.000035
54 , K ,-52097.092199 , -31706.088209, 0.214286,0.117630
54 , D ,0.686629 , 0.029550, 0.013814,0.000797
55 , E ,-8745.215922 , -3513.240035, 0.078212,0.072397
55 , H ,-3252.045938 , -1645.602882, 0.048837,0.077114
55 , Q ,-7227.040174 , -7099.414892, 0.027100,0.078042
55 , F ,-1752.515217 , -1752.493653, 0.038728,0.075511
55 , Y ,0.783351 , 0.775794, 0.045967,0.000883
55 , C ,-6466.123935 , -2359.354275, 0.095339,0.075031
55 , N ,-11409.921430 , -9433.345752, 0.047138,0.071538
55 , K ,-7298.078949 , 2545.968204, 0.054348,0.086326
55 , D ,0.895029 , 0.821650, 0.033919,0.003294
56 , E ,1.079844 , 0.551988, 0.010287,0.000123
56 , H ,1.103201 , 0.782140, 0.014897,0.000343
56 , Q ,0.868089 , 0.631193, 0.027328,0.000131
56 , F ,-36365.172502 , -18110.521714, 0.174779,0.075042
56 , Y ,-3939.431758 , -3914.489175, 0.048387,0.075443
56 , C ,0.961789 , 0.930621, 0.031843,0.000183
56 , N ,-6792.560647 , -6058.428957, 0.052819,0.074447
56 , K ,0.957840 , 0.326309, 0.009781,0.000423
56 , D ,0.860495 , 0.605923, 0.026927,0.000185
57 , E ,0.712910 , 0.587233, 0.044157,0.001822
57 , H ,-5081.746669 , -4297.245416, 0.066838,0.074268
57 , Q ,0.846566 , 0.547882, 0.024966,0.000101
57 , F ,0.714176 , 0.505684, 0.038070,0.001565
57 , Y ,-16532.962297 , -13322.467853, 0.091623,0.065932
57 , C ,-13457.358633 , -4708.017115, 0.083160,0.076062
57 , N ,-24231.842509 , -20807.797264, 0.064639,0.068133
57 , K ,0.641392 , 0.536765, 0.052282,0.001958
57 , D ,0.781864 , 0.415405, 0.024330,0.000023
58 , E ,0.499045 , 0.420686, 0.068348,0.000804
58 , H ,-18595.645220 , -17709.086649, 0.076372,0.064925
58 , Q ,0.788896 , 0.566499, 0.032349,0.000085
58 , F ,0.915856 , 0.680607, 0.024704,0.001008
58 , Y ,-11845.544836 , -10329.535500, 0.076726,0.068116
58 , C ,-12747.635499 , -5976.367247, 0.093750,0.071263
58 , N ,-9640.638536 , -7700.550709, 0.067376,0.071614
58 , K ,0.867417 , 0.763421, 0.034610,0.000242
58 , D ,0.773505 , 0.558282, 0.033441,0.000796
59 , E ,0.446131 , 0.093508, 0.042967,0.001386
59 , H ,-39618.175365 , -23135.519813, 0.215174,0.065178
59 , Q ,0.655869 , 0.266947, 0.028588,0.000305
59 , F ,-31244.262246 , -16692.761312, 0.173160,0.066797
59 , Y ,-39820.002215 , -21738.878768, 0.223011,0.066233
59 , C ,-18407.642985 , -7785.715269, 0.118705,0.070642
59 , N ,-36437.741877 , -20745.641331, 0.225108,0.061674
59 , K ,0.721204 , 0.292269, 0.023684,0.000737
59 , D ,-32087.612045 , -16947.173793, 0.178010,0.068666
60 , E ,0.620699 , 0.220252, 0.029427,0.000345
60 , H ,-37424.569346 , -21206.144734, 0.217280,0.063590
60 , Q ,0.623222 , 0.300123, 0.035332,0.000810
60 , F ,-30812.598806 , -15665.208337, 0.164095,0.068663
60 , Y ,-35156.891893 , -17759.804226, 0.231913,0.063730
60 , C ,-20486.327597 , -9603.644576, 0.117823,0.070985
60 , N ,-31395.170153 , -16231.067395, 0.175655,0.068402
60 , K ,0.728118 , 0.200011, 0.018300,0.001031
60 , D ,-38379.423359 , -24079.166597, 0.219081,0.058564
61 , E ,0.862169 , 0.581115, 0.025498,0.000120
61 , H ,-29763.820078 , -14517.933408, 0.175812,0.068398
61 , Q ,0.711840 , 0.462407, 0.035225,0.000129
61 , F ,-24313.006239 , -12868.801456, 0.144863,0.067362
61 , Y ,-36040.866692 , -19421.944854, 0.190593,0.069418
61 , C ,-17271.078997 , -7126.805453, 0.105662,0.073042
61 , N ,-26209.790194 , -11963.116237, 0.151171,0.071603
61 , K ,0.889375 , 0.389850, 0.015179,0.000357
61 , D ,-22812.787989 , -11968.650664, 0.125767,0.069432
62 , E ,0.848071 , 0.573709, 0.026444,0.000209
62 , H ,-29289.962755 , -13952.095530, 0.184951,0.067493
62 , Q ,0.751171 , 0.486896, 0.031817,0.000286
62 , F ,-24939.833839 , -13542.842857, 0.151351,0.066270
62 , Y ,-35424.827016 , -19071.188133, 0.205995,0.065874
62 , C ,-17441.286163 , -6645.361494, 0.102686,0.074463
62 , N ,-27998.975598 , -13439.056810, 0.163220,0.069628
62 , K ,0.748240 , 0.296602, 0.021474,0.000279
62 , D ,-27540.398473 , -15695.258889, 0.134031,0.068339
63 , E ,0.902316 , 0.605961, 0.023000,0.000203
63 , H ,-30305.439043 , -15295.636846, 0.187281,0.066110
63 , Q ,0.697244 , 0.449600, 0.036259,0.000146
63 , F ,-23308.886344 , -11574.568733, 0.145511,0.067897
63 , Y ,-37266.151812 , -20719.122957, 0.203801,0.066732
63 , C ,-16955.607873 , -6335.763565, 0.104384,0.074078
63 , N ,-29437.127965 , -15266.066009, 0.161754,0.068642
63 , K ,0.770755 , 0.325325, 0.021007,0.000608
63 , D ,-25488.829633 , -13889.311501, 0.137791,0.067403
64 , E ,0.824468 , 0.537423, 0.026891,0.000206
64 , H ,-27465.532098 , -12881.463784, 0.178074,0.067923
64 , Q ,0.695454 , 0.424971, 0.034730,0.000166
64 , F ,-24379.895644 , -12222.038239, 0.157277,0.066854
64 , Y ,-36552.077316 , -20437.549249, 0.198953,0.066731
64 , C ,-18105.113513 , -6989.080182, 0.103728,0.074717
64 , N ,-27865.983238 , -13023.474438, 0.159375,0.070797
64 , K ,0.894568 , 0.390615, 0.014896,0.000425
64 , D ,-25851.671829 , -13971.026520, 0.138310,0.068657
65 , E ,0.743956 , 0.455760, 0.030885,0.000487
65 , H ,-24790.726592 , -10651.115573, 0.180280,0.067666
65 , Q ,0.713872 , 0.441044, 0.033349,0.000119
65 , F ,-25338.567980 , -13206.052214, 0.165654,0.064957
65 , Y ,-34435.298422 , -18370.292546, 0.210867,0.065355
65 , C ,-15804.588728 , -5568.282090, 0.103281,0.074577
65 , N ,-29463.200799 , -14760.159834, 0.148289,0.071890
65 , K ,0.877839 , 0.371958, 0.015313,0.000543
65 , D ,-28199.462581 , -15491.327973, 0.146809,0.068376
66 , E ,0.783119 , 0.520665, 0.030383,0.000249
66 , H ,-25889.435415 , -12189.938135, 0.169181,0.068038
66 , Q ,0.731097 , 0.490184, 0.034642,0.000238
66 , F ,-23988.880844 , -13681.416946, 0.155572,0.063738
66 , Y ,-35990.766921 , -19242.536726, 0.191642,0.068860
66 , C ,-18783.612531 , -7906.925385, 0.100691,0.074298
66 , N ,-27049.951442 , -12028.897742, 0.147576,0.073182
66 , K ,0.908506 , 0.364234, 0.013158,0.000277
66 , D ,-26936.474031 , -13645.163214, 0.148847,0.069545
67 , E ,0.909543 , 0.602456, 0.022238,0.000310
67 , H ,-28018.072681 , -14085.069495, 0.178330,0.066340
67 , Q ,0.732478 , 0.468742, 0.033043,0.000204
67 , F ,-21970.743245 , -10979.299932, 0.135618,0.068563
67 , Y ,-35841.296003 , -19567.340137, 0.208359,0.065822
67 , C ,-16992.708502 , -6775.150586, 0.103890,0.073234
67 , N ,-29117.063114 , -14798.097010, 0.145950,0.071544
67 , K ,0.939557 , 0.397960, 0.012662,0.000264
67 , D ,-30892.622977 , -18161.403344, 0.152079,0.066853
68 , E ,0.814512 , 0.515626, 0.026673,0.000055
68 , H ,-28252.322644 , -13494.926591, 0.172319,0.068796
68 , Q ,0.740405 , 0.505707, 0.034520,0.000214
68 , F ,-23242.780796 , -12922.019385, 0.143065,0.065964
68 , Y ,-37142.143202 , -19742.349216, 0.196894,0.069793
68 , C ,-18056.150762 , -7765.752790, 0.102071,0.073690
68 , N ,-26057.862863 , -11786.901775, 0.134307,0.073897
68 , K ,0.812337 , 0.325232, 0.017791,0.000551
68 , D ,-26663.087973 , -14165.150669, 0.133333,0.069578
69 , E ,0.684068 , 0.360782, 0.031972,0.000537
69 , H ,-26720.214009 , -14617.473468, 0.131173,0.069461
69 , Q ,0.970852 , 0.124143, 0.005188,0.000004
69 , F ,-74845.290823 , -53671.886283, 0.440083,0.075415
69 , Y ,-48784.100119 , -28643.252286, 0.314865,0.057779
69 , C ,-47888.159781 , -27958.323262, 0.304562,0.059254
69 , N ,-52959.992156 , -31580.489477, 0.304878,0.063291
69 , K ,1.005289 , 0.296319, 0.007413,0.000297
69 , D ,-28636.365825 , -10241.543186, 0.104651,0.087480
70 , E ,-71064.873477 , -50576.681781, 0.408784,0.080642
70 , H ,1.293781 , 0.048648, 0.000958,0.000004
70 , Q ,-79844.849440 , -60203.985899, 0.475120,0.073874
70 , F ,1.095997 , -0.085864, 0.001489,0.000095
70 , Y ,1.397947 , -0.017641, 0.000472,0.000004
70 , C ,1.268884 , 0.380091, 0.002985,0.000002
70 , N ,1.463515 , 0.244854, 0.000834,0.000046
70 , K ,-76770.999262 , -55031.214392, 0.427553,0.083087
70 , D ,0.946173 , 0.035352, 0.004441,0.000142
72 , H ,0.947720 , -0.072748, 0.003049,0.000015
72 , Q ,-76565.292984 , -55198.240824, 0.536527,0.040360
72 , F ,1.094988 , -0.107068, 0.001379,0.000017
72 , Y ,1.131490 , -0.064084, 0.001365,0.000007
72 , C ,0.908981 , 0.221749, 0.009100,0.000233
72 , N ,1.162479 , 0.045138, 0.001717,0.000003
72 , K ,-76927.494961 , -54492.050134, 0.418803,0.086928
72 , D ,1.178783 , 0.094405, 0.001875,0.000014
73 , E ,-20184.192198 , -9751.906431, 0.135135,0.068663
73 , H ,-9319.945860 , -7953.645260, 0.077739,0.069144
73 , Q ,0.962937 , 0.930631, 0.031447,0.000806
73 , F ,0.750877 , 0.553484, 0.036475,0.001540
73 , Y ,-30066.569566 , -20657.005097, 0.102740,0.068040
73 , C ,-15802.683920 , -6475.194558, 0.073826,0.075034
73 , N ,0.456399 , 0.622577, 0.119096,0.002792
73 , K ,2.297536 , 2.284435, 0.001856,0.003065
73 , D ,-4931.353374 , -2360.704858, 0.057143,0.079788
74 , E ,-43408.989983 , -27182.347026, 0.141176,0.075709
74 , H ,0.426501 , 0.338411, 0.076509,0.000138
74 , Q ,-18020.554675 , -12477.964928, 0.073090,0.071416
74 , F ,0.864915 , 0.557251, 0.024207,0.001119
74 , Y ,-28999.092055 , -22375.605110, 0.091892,0.065897
74 , C ,-12269.333237 , -11304.868216, 0.059490,0.070257
74 , N ,-204.329738 , 720.645144, 0.060241,0.073063
74 , K ,0.307721 , 0.292299, 0.104853,0.002936
74 , D ,0.497882 , 0.381038, 0.064767,0.000226
75 , E ,-81204.090981 , -58357.660014, 0.445313,0.087372
75 , H ,1.142950 , -0.044043, 0.001379,0.000025
75 , Q ,-64644.474845 , -43149.803254, 0.445070,0.046813
75 , F ,0.737456 , -0.119749, 0.006723,0.000126
75 , Y ,0.588785 , -0.249784, 0.008574,0.000717
75 , C ,1.619268 , -0.039792, 0.000154,0.000027
75 , N ,1.163273 , 0.146041, 0.002445,0.002337
75 , K ,-61702.283979 , -37974.232562, 0.338028,0.064207
75 , D ,-41.741440 , -43.457863, 0.000102,0.171932
76 , E ,-76641.636484 , -54317.059522, 0.450820,0.077096
76 , H ,1.096125 , -0.040296, 0.001724,0.000089
76 , Q ,-71641.377592 , -69765.537344, 0.467085,0.142176
76 , F ,0.950953 , -0.017368, 0.003627,0.000367
76 , Y ,1.098954 , -0.096766, 0.001411,0.000005
76 , C ,1.654350 , -0.047278, 0.000127,0.000127
76 , N ,1.162801 , 0.045019, 0.001684,0.000532
76 , K ,-53506.548130 , -29189.533065, 0.282609,0.242439
76 , D ,1.001889 , -0.022941, 0.002882,0.000289
77 , E ,-65432.994518 , -42452.944855, 0.369427,0.062247
77 , H ,1.176800 , -0.091812, 0.001002,0.000017
77 , Q ,-70972.210310 , -48783.986490, 0.459732,0.048117
77 , F ,1.040923 , -0.024761, 0.002357,0.000273
77 , Y ,0.946275 , -0.103337, 0.002814,0.000532
77 , C ,1.654135 , -0.094249, 0.000106,0.000101
77 , N ,1.439598 , 0.178725, 0.000751,0.000129
77 , K ,-64956.279680 , -42194.681376, 0.279070,0.113981
77 , D ,1.132746 , -0.073857, 0.001310,0.000050
78 , E ,-71272.124547 , -70142.721866, 0.452830,0.185475
78 , H ,1.054880 , -0.128491, 0.001535,0.000006
78 , Q ,-71823.843141 , -69577.674231, 0.443038,0.170886
78 , F ,0.851928 , -0.047149, 0.005154,0.000188
78 , Y ,0.815103 , -0.159628, 0.004175,0.000681
78 , C ,1.709334 , -0.157528, 0.000065,0.000021
78 , N ,1.862180 , 0.362729, 0.000203,0.000063
78 , K ,-70767.833668 , -46933.990937, 0.355932,0.100546
78 , D ,1.189607 , 0.220578, 0.002733,0.001179
79 , E ,-80400.364415 , -59460.084754, 0.430233,0.091333
79 , H ,1.247850 , -0.012026, 0.000942,0.000087
79 , Q ,-71309.608428 , -70104.614080, 0.454545,0.147684
79 , F ,1.306579 , -0.040464, 0.000651,0.000569
79 , Y ,0.812444 , -0.093985, 0.005389,0.002183
79 , C ,1.516685 , -0.049495, 0.000240,0.000050
79 , N ,1.700692 , 0.360858, 0.000396,0.001325
79 , K ,-54187.270745 , -32183.490947, 0.285714,0.232143
79 , D ,-83.946552 , -85.554339, 0.000202,0.136572
80 , E ,-79501.126500 , -60657.155939, 0.457831,0.072652
80 , H ,1.244353 , -0.052040, 0.000830,0.000283
80 , Q ,-78891.048265 , -56439.686378, 0.426295,0.086554
80 , F ,0.717080 , -0.098217, 0.007940,0.000244
80 , Y ,0.927271 , -0.140387, 0.002684,0.001316
80 , C ,1.760836 , 0.010938, 0.000097,0.000027
80 , N ,1.485810 , 0.300715, 0.000923,0.000169
81 , E ,-81152.235018 , -58429.749149, 0.442623,0.085259
81 , H ,1.318328 , -0.089487, 0.000518,0.000177
81 , Q ,-79988.177580 , -58115.496341, 0.428125,0.086978
81 , F ,0.892161 , -0.081940, 0.003788,0.000388
81 , Y ,1.030317 , -0.036735, 0.002403,0.000003
81 , C ,1.476873 , -0.078155, 0.000259,0.000088
81 , N ,0.630737 , -0.082983, 0.012367,0.001220
81 , K ,-64495.016010 , -40970.570836, 0.295775,0.073398
81 , D ,1.007605 , 0.076988, 0.003904,0.000107
82 , E ,-81240.170110 , -58307.423741, 0.396825,0.105631
82 , H ,1.470828 , -0.006878, 0.000342,0.000279
82 , Q ,-71324.478266 , -70089.485446, 0.435583,0.153807
82 , F ,0.955973 , -0.011621, 0.003612,0.000420
82 , Y ,0.940187 , -0.148206, 0.002478,0.000761
82 , C ,1.530207 , -0.070510, 0.000211,0.000003
82 , N ,1.147176 , 0.036169, 0.001815,0.000196
82 , K ,-75564.232648 , -65496.294714, 0.304878,0.247918
82 , D ,-42.707705 , -44.434476, 0.000103,0.178685
83 , E ,-67104.366035 , -44248.798970, 0.403846,0.083487
83 , H ,1.440899 , -0.046961, 0.000345,0.000092
83 , Q ,-71607.446140 , -69800.364180, 0.450479,0.158560
83 , F ,0.904831 , -0.050032, 0.004021,0.000109
83 , Y ,-72.107751 , -73.758478, 0.000173,0.133259
83 , C ,-118.215807 , -119.752846, 0.000280,0.176476
83 , N ,2.131813 , 0.234878, 0.000036,0.001455
83 , K ,-71260.170913 , -70154.865899, 0.360656,0.159366
83 , D ,1.179588 , 0.023928, 0.001498,0.000036
84 , E ,-79909.304739 , -57884.603308, 0.451613,0.079670
84 , H ,1.168259 , -0.013067, 0.001366,0.000204
84 , Q ,-73466.186532 , -52774.781012, 0.433566,0.075590
84 , F ,0.848980 , -0.039534, 0.005318,0.000166
84 , Y ,0.742448 , -0.100901, 0.007132,0.000112
84 , C ,1.667964 , -0.023394, 0.000130,0.000150
84 , N ,2.296254 , 0.311740, 0.000021,0.002976
84 , K ,-78991.010144 , -61319.977922, 0.260870,0.258979
84 , D ,1.194147 , 0.021597, 0.001390,0.000281
85 , E ,-69715.312267 , -71690.253329, 0.526316,0.101262
85 , H ,1.662667 , 0.123199, 0.000227,0.000066
85 , Q ,-76325.631378 , -64607.399937, 0.491620,0.065962
85 , F ,0.471807 , -0.270313, 0.013266,0.000156
85 , Y ,0.898629 , -0.321485, 0.001487,0.000663
85 , C ,2.320760 , -0.049408, 0.000006,0.000015
85 , N ,2.433817 , 0.551809, 0.000025,0.008911
85 , K ,-41181.101677 , -24420.894300, 0.235294,0.224913
85 , D ,1.099583 , 0.013579, 0.002097,0.000667
86 , E ,-80701.306395 , -59050.991858, 0.442623,0.084184
86 , H ,1.058096 , -0.047634, 0.002016,0.000008
86 , Q ,-71033.164640 , -70384.704897, 0.466667,0.148613
86 , F ,0.951353 , -0.048540, 0.003272,0.000095
86 , Y ,0.692489 , -0.148780, 0.007668,0.001190
86 , C ,1.470282 , -0.052801, 0.000296,0.000048
86 , N ,1.118941 , 0.156496, 0.003070,0.001139
86 , K ,-72824.416422 , -52245.724284, 0.245283,0.269847
86 , D ,0.641122 , -0.161913, 0.009294,0.003579
87 , E ,-77456.151967 , -54848.221598, 0.458333,0.076632
87 , H ,1.170942 , -0.046950, 0.001198,0.000069
87 , Q ,-71405.084513 , -70007.364461, 0.423077,0.165152
87 , F ,0.930431 , -0.012534, 0.004069,0.000086
87 , Y ,0.934162 , -0.075830, 0.003288,0.001099
87 , C ,1.516717 , -0.056474, 0.000234,0.000054
87 , N ,1.798021 , 0.247660, 0.000185,0.000162
87 , K ,-70560.154772 , -47031.638434, 0.250000,0.279785
87 , D ,1.096845 , 0.004748, 0.002036,0.000107
88 , E ,-80883.032340 , -58801.834220, 0.523810,0.119546
88 , H ,1.568771 , -0.031251, 0.000198,0.000532
88 , Q ,-71850.485612 , -69550.161135, 0.440252,0.173609
88 , F ,1.253161 , 0.038272, 0.001095,0.000471
88 , Y ,0.615015 , -0.201043, 0.008894,0.000188
88 , C ,1.516609 , -0.099050, 0.000199,0.000119
88 , N ,0.845390 , -0.078309, 0.004717,0.000280
88 , K ,-76515.072263 , -52860.738293, 0.254545,0.133388
88 , D ,0.868836 , -0.107449, 0.003971,0.001189
89 , E ,-79441.050625 , -60735.814144, 0.456311,0.083985
89 , H ,1.418263 , 0.052751, 0.000546,0.000018
89 , Q ,-71112.469759 , -70304.578860, 0.443503,0.163467
89 , F ,0.910670 , -0.094690, 0.003343,0.000375
89 , Y ,0.728402 , -0.178779, 0.005812,0.000927
89 , C ,1.747419 , -0.052308, 0.000081,0.000078
89 , N ,1.571163 , 0.260871, 0.000551,0.000020
89 , K ,-68460.209209 , -46358.649939, 0.393939,0.083792
89 , D ,-45.311839 , -47.031240, 0.000110,0.165577
90 , E ,-38599.290602 , -24735.181462, 0.093023,0.079142
90 , H ,-15499.907366 , -13040.989128, 0.044776,0.069531
90 , Q ,-70774.679484 , -70774.731055, 0.034888,0.073702
90 , F ,0.815172 , 0.609677, 0.031743,0.000002
90 , Y ,-21974.630446 , -16814.310782, 0.050251,0.073374
90 , C ,-12389.299468 , -9559.833354, 0.062069,0.073310
90 , N ,-7014.959780 , -5514.617402, 0.029851,0.074478
90 , K ,-34472.925361 , -31081.069301, 0.066667,0.076296
90 , D ,-15350.659403 , -13042.325718, 0.039370,0.073408
91 , E ,-70821.009562 , -70598.171111, 0.487180,0.168639
91 , H ,1.191114 , 0.016029, 0.001379,0.000066
91 , Q ,-80520.932954 , -59296.709174, 0.455939,0.086361
91 , F ,0.520231 , -0.148787, 0.016192,0.001015
91 , Y ,0.928316 , -0.088222, 0.003239,0.001315
91 , C ,1.311026 , -0.209763, 0.000347,0.000049
91 , N ,1.578738 , 0.708176, 0.001938,0.000088
91 , K ,-69002.883569 , -72376.234352, 0.312500,0.167969
91 , D ,0.159845 , -0.367277, 0.037989,0.001700
92 , E ,-14959.757120 , -3771.316684, 0.080882,0.080792
92 , H ,-70796.909750 , -70796.921690, 0.051829,0.071395
92 , Q ,0.820040 , 0.694031, 0.035569,0.000707
92 , F ,0.836392 , 0.791675, 0.040705,0.000749
92 , Y ,-17073.754323 , -11774.978109, 0.060302,0.071690
92 , C ,-16998.924816 , -11346.710933, 0.077419,0.069594
92 , N ,1.020560 , 0.956141, 0.027570,0.000139
92 , K ,-7389.998581 , -3190.498878, 0.063492,0.077181
92 , D ,1.245170 , 1.021432, 0.013074,0.001161
93 , E ,-24398.776358 , -8030.669756, 0.058824,0.091696
93 , H ,-70748.842445 , -70748.758031, 0.058140,0.072547
93 , Q ,-3750.600211 , -1768.534906, 0.055838,0.078006
93 , F ,0.784863 , 0.658572, 0.038745,0.000151
93 , Y ,-19429.926550 , -10625.780092, 0.087302,0.071282
93 , C ,-13125.274615 , -9464.127534, 0.041096,0.076249
93 , N ,-7174.753698 , -4388.904724, 0.018519,0.133230
93 , K ,0.892539 , 0.872004, 0.037665,0.009371
93 , D ,0.727741 , 0.533809, 0.038064,0.000595
94 , E ,-71028.579380 , -50578.074674, 0.364583,0.087836
94 , H ,1.223174 , 0.118826, 0.001635,0.000367
94 , Q ,-37152.785591 , -18688.209393, 0.178571,0.114985
94 , F ,1.099977 , 0.188451, 0.003643,0.000828
94 , Y ,0.951275 , 0.336339, 0.010241,0.000179
94 , C ,1.460333 , 0.486962, 0.001714,0.001089
94 , N ,1.107475 , 0.410948, 0.006642,0.000876
94 , K ,-74506.744421 , -63763.613765, 0.333333,0.086420
94 , D ,0.703578 , 0.127519, 0.016672,0.000602
95 , E ,-42232.294540 , -25298.441866, 0.239362,0.095787
95 , H ,0.910061 , 0.221725, 0.009024,0.000237
95 , Q ,-45226.901904 , -26240.107786, 0.223735,0.070785
95 , F ,1.049068 , 0.313391, 0.006459,0.000220
95 , Y ,0.656219 , 0.359339, 0.035581,0.001802
95 , C ,0.848272 , 0.445189, 0.020262,0.000084
95 , N ,1.339553 , 0.841292, 0.006645,0.001293
95 , K ,-57881.024261 , -42485.172223, 0.163934,0.272239
95 , D ,0.870846 , 0.345126, 0.014705,0.001831
96 , E ,-46718.414015 , -28884.087117, 0.196203,0.109257
96 , H ,0.934364 , 0.293540, 0.009905,0.000383
96 , Q ,-39693.152475 , -21352.532084, 0.192394,0.072721
96 , F ,0.987378 , 0.368616, 0.009683,0.000038
96 , Y ,0.884195 , 0.541327, 0.021828,0.001245
96 , C ,0.875997 , 0.492618, 0.020127,0.000159
96 , N ,1.381889 , 0.840391, 0.005595,0.003149
96 , K ,-29051.352891 , -5557.292537, 0.107692,0.154083
96 , D ,1.035805 , 0.377642, 0.008070,0.001546
97 , E ,-42286.841427 , -22271.066601, 0.209302,0.072682
97 , H ,0.880527 , 0.299698, 0.012505,0.000009
97 , Q ,-34946.628465 , -17374.524915, 0.151852,0.077407
97 , F ,0.996452 , 0.398853, 0.010000,0.000210
97 , Y ,0.816697 , 0.554091, 0.028523,0.000108
97 , C ,0.834045 , 0.476391, 0.022733,0.000866
97 , N ,0.761741 , 0.455207, 0.028733,0.001570
97 , K ,-46310.719974 , -26719.585857, 0.195652,0.115076
97 , D ,0.845193 , 0.285053, 0.013872,0.000016
98 , E ,-39742.188958 , -20480.868408, 0.182692,0.073550
98 , H ,0.823201 , 0.299583, 0.015746,0.000069
98 , Q ,-32084.752320 , -16201.528285, 0.166096,0.071805
98 , F ,1.033818 , 0.449834, 0.009703,0.000787
98 , Y ,0.834520 , 0.533326, 0.025570,0.000417
98 , C ,0.790254 , 0.468006, 0.026356,0.000554
98 , N ,0.840370 , 0.483106, 0.022456,0.001047
98 , K ,-28965.214177 , -11857.305340, 0.135294,0.121747
98 , D ,0.933086 , 0.392403, 0.012644,0.000044
99 , E ,-80289.576865 , -59609.596932, 0.426829,0.093769
99 , H ,1.423881 , 0.042969, 0.000502,0.001231
99 , Q ,-70841.444720 , -70577.665516, 0.470817,0.145437
99 , F ,0.788261 , -0.099339, 0.005702,0.001091
99 , Y ,0.602080 , -0.186962, 0.009965,0.001215
99 , C ,1.352832 , -0.028118, 0.000562,0.000055
99 , N ,0.751545 , 0.093905, 0.012459,0.001165
99 , K ,-53914.105080 , -33015.246516, 0.315789,0.202216
99 , D ,1.169024 , 0.060712, 0.001735,0.000219
100 , E ,-79782.389100 , -60286.733608, 0.441176,0.080882
100 , H ,1.476592 , 0.061992, 0.000427,0.000257
100 , Q ,-70909.524599 , -70509.265218, 0.470817,0.143772
100 , F ,0.961902 , 0.058258, 0.004383,0.000691
100 , Y ,0.893519 , -0.014981, 0.004801,0.000893
100 , C ,1.396723 , 0.004260, 0.000515,0.000095
100 , N ,1.075846 , 0.178254, 0.004013,0.004641
101 , E ,-70506.064760 , -70912.706847, 0.404762,0.183107
101 , H ,1.177254 , 0.058778, 0.001684,0.000020
101 , Q ,-71804.082605 , -69598.066891, 0.479401,0.151847
101 , F ,1.286467 , 0.075965, 0.001108,0.001346
101 , Y ,1.312805 , -0.052556, 0.000621,0.000481
101 , C ,1.078756 , 0.329608, 0.005946,0.000173
101 , N ,1.210785 , 0.451142, 0.004594,0.000728
101 , K ,-77125.236212 , -63650.737508, 0.300000,0.225000
101 , D ,2.062454 , 0.558695, 0.000153,0.001268
102 , E ,-71323.513685 , -70090.467009, 0.416667,0.190972
102 , H ,1.549962 , 0.241126, 0.000547,0.000633
102 , Q ,-70934.541658 , -70484.097217, 0.532468,0.103559
102 , C ,1.294956 , 0.373510, 0.002609,0.000701
103 , E ,-16262.879573 , -10022.129733, 0.044444,0.075885
103 , H ,-30684.202983 , -30468.841910, 0.107232,0.054303
103 , Q ,-24182.004432 , -20344.840982, 0.138973,0.057037
103 , F ,0.705514 , 0.516004, 0.040235,0.001964
103 , Y ,-36651.829691 , -25084.628201, 0.137566,0.063949
103 , C ,-28772.373331 , -22668.481888, 0.122066,0.059126
103 , N ,-14068.771328 , -3123.543677, 0.062500,0.080156
103 , K ,0.525994 , 0.509330, 0.073237,0.005373
103 , D ,-18939.687240 , -14546.456896, 0.094891,0.062479
104 , E ,-22197.836574 , -14481.823528, 0.085714,0.070990
104 , H ,-2162.490211 , -2162.555341, 0.100382,0.049478
104 , Q ,-22106.004589 , -19394.421555, 0.126888,0.058844
104 , F ,0.740310 , 0.513653, 0.035148,0.000361
104 , Y ,-37049.191800 , -24295.114003, 0.164948,0.063060
104 , C ,-26305.633013 , -19096.698314, 0.130435,0.059834
104 , N ,-19023.733178 , -8242.921157, 0.047059,0.079677
104 , K ,0.695156 , 0.576299, 0.047875,0.005230
104 , D ,-26521.320134 , -23065.419665, 0.132353,0.056264
105 , E ,-24817.900419 , -19142.453761, 0.070000,0.070900
105 , H ,-30010.747325 , -29088.109211, 0.106635,0.054463
105 , Q ,-21313.486831 , -19178.238161, 0.133739,0.058256
105 , F ,0.750350 , 0.623772, 0.041272,0.000937
105 , Y ,-39004.501324 , -25950.258031, 0.154696,0.062747
105 , C ,-28041.708616 , -20028.504643, 0.128141,0.060190
105 , N ,-21347.257367 , -13981.988691, 0.062500,0.072031
105 , K ,0.598057 , 0.496017, 0.056001,0.005382
105 , D ,-27763.257541 , -24400.912179, 0.116279,0.057889
106 , E ,-12588.284457 , -7933.001351, 0.068627,0.072953
106 , H ,-1339.066402 , -1340.012467, 0.001484,0.053100
106 , Q ,-21919.574939 , -20683.565475, 0.113043,0.060811
106 , F ,0.613764 , 0.399820, 0.044709,0.000774
106 , Y ,-33282.878694 , -22315.426350, 0.139037,0.063246
106 , C ,-29320.839929 , -22015.339293, 0.138191,0.057892
106 , N ,-30488.791925 , -28004.586543, 0.058824,0.066961
106 , K ,0.540954 , 0.506811, 0.070357,0.004348
106 , D ,-1917.086206 , -1917.086337, 0.095894,0.054482
107 , E ,-70300.679296 , -71116.324810, 0.468750,0.143772
107 , H ,1.152325 , -0.018385, 0.001466,0.000161
107 , Q ,-71153.464401 , -70263.088949, 0.494407,0.138963
107 , F ,1.891665 , 0.061455, 0.000063,0.000054
107 , Y ,0.537255 , -0.312798, 0.008757,0.005274
107 , C ,1.060325 , 0.221447, 0.004765,0.000569
107 , N ,0.304626 , -0.204815, 0.036423,0.005182
108 , E ,-68858.922892 , -72513.212533, 0.492754,0.169922
108 , H ,1.214986 , -0.037804, 0.001019,0.000008
108 , Q ,-69400.542120 , -71995.013441, 0.568807,0.106884
108 , F ,-59.748386 , -61.391401, 0.000142,0.256635
108 , Y ,-78.021983 , -79.666955, 0.000184,0.160380
108 , C ,1.128273 , 0.238173, 0.003702,0.000127
108 , N ,1.134755 , 0.148107, 0.002728,0.001641
108 , K ,-73512.219591 , -67791.378225, 0.357143,0.178571
108 , D ,1.014225 , 0.082706, 0.003852,0.000007
109 , E ,-69262.429650 , -72127.893746, 0.486111,0.159144
109 , H ,1.311125 , -0.003254, 0.000740,0.000002
109 , Q ,-68980.156523 , -72397.895328, 0.602632,0.092860
109 , F ,-48.646102 , -50.333762, 0.000116,0.242722
109 , Y ,-56.777019 , -58.482353, 0.000134,0.166016
109 , C ,1.188285 , 0.273035, 0.003149,0.000053
109 , N ,1.307716 , 0.195526, 0.001448,0.000872
109 , K ,-73512.219591 , -67791.378225, 0.357143,0.178571
109 , D ,1.087299 , 0.112459, 0.003048,0.000001
110 , E ,-74755.890824 , -52688.022961, 0.360248,0.100285
110 , H ,1.048683 , -0.027241, 0.002270,0.000073
110 , Q ,-79065.923804 , -61223.354305, 0.525275,0.064142
110 , F ,1.819059 , 0.128864, 0.000112,0.000031
110 , Y ,1.189539 , -0.069051, 0.001026,0.000016
110 , C ,1.033007 , 0.224435, 0.005381,0.000292
110 , N ,0.514352 , -0.192861, 0.014066,0.000097
110 , K ,-56409.593509 , -38355.497212, 0.314050,0.054846
110 , D ,1.650682 , 0.291800, 0.000415,0.000090
111 , E ,-4047.531008 , 1012.387118, 0.065919,0.079036
111 , H ,0.979834 , 0.796932, 0.024418,0.000333
111 , Q ,-9238.827408 , -3067.820192, 0.060201,0.077489
111 , F ,1.016407 , 0.555418, 0.013436,0.000357
111 , Y ,0.864199 , 0.829035, 0.038792,0.000097
111 , C ,0.961925 , 0.847031, 0.028226,0.000009
111 , N ,1.142406 , 0.817552, 0.013841,0.000039
111 , K ,-5614.562128 , -3280.711313, 0.056462,0.076393
111 , D ,0.801703 , 0.661863, 0.036684,0.000069
112 , E ,-37886.814730 , -19670.172854, 0.171521,0.075184
112 , H ,0.769084 , 0.332880, 0.021138,0.000230
112 , Q ,-68943.946043 , -46737.494029, 0.471910,0.045501
112 , F ,0.746944 , 0.579075, 0.038530,0.000276
112 , Y ,0.671466 , 0.274797, 0.027184,0.000003
112 , C ,1.059835 , 0.199554, 0.004416,0.000055
112 , N ,0.466195 , 0.122635, 0.042074,0.000130
112 , K ,-28615.496441 , -14888.967984, 0.157676,0.068519
112 , D ,1.131183 , 0.189466, 0.003078,0.000683
113 , E ,-69755.536412 , -71651.115306, 0.537313,0.119626
113 , H ,0.895456 , 0.225725, 0.009459,0.000273
113 , Q ,-69210.798163 , -46857.882089, 0.433941,0.052168
113 , F ,0.798030 , -0.037050, 0.006491,0.000707
113 , Y ,1.119961 , 0.165739, 0.003051,0.000007
113 , C ,1.122111 , 0.263532, 0.004107,0.000889
113 , N ,0.487134 , -0.079926, 0.023139,0.003094
113 , K ,-77780.431888 , -62848.414106, 0.596154,0.054549
113 , D ,1.219221 , 0.247625, 0.002508,0.000125
114 , E ,-57766.973448 , -36653.378125, 0.334526,0.059819
114 , H ,0.881947 , 0.471959, 0.018845,0.000057
114 , Q ,-67927.768114 , -45308.602117, 0.445771,0.050223
114 , F ,1.045880 , 0.308818, 0.006415,0.000025
114 , Y ,0.902030 , 0.374802, 0.013904,0.000142
114 , C ,0.826585 , 0.439844, 0.021685,0.000077
114 , N ,0.820847 , 0.427327, 0.021567,0.000227
114 , K ,-43820.285143 , -25083.555461, 0.222997,0.069893
114 , D ,0.726420 , 0.415668, 0.030378,0.000650
115 , E ,0.851868 , 0.046306, 0.006905,0.000008
115 , H ,-57905.768608 , -36158.151496, 0.326882,0.063457
115 , Q ,0.697527 , 0.146203, 0.017669,0.001076
115 , F ,-4432.155457 , 2727.500523, 0.074074,0.081008
115 , Y ,-46300.669891 , -26785.002293, 0.279321,0.061872
115 , C ,-58700.927674 , -36379.238549, 0.333753,0.063187
115 , N ,-73325.050057 , -52664.948899, 0.452906,0.070733
115 , K ,0.475446 , -0.214377, 0.015834,0.000379
115 , D ,-38730.969315 , -20706.720404, 0.136612,0.080942
116 , E ,1.244301 , 0.435691, 0.003863,0.000010
116 , H ,-65193.379040 , -42893.117268, 0.341991,0.096590
116 , Q ,0.948438 , 0.464271, 0.014142,0.000628
116 , F ,-8083.534076 , -7718.082342, 0.056000,0.073357
116 , Y ,-80911.653198 , -58762.445716, 0.442947,0.086301
116 , C ,-79991.502015 , -58486.093220, 0.483187,0.071268
116 , N ,-77145.866782 , -57001.185713, 0.478558,0.065979
116 , K ,0.863546 , -0.127516, 0.003733,0.000169
116 , D ,-65172.649165 , -42822.843212, 0.418367,0.052005
117 , E ,1.126455 , 0.347374, 0.005063,0.000127
117 , H ,-57784.635694 , -36825.241591, 0.373239,0.053166
117 , Q ,0.954940 , 0.443453, 0.013174,0.000100
117 , F ,-10145.086647 , -8501.292412, 0.055670,0.072269
117 , Y ,-71997.940034 , -48886.161691, 0.450149,0.053041
117 , C ,-70731.215434 , -48771.358016, 0.486790,0.044186
117 , N ,-71631.192654 , -49152.669662, 0.467159,0.048469
117 , K ,0.843850 , -0.154925, 0.003693,0.000026
117 , D ,-67819.388600 , -46372.891829, 0.427778,0.051563
118 , E ,-59440.029127 , -38028.407701, 0.308140,0.099331
118 , H ,1.254770 , 0.088054, 0.001301,0.000017
118 , Q ,-47402.937359 , -26144.232882, 0.225334,0.075363
118 , F ,0.969627 , 0.349755, 0.009922,0.000359
118 , Y ,1.092456 , 0.281922, 0.004819,0.000050
118 , C ,0.992017 , 0.491007, 0.012680,0.000272
118 , N ,0.850016 , 0.337190, 0.015618,0.000169
118 , K ,-49927.706995 , -29187.679966, 0.266409,0.103427
118 , D ,0.978286 , 0.237922, 0.007071,0.000348
119 , E ,0.115707 , -0.376383, 0.042564,0.000845
119 , H ,-55180.999606 , -38017.029674, 0.413483,0.038580
119 , Q ,0.364255 , -0.200659, 0.026153,0.000123
119 , F ,-31194.343241 , -20525.320584, 0.204007,0.055772
119 , Y ,-55282.111700 , -39320.298519, 0.359012,0.044221
119 , C ,-53976.513932 , -38311.101840, 0.376623,0.040710
119 , N ,-52255.188628 , -36645.254018, 0.405325,0.036788
119 , K ,0.145414 , -0.403861, 0.034264,0.001091
119 , D ,-45022.743190 , -28857.874729, 0.244444,0.060283
120 , E ,-21927.654012 , -10921.691277, 0.146429,0.068856
120 , H ,0.998929 , 0.331972, 0.008238,0.000018
120 , Q ,-39670.635682 , -19892.428654, 0.203835,0.073742
120 , F ,0.764471 , 0.588291, 0.036445,0.001234
120 , Y ,1.064976 , 0.592730, 0.011817,0.000164
120 , C ,-4033.617170 , -3.385606, 0.046203,0.080044
120 , N ,0.750734 , 0.322200, 0.022201,0.000028
120 , K ,-15844.608411 , -2933.370167, 0.074713,0.082364
120 , D ,0.974999 , 0.229120, 0.006854,0.000203
121 , Y ,-0.135313 , -0.497963, 0.094629,0.000701
122 , E ,0.787061 , 0.506768, 0.028908,0.000031
122 , H ,-17650.607592 , -9794.078546, 0.095453,0.071200
122 , Q ,0.722886 , 0.530351, 0.038436,0.000263
122 , F ,-19966.500885 , -11432.921357, 0.114771,0.068466
122 , Y ,-27393.876230 , -14199.434036, 0.163961,0.066551
122 , C ,-26275.472244 , -13248.096461, 0.149840,0.068608
122 , N ,-18237.061347 , -9176.787466, 0.118489,0.068809
122 , K ,0.754469 , 0.396873, 0.026242,0.000424
122 , D ,-15573.412159 , -8808.174893, 0.101751,0.068557
123 , E ,0.668993 , -0.447971, 0.002789,0.000177
123 , H ,-39093.326166 , -20227.059957, 0.212766,0.069950
123 , Q ,0.894102 , -0.115671, 0.003388,0.000190
123 , F ,0.912695 , 0.660169, 0.024521,0.000171
123 , Y ,-70444.786105 , -49433.243241, 0.365772,0.090528
123 , C ,-67110.319369 , -46501.475156, 0.400231,0.078223
123 , N ,-70024.411232 , -49488.207127, 0.412860,0.077057
123 , K ,0.809370 , -0.558225, 0.000930,0.000009
123 , D ,-40382.920259 , -23295.508105, 0.219178,0.068337
124 , E ,-16409.777171 , -5953.542121, 0.111111,0.072562
124 , H ,0.545976 , 0.322098, 0.049048,0.000687
124 , Q ,-29324.706846 , -17279.651477, 0.202020,0.059977
124 , F ,0.475855 , 0.143236, 0.044845,0.001928
124 , Y ,0.367192 , 0.169560, 0.072856,0.001108
124 , C ,0.965222 , 0.300655, 0.008878,0.000168
124 , N ,0.835894 , 0.575323, 0.027631,0.000451
124 , K ,-41398.936512 , -24866.264535, 0.300000,0.082500
124 , D ,0.433308 , 0.143072, 0.050457,0.002153
125 , E ,1.086495 , 1.160466, 0.028574,0.002277
125 , H ,0.731258 , 0.620499, 0.043507,0.000615
125 , Q ,-16170.131530 , -7281.857112, 0.080745,0.074412
125 , F ,0.986723 , 0.521062, 0.013443,0.001074
125 , Y ,0.564004 , 0.510226, 0.064072,0.001358
125 , C ,0.697358 , 0.478770, 0.038323,0.000629
125 , N ,0.611901 , 0.505225, 0.054859,0.002485
125 , K ,-22175.375564 , -21031.931918, 0.050000,0.068611
125 , D ,0.986786 , 0.703043, 0.019576,0.002134
126 , E ,-25949.630871 , -24310.958245, 0.090000,0.058633
126 , H ,-32716.739154 , -18738.727555, 0.179775,0.064157
126 , Q ,0.612683 , 0.475659, 0.051118,0.000485
126 , F ,0.681839 , 0.584816, 0.048573,0.000273
126 , Y ,-21875.643813 , -12488.855390, 0.171233,0.061503
126 , C ,-22909.857340 , -21534.680317, 0.100719,0.061358
126 , N ,-20716.729850 , -19158.534706, 0.114583,0.061234
126 , K ,-36839.556235 , -25276.314197, 0.170732,0.059488
126 , D ,-16708.260704 , -15624.562575, 0.056818,0.069344
127 , E ,-21183.997341 , -10346.969925, 0.064516,0.078429
127 , H ,0.887157 , 0.713977, 0.029375,0.001887
127 , Q ,-19008.443124 , -6323.395150, 0.098361,0.077802
127 , F ,1.085367 , 0.644904, 0.012271,0.000064
127 , Y ,1.132404 , 0.951672, 0.017400,0.003069
127 , C ,1.151012 , 0.428507, 0.005519,0.000806
127 , N ,0.816432 , 0.535224, 0.027519,0.003359
127 , K ,-4996.737647 , 11477.745133, 0.096154,0.143306
127 , D ,1.407445 , 0.665740, 0.003398,0.001561
128 , E ,0.977642 , 0.941162, 0.030636,0.000245
128 , H ,-19072.943838 , -7917.990951, 0.113835,0.072623
128 , Q ,0.869658 , 0.486925, 0.020504,0.000476
128 , F ,-16084.525764 , -4380.644180, 0.076220,0.080108
128 , Y ,-40085.722627 , -22578.469307, 0.220949,0.064811
128 , C ,-20893.361954 , -10127.955014, 0.130137,0.070024
128 , N ,-22156.784428 , -7821.742952, 0.156716,0.072418
128 , K ,0.977301 , 0.856430, 0.027067,0.000462
128 , D ,-34253.145435 , -16937.332897, 0.151625,0.075795
129 , E ,0.876674 , 0.864634, 0.038755,0.000407
129 , H ,-21873.475229 , -7505.477689, 0.108202,0.078341
129 , Q ,0.896218 , 0.574948, 0.022082,0.000087
129 , F ,-15746.692515 , -5481.927874, 0.090643,0.075473
129 , Y ,-40958.260883 , -22982.159870, 0.222222,0.066810
129 , C ,-19377.165692 , -9480.951662, 0.101724,0.073241
129 , N ,-33059.964272 , -16068.258856, 0.149425,0.076990
129 , K ,1.057732 , 0.945802, 0.023350,0.000382
129 , D ,-29786.438404 , -11591.839401, 0.151625,0.078410
130 , E ,0.984085 , 0.940886, 0.029770,0.000580
130 , H ,-24777.489966 , -10216.681346, 0.115607,0.077060
130 , Q ,0.931339 , 0.606704, 0.020738,0.000268
130 , F ,-10889.188923 , 77.244359, 0.075085,0.081535
130 , Y ,-36939.667714 , -19785.216348, 0.221649,0.064181
130 , C ,-22226.352193 , -11323.209900, 0.117534,0.071446
130 , N ,-28442.400410 , -12321.678808, 0.139640,0.076455
130 , K ,0.813666 , 0.715406, 0.038358,0.000659
130 , D ,-30587.844966 , -14742.256182, 0.177419,0.068516
131 , E ,0.823254 , 0.802411, 0.042470,0.000069
131 , H ,-18675.100620 , -4815.454110, 0.113490,0.078179
131 , Q ,0.979313 , 0.661968, 0.019198,0.000347
131 , F ,-12809.808548 , -3420.886091, 0.090535,0.075615
131 , Y ,-34525.837157 , -17941.437634, 0.204198,0.066618
131 , C ,-21602.710530 , -9736.059165, 0.107660,0.074261
131 , N ,-25031.545128 , -9839.436267, 0.124694,0.077403
131 , K ,0.859424 , 0.714401, 0.032779,0.000794
131 , D ,-30316.059004 , -14005.082628, 0.170000,0.070650
132 , E ,0.925631 , 0.861600, 0.033042,0.000147
132 , H ,-25402.606676 , -12349.544334, 0.108291,0.075249
132 , Q ,1.095609 , 0.727716, 0.013923,0.000297
132 , F ,-19343.751756 , -8523.512617, 0.094828,0.075481
132 , Y ,-40515.095874 , -22850.776069, 0.232595,0.063916
132 , C ,-21978.959036 , -11527.344150, 0.109777,0.072376
132 , N ,-27160.413530 , -10605.887845, 0.150838,0.075947
132 , K ,0.901543 , 0.757999, 0.030314,0.000234
132 , D ,-28870.907619 , -14272.079132, 0.176271,0.067517
133 , E ,0.951341 , 0.909307, 0.032151,0.000082
133 , H ,-22356.603998 , -8498.613403, 0.113553,0.076632
133 , Q ,0.876142 , 0.538790, 0.022100,0.000033
133 , F ,-13261.145595 , -3653.775353, 0.090909,0.075729
133 , Y ,-36767.406494 , -21112.253235, 0.232673,0.060033
133 , C ,-20687.394774 , -9416.286619, 0.100733,0.074869
133 , N ,-28461.910715 , -11798.571606, 0.117530,0.081651
133 , K ,0.860525 , 0.764376, 0.035226,0.000973
133 , D ,-24592.197098 , -9409.305724, 0.181132,0.069220
134 , E ,-25.042953 , -25.312346, 0.015624,0.076610
134 , H ,-22997.408611 , -9346.949812, 0.101549,0.077760
134 , Q ,0.853217 , 0.566562, 0.025470,0.000845
134 , F ,-14104.225364 , -1966.435223, 0.084746,0.081357
134 , Y ,-36849.522400 , -19532.094454, 0.215311,0.065575
134 , C ,-20418.495006 , -9345.957336, 0.115183,0.072753
134 , N ,-25256.157116 , -9028.363076, 0.123845,0.079645
134 , K ,0.995476 , 0.873256, 0.026260,0.000202
134 , D ,-36701.698305 , -18290.783290, 0.181159,0.073409
135 , E ,0.925822 , 0.789055, 0.028969,0.000068
135 , H ,-19917.238492 , -7749.394107, 0.104882,0.075375
135 , Q ,0.856620 , 0.499637, 0.021934,0.000447
135 , F ,-14134.635283 , -3215.366565, 0.089506,0.078504
135 , Y ,-39775.449779 , -21094.335985, 0.227869,0.066628
135 , C ,-21174.813485 , -10234.713482, 0.120543,0.071115
135 , N ,-24321.455181 , -8568.720031, 0.147664,0.075686
135 , K ,0.893492 , 0.788471, 0.033010,0.001879
135 , D ,-32895.253547 , -15187.186262, 0.178030,0.072319
136 , E ,1.029187 , 0.967231, 0.026629,0.000355
136 , H ,-21867.238198 , -8338.821199, 0.117424,0.075911
136 , Q ,0.975618 , 0.572417, 0.016250,0.000116
136 , F ,-11874.218259 , -972.182478, 0.091205,0.079389
136 , Y ,-37313.866407 , -20412.344287, 0.201739,0.067316
136 , C ,-25061.813235 , -13957.136606, 0.113806,0.071776
136 , N ,-26283.768635 , -11633.443650, 0.116327,0.077874
136 , K ,0.928916 , 0.839204, 0.031476,0.000711
136 , D ,-28786.429483 , -13931.265335, 0.186722,0.066631
137 , E ,1.001345 , 0.953528, 0.028820,0.000202
137 , H ,-21796.666321 , -8619.061584, 0.116910,0.074705
137 , Q ,1.020082 , 0.630955, 0.015440,0.000415
137 , F ,-10376.469554 , -876.675285, 0.075949,0.079338
137 , Y ,-36241.087754 , -19458.825606, 0.203488,0.066599
137 , C ,-21914.505746 , -10665.764927, 0.106339,0.073286
137 , N ,-23986.822894 , -9025.988768, 0.135135,0.075626
137 , K ,0.929760 , 0.788578, 0.028866,0.000646
137 , D ,-23872.305095 , -8812.751588, 0.163462,0.071530
138 , E ,0.526809 , 0.174461, 0.038533,0.002192
138 , H ,-7669.536280 , -2042.933451, 0.076782,0.075203
138 , Q ,0.629847 , 0.300074, 0.034179,0.000403
138 , F ,0.780178 , 0.348692, 0.021085,0.000172
138 , Y ,-25446.576915 , -14772.745579, 0.157048,0.065610
138 , C ,0.983695 , 1.101600, 0.037198,0.001100
138 , N ,-10833.297969 , -8600.627362, 0.059406,0.071669
138 , K ,0.762833 , 0.519700, 0.032538,0.000662
138 , D ,-11257.420771 , -7492.077079, 0.061225,0.075168
139 , E ,0.812215 , 0.477061, 0.024830,0.000207
139 , H ,-9503.225886 , -1426.618955, 0.084337,0.076709
139 , Q ,0.672334 , 0.432428, 0.038242,0.000269
139 , F ,0.548020 , 0.373425, 0.053528,0.000405
139 , Y ,-13951.620092 , -7298.269766, 0.101695,0.069548
139 , C ,-7847.497732 , -1321.085194, 0.059102,0.078443
139 , N ,-13564.780935 , -9627.582160, 0.072639,0.069741
139 , K ,0.651052 , 0.573950, 0.053137,0.000547
139 , D ,-13297.576259 , -8210.413401, 0.068000,0.072560
140 , E ,1.000318 , 0.308349, 0.007825,0.000251
140 , H ,-15520.187453 , -5603.049241, 0.078652,0.076859
140 , Q ,0.484692 , 0.097010, 0.037362,0.000696
140 , F ,0.807843 , 0.612689, 0.033321,0.000589
140 , Y ,-29192.524606 , -17765.983813, 0.186765,0.060223
140 , C ,-12386.078126 , -4669.532874, 0.086387,0.074013
140 , N ,-22865.047070 , -17734.653085, 0.111628,0.064327
140 , K ,0.647520 , 0.444703, 0.043415,0.002237
140 , D ,-10326.004112 , -9966.003572, 0.093750,0.067907
141 , E ,0.672583 , 0.082112, 0.016622,0.000177
141 , H ,-15952.001228 , -9003.718839, 0.111952,0.068358
141 , Q ,0.372106 , -0.032901, 0.041649,0.000979
141 , F ,0.790659 , 0.557071, 0.031741,0.000144
141 , Y ,-34661.594750 , -21001.760863, 0.195793,0.061493
141 , C ,-10608.697326 , -3125.846916, 0.096154,0.073055
141 , N ,-33443.670106 , -24676.562111, 0.173554,0.056660
141 , K ,0.955707 , 0.593616, 0.018280,0.002960
141 , D ,-26516.907457 , -20309.170193, 0.163842,0.059264
142 , E ,0.739824 , 0.302209, 0.022491,0.001614
142 , H ,-30226.056380 , -19452.858644, 0.143852,0.065897
142 , Q ,1.140745 , 0.415342, 0.005524,0.001146
142 , F ,0.834189 , 0.375481, 0.017945,0.000237
142 , Y ,-39567.366801 , -24229.975324, 0.229213,0.061937
142 , C ,-25304.085969 , -13407.185171, 0.134357,0.068981
142 , N ,-30665.235175 , -18086.331656, 0.125683,0.072452
142 , K ,0.838737 , 0.351882, 0.016748,0.000570
142 , D ,-23372.906290 , -12976.722723, 0.142857,0.067281
143 , E ,0.822527 , -0.100486, 0.004871,0.000003
143 , H ,-41867.518336 , -23353.960709, 0.198248,0.071625
143 , Q ,0.887399 , 0.088467, 0.006771,0.000062
143 , F ,-48437.105387 , -27201.975528, 0.245339,0.072051
143 , Y ,-36501.938493 , -18350.646271, 0.192959,0.071881
143 , C ,-31486.376974 , -13933.980791, 0.156268,0.076478
143 , N ,-37758.944820 , -18892.848383, 0.210678,0.070601
143 , K ,1.039696 , 0.034715, 0.002912,0.000162
143 , D ,-46795.449068 , -27669.473021, 0.248980,0.068902
