1 , E ,0.580615 , 0.187139, 0.000385,0.000021
1 , H ,-1862.402982 , -1683.412135, 0.245228,0.032717
1 , Q ,0.801021 , 0.234406, 0.000029,0.000046
1 , F ,-2058.789600 , -1844.694332, 0.156863,0.037015
1 , Y ,-1770.456990 , -1612.660641, 0.300296,0.030483
1 , C ,-1964.177942 , -1763.953727, 0.172269,0.036322
1 , N ,-2753.921929 , -2717.183955, 0.213740,0.045458
1 , K ,0.598383 , -0.011864, 0.000032,0.000021
1 , D ,-1405.840099 , -1141.113705, 0.092975,0.027529
2 , E ,0.626917 , 0.886244, 0.017411,0.000288
2 , H ,1.082676 , 0.782041, 0.000103,0.000416
2 , Q ,0.523754 , 0.824588, 0.031869,0.000367
2 , F ,0.938478 , 0.767305, 0.000498,0.000244
2 , Y ,0.977469 , 0.810402, 0.000426,0.000209
2 , C ,1.018597 , 0.916632, 0.000515,0.000012
2 , N ,1.042426 , 0.683058, 0.000079,0.000022
2 , K ,0.832425 , 1.075467, 0.006219,0.000109
2 , D ,1.054718 , 0.724245, 0.000094,0.000082
3 , E ,0.388295 , 0.179928, 0.004483,0.000240
3 , H ,-1567.762863 , -1313.290719, 0.124161,0.020815
3 , Q ,0.508727 , 0.270552, 0.002179,0.000112
3 , F ,0.490990 , 0.482263, 0.011261,0.000509
3 , Y ,-1320.888992 , -1071.134193, 0.083851,0.022082
3 , C ,-715.200174 , -520.941319, 0.043408,0.018439
3 , N ,-836.623240 , -647.093111, 0.052632,0.017331
3 , K ,0.307781 , 0.101023, 0.006163,0.000238
3 , D ,0.626919 , 0.839850, 0.015103,0.000316
4 , E ,0.879354 , 0.908471, 0.002058,0.000175
4 , H ,0.601354 , 0.837334, 0.018382,0.000027
4 , Q ,0.758984 , 0.868404, 0.005423,0.000205
4 , F ,0.734149 , 0.815645, 0.005447,0.000050
4 , Y ,-1564.333199 , -1287.101524, 0.073640,0.030324
4 , C ,-1217.228003 , -946.576776, 0.040073,0.024130
4 , N ,-1465.134608 , -1195.667805, 0.103030,0.023660
4 , K ,0.818544 , 0.516350, 0.000342,0.000137
4 , D ,-1555.775249 , -1278.283513, 0.049032,0.030021
5 , E ,0.748999 , 0.757516, 0.003581,0.000138
5 , H ,-845.688967 , -615.356084, 0.027809,0.022818
5 , Q ,0.771246 , 0.851781, 0.004468,0.000023
5 , F ,0.750695 , 0.828561, 0.004983,0.000136
5 , Y ,-1971.862702 , -1703.133331, 0.079227,0.038572
5 , C ,-1418.046476 , -1137.100577, 0.057497,0.029326
5 , N ,-1367.012745 , -1095.072944, 0.082759,0.027737
5 , K ,0.921218 , 0.558076, 0.000131,0.000110
5 , D ,-1799.626636 , -1517.470006, 0.049587,0.037724
6 , E ,-0.220073 , -0.450648, 0.017449,0.000294
6 , H ,-505.687671 , -464.124718, 0.654321,0.004494
6 , Q ,0.214549 , -0.407750, 0.000045,0.000363
6 , F ,-818.627228 , -761.393853, 0.546875,0.014198
6 , Y ,-573.415158 , -534.150684, 0.701681,0.003955
6 , C ,-487.920811 , -436.518064, 0.689252,0.003890
6 , N ,-771.764821 , -701.590236, 0.529293,0.010389
6 , K ,0.124717 , -0.248943, 0.001587,0.000124
6 , D ,-632.056212 , -593.413304, 0.617647,0.007203
7 , E ,0.612566 , 0.378577, 0.001437,0.000552
7 , H ,-858.116286 , -716.370763, 0.079096,0.018463
7 , Q ,0.353451 , 0.187245, 0.007341,0.000608
7 , F ,-1191.210072 , -983.657214, 0.109756,0.018441
7 , Y ,-1360.800327 , -1189.948622, 0.096447,0.027406
7 , C ,-1062.390815 , -893.897637, 0.122642,0.017666
7 , N ,-844.731025 , -687.113474, 0.086124,0.018004
7 , K ,0.233554 , 0.116844, 0.017643,0.000735
7 , D ,-1308.416739 , -1141.566768, 0.062016,0.019599
8 , E ,1.489627 , 1.474131, 0.000041,0.006718
8 , H ,0.758096 , 0.653664, 0.001822,0.000314
8 , Q ,0.647279 , 0.712875, 0.007597,0.000518
8 , F ,0.443172 , 0.446510, 0.014791,0.000411
8 , Y ,0.623294 , 0.584597, 0.005188,0.000186
8 , C ,0.697068 , 0.666296, 0.003773,0.000612
8 , N ,0.683397 , 0.688595, 0.004820,0.001205
8 , K ,0.596109 , 0.453382, 0.002948,0.000730
8 , D ,1.777747 , 1.344637, 0.000001,0.001760
9 , E ,-1252.359659 , -975.670839, 0.051020,0.027818
9 , H ,0.875579 , 0.681651, 0.000589,0.000438
9 , Q ,0.624227 , 1.039538, 0.026997,0.000408
9 , F ,1.064142 , 0.675181, 0.000056,0.000405
9 , Y ,0.777677 , 0.604101, 0.001086,0.000074
9 , C ,0.903217 , 0.769153, 0.000764,0.000145
9 , N ,0.859268 , 0.556721, 0.000290,0.001285
9 , K ,0.567411 , 0.741611, 0.018602,0.005534
9 , D ,1.053865 , 0.618978, 0.000041,0.001543
10 , E ,-7882.968728 , -9858.662140, 0.230769,0.106509
10 , H ,1.261427 , 0.770354, 0.000011,0.006038
10 , Q ,-46935.659257 , -88299.339851, 0.100000,0.410000
10 , F ,-0.465203 , -0.407084, 2.593863,0.009913
10 , Y ,1.460389 , 0.715639, 0.000001,0.000579
10 , C ,0.258418 , 0.182481, 0.033450,0.007986
10 , N ,2.130181 , 1.016155, 0.000000,0.002440
10 , K ,-0.527682 , -0.773135, 1.400439,0.020588
10 , D ,0.003856 , -0.034458, 0.130201,0.002371
11 , E ,0.476173 , 0.479256, 0.012397,0.000868
11 , H ,0.402420 , 0.462915, 0.023991,0.000272
11 , Q ,0.314963 , 0.220686, 0.014650,0.000548
11 , F ,-576.491618 , -498.415207, 0.068027,0.015329
11 , Y ,0.400174 , 0.416879, 0.019762,0.000414
11 , C ,-989.642247 , -865.725135, 0.046595,0.014912
11 , N ,0.667406 , 0.685849, 0.005497,0.000452
11 , K ,0.378768 , 0.265980, 0.009943,0.000596
11 , D ,0.831095 , 0.645540, 0.000746,0.000975
12 , E ,0.548706 , 0.456728, 0.005309,0.000179
12 , H ,0.554883 , 0.709263, 0.017385,0.000045
12 , Q ,0.797205 , 0.842853, 0.003304,0.000120
12 , F ,0.699363 , 0.682874, 0.003950,0.000140
12 , Y ,-1259.085145 , -994.581942, 0.067584,0.026627
12 , C ,-1089.075995 , -857.928760, 0.040984,0.021987
12 , N ,-764.866696 , -555.283831, 0.031117,0.022561
12 , K ,0.615756 , 0.493103, 0.003150,0.000236
12 , D ,0.802075 , 0.860636, 0.003453,0.000105
13 , E ,-2004.159983 , -1845.589271, 0.065934,0.043865
13 , H ,0.590657 , 0.188923, 0.000342,0.000240
13 , Q ,-2092.796204 , -1912.146470, 0.093923,0.043894
13 , F ,1.154337 , 0.400604, 0.000001,0.003738
13 , Y ,0.628975 , 0.181649, 0.000191,0.006499
13 , C ,0.500950 , 0.149837, 0.000803,0.000453
13 , N ,0.929031 , 0.190097, 0.000003,0.000428
13 , K ,0.518856 , 0.716438, 0.024769,0.000894
13 , D ,1.259271 , 0.217019, 0.000000,0.000492
14 , E ,-2638.502799 , -2496.737453, 0.112500,0.045039
14 , H ,0.806794 , 0.237564, 0.000028,0.000784
14 , Q ,-2254.978954 , -2079.245728, 0.086207,0.044449
14 , F ,0.925755 , 0.265890, 0.000007,0.000249
14 , Y ,1.003432 , 0.386829, 0.000009,0.005628
14 , C ,0.790476 , 0.281953, 0.000058,0.001431
14 , N ,0.835590 , 0.194779, 0.000012,0.002068
14 , K ,-1102.726897 , -844.913064, 0.044118,0.034386
14 , D ,0.931065 , 0.165216, 0.000002,0.000475
15 , E ,0.730515 , 1.742228, 0.046671,0.015562
15 , H ,1.114027 , 0.531497, 0.000010,0.004639
15 , Q ,-2928.924000 , -3122.587697, 0.187500,0.061198
15 , F ,1.555755 , 1.256990, 0.000009,0.010884
15 , Y ,-3.915459 , -4.427566, 0.000026,0.053633
15 , C ,1.260336 , 0.704722, 0.000005,0.005131
15 , N ,0.209903 , 0.206304, 0.095588,0.043687
15 , K ,-0.000000 , -0.000000, 0.250000,0.000000
15 , D ,-0.114604 , -0.396463, 0.016415,0.010991
16 , E ,-1535.976842 , -1296.399654, 0.074627,0.033771
16 , H ,1.135121 , 0.500902, 0.000005,0.000073
16 , Q ,-2487.115737 , -2307.872023, 0.087248,0.048241
16 , F ,1.083782 , 0.425326, 0.000004,0.000102
16 , Y ,0.831961 , 0.382575, 0.000088,0.000110
16 , C ,0.678575 , 0.437231, 0.001024,0.000438
16 , N ,0.751352 , 0.320069, 0.000146,0.000175
16 , K ,1.795757 , 2.454200, 0.000106,0.008115
16 , D ,1.076077 , 0.446731, 0.000006,0.001030
17 , E ,-1705.243733 , -1454.767623, 0.083333,0.037577
17 , H ,0.624208 , 0.308211, 0.000695,0.000133
17 , Q ,-1556.495408 , -1269.027451, 0.046784,0.029872
17 , F ,0.962518 , 0.431139, 0.000024,0.001981
17 , Y ,1.206034 , 0.711208, 0.000012,0.001379
17 , C ,0.960866 , 0.612766, 0.000124,0.000572
17 , N ,1.112077 , 0.636145, 0.000021,0.001034
17 , K ,-1214.419059 , -924.802200, 0.033898,0.030212
17 , D ,0.721910 , 0.362218, 0.000321,0.000746
18 , E ,1.135742 , 0.908780, 0.000130,0.000179
18 , H ,0.703945 , 0.838451, 0.008049,0.000299
18 , Q ,1.203979 , 0.768983, 0.000020,0.000531
18 , F ,0.937057 , 0.996949, 0.001785,0.000111
18 , Y ,0.795929 , 1.035928, 0.007338,0.000028
18 , C ,-1527.646802 , -1250.341941, 0.037931,0.036716
18 , N ,0.700073 , 0.894627, 0.010147,0.000521
18 , K ,1.109540 , 0.807089, 0.000090,0.000350
18 , D ,0.839415 , 0.943425, 0.003559,0.000184
19 , E ,-1467.710331 , -1227.199138, 0.090909,0.023857
19 , H ,0.656756 , 0.351048, 0.000653,0.000069
19 , Q ,-1448.316806 , -1326.239922, 0.441176,0.031769
19 , F ,0.781947 , 0.524348, 0.000561,0.000446
19 , Y ,0.718432 , -0.052973, 0.000000,0.020767
19 , C ,0.632454 , 0.164482, 0.000146,0.000083
19 , N ,0.568680 , 0.308969, 0.001316,0.000352
19 , K ,1.745883 , 2.357725, 0.000108,0.005619
19 , D ,0.713064 , 0.350070, 0.000317,0.000504
20 , E ,-2220.379268 , -1994.427074, 0.121212,0.038166
20 , H ,0.808814 , 0.342104, 0.000082,0.000149
20 , Q ,-1683.786880 , -1541.824037, 0.312292,0.029335
20 , F ,0.803320 , 0.281060, 0.000000,0.023106
20 , Y ,0.800354 , 0.308116, 0.000065,0.000512
20 , C ,0.990905 , 0.185665, 0.000001,0.000072
20 , N ,0.862054 , 0.306707, 0.000026,0.000926
20 , K ,-3094.134798 , -3049.421356, 0.154839,0.047711
20 , D ,0.566618 , 0.039240, 0.000093,0.000060
21 , E ,-5056.777087 , -5809.137311, 0.292605,0.052846
21 , H ,0.756221 , 0.392419, 0.000265,0.000158
21 , Q ,-1289.959168 , -1219.490645, 0.536232,0.019948
21 , F ,0.831638 , 0.333566, 0.000000,0.022105
21 , Y ,0.596295 , 0.178910, 0.000286,0.000370
21 , C ,1.024926 , 0.559251, 0.000035,0.000084
21 , N ,0.822125 , 0.331855, 0.000058,0.000767
21 , K ,-3133.858041 , -3141.411882, 0.191235,0.053376
21 , D ,0.922244 , 0.219609, 0.000005,0.000021
22 , E ,0.820051 , 0.742950, 0.001555,0.000564
22 , H ,0.796370 , 0.852303, 0.003513,0.000299
22 , Q ,0.748024 , 0.568106, 0.001171,0.000452
22 , F ,0.653175 , 0.564909, 0.003343,0.000062
22 , Y ,0.579005 , 0.606580, 0.008994,0.001639
22 , C ,-1032.549547 , -771.590411, 0.027523,0.028701
22 , N ,0.680805 , 0.827510, 0.009123,0.001176
22 , K ,0.858893 , 0.677268, 0.000677,0.000268
22 , D ,0.704561 , 0.721657, 0.004632,0.000690
23 , E ,0.662528 , 0.605368, 0.003765,0.000286
23 , H ,0.754906 , 1.055150, 0.010703,0.000157
23 , Q ,1.149241 , 0.726514, 0.000029,0.000555
23 , F ,0.723579 , 0.721144, 0.003805,0.000106
23 , Y ,0.732893 , 0.863025, 0.006604,0.000191
23 , C ,-1172.241966 , -897.424811, 0.061303,0.027297
23 , N ,-784.848222 , -624.431139, 0.035714,0.018053
23 , K ,0.709075 , 0.593656, 0.002116,0.000309
23 , D ,0.576779 , 0.675771, 0.012266,0.000217
24 , E ,0.638633 , 0.551994, 0.003551,0.000232
24 , H ,0.307274 , 0.278465, 0.023189,0.000149
24 , Q ,1.496653 , 0.992913, 0.000002,0.003303
24 , F ,0.691732 , 0.620287, 0.003079,0.000107
24 , Y ,0.418794 , 0.402154, 0.015164,0.000112
24 , C ,0.666362 , 0.855146, 0.011454,0.000305
24 , N ,0.392986 , 0.450457, 0.024001,0.000481
24 , K ,0.673979 , 0.562614, 0.002616,0.000208
24 , D ,0.561440 , 0.488608, 0.005638,0.000116
25 , E ,0.487542 , 0.402435, 0.007478,0.000630
25 , H ,0.535600 , 0.673855, 0.017671,0.000236
25 , Q ,0.520262 , 0.328981, 0.003030,0.000914
25 , F ,0.810098 , 0.786489, 0.002206,0.000082
25 , Y ,0.638565 , 0.677352, 0.007193,0.000921
25 , C ,-1048.757928 , -756.712816, 0.031390,0.025286
25 , N ,-1231.170634 , -1011.458867, 0.085873,0.020231
25 , K ,0.672317 , 0.577019, 0.002905,0.000296
25 , D ,0.650390 , 0.639477, 0.005147,0.000466
26 , E ,0.744872 , 0.624137, 0.001744,0.000158
26 , H ,-1034.257341 , -805.115534, 0.085106,0.020792
26 , Q ,0.687083 , 0.427175, 0.000853,0.000276
26 , F ,0.601733 , 0.632384, 0.008204,0.000063
26 , Y ,-1030.773611 , -819.829371, 0.041801,0.021419
26 , C ,-1601.097664 , -1392.530272, 0.081181,0.033690
26 , N ,0.352530 , 0.515843, 0.045668,0.000749
26 , K ,0.915819 , 0.778937, 0.000679,0.000420
26 , D ,-1012.354569 , -776.808422, 0.082143,0.021226
27 , E ,0.542638 , 0.465211, 0.005891,0.000453
27 , H ,0.642210 , 0.711148, 0.007952,0.000158
27 , Q ,0.567144 , 0.391193, 0.002765,0.000147
27 , F ,0.875574 , 0.868578, 0.001747,0.000355
27 , Y ,0.549850 , 0.544926, 0.008775,0.000429
27 , C ,-871.243294 , -729.075303, 0.034091,0.017062
27 , N ,-854.934891 , -714.835219, 0.047619,0.019115
27 , K ,0.744141 , 0.597324, 0.001481,0.000051
27 , D ,0.603328 , 0.494893, 0.003740,0.000280
28 , E ,0.068319 , 0.115876, 0.181806,0.017022
28 , Y ,-1232.705150 , -1409.666266, 0.142857,0.102041
28 , C ,-0.238555 , -0.333161, 0.457072,0.009780
28 , D ,0.000000 , 0.000000, 0.250000,0.000000
29 , E ,0.855135 , 0.664563, 0.000643,0.000425
29 , H ,-1103.439526 , -867.762503, 0.074733,0.021226
29 , Q ,0.676821 , 0.442726, 0.001089,0.000765
29 , F ,0.621922 , 0.650962, 0.007380,0.000297
29 , Y ,-911.583875 , -661.703698, 0.051546,0.022295
29 , C ,-1726.618904 , -1510.773295, 0.082707,0.035107
29 , N ,-820.491328 , -591.373420, 0.031646,0.026662
29 , K ,0.749059 , 0.597267, 0.001425,0.000272
29 , D ,-860.121014 , -642.566489, 0.089888,0.023536
30 , E ,-5323.644171 , -6183.647117, 0.344262,0.050222
30 , H ,1.021185 , 0.148750, 0.000000,0.000156
30 , Q ,-47391.607151 , -88055.463632, 0.509950,0.125597
30 , F ,0.717826 , 0.201270, 0.000066,0.000205
30 , Y ,0.899400 , 0.080788, 0.000001,0.000187
30 , C ,1.081952 , -0.187029, 0.000000,0.000102
30 , N ,0.937692 , 0.254824, 0.000005,0.000559
30 , K ,-1927.937590 , -1741.060654, 0.176471,0.039100
30 , D ,0.801296 , 0.165035, 0.000014,0.000212
31 , E ,-5193.110199 , -6052.495325, 0.316239,0.056335
31 , H ,0.795153 , 0.004941, 0.000002,0.000204
31 , Q ,-11971.169912 , -17138.450257, 0.567867,0.049455
31 , F ,0.785588 , 0.206866, 0.000027,0.000272
31 , Y ,0.875761 , 0.049213, 0.000001,0.000032
31 , C ,0.795975 , -0.197177, 0.000000,0.000413
31 , N ,0.658832 , 0.113205, 0.000058,0.000152
31 , K ,-3130.105622 , -3142.500710, 0.165746,0.050388
31 , D ,0.853203 , 0.263976, 0.000020,0.000055
32 , E ,-5543.277850 , -6486.165418, 0.306748,0.058376
32 , H ,0.862707 , 0.014465, 0.000001,0.000358
32 , Q ,-47244.149120 , -88134.667494, 0.561594,0.107790
32 , F ,0.661880 , 0.142091, 0.000077,0.000110
32 , Y ,0.852814 , -0.002000, 0.000001,0.000098
32 , C ,0.823912 , -0.218282, 0.000000,0.000005
32 , N ,0.597829 , 0.041333, 0.000060,0.000569
32 , K ,-3371.937455 , -3441.482716, 0.144000,0.059152
32 , D ,0.888506 , 0.298606, 0.000018,0.000053
33 , E ,-1563.752039 , -1367.338881, 0.289157,0.035288
33 , H ,0.909861 , 0.014872, 0.000000,0.000139
33 , Q ,-1216.596652 , -1146.722441, 0.547445,0.016881
33 , F ,0.808819 , 0.194339, 0.000017,0.000237
33 , Y ,0.772109 , 0.020987, 0.000004,0.000065
33 , C ,0.750905 , -0.252842, 0.000000,0.000014
33 , N ,0.803852 , 0.119215, 0.000007,0.000594
33 , K ,-2058.054024 , -1905.467829, 0.162791,0.027986
33 , D ,0.903289 , 0.322058, 0.000018,0.000178
34 , E ,-5672.449786 , -6615.729750, 0.296482,0.059174
34 , H ,0.854497 , -0.017608, 0.000001,0.000056
34 , Q ,-12505.329417 , -17954.331333, 0.552716,0.054589
34 , F ,0.841971 , 0.192726, 0.000010,0.000264
34 , Y ,0.885723 , 0.023401, 0.000001,0.000129
34 , C ,0.849998 , -0.202599, 0.000000,0.000141
34 , N ,0.631016 , 0.089469, 0.000066,0.000194
34 , K ,-3362.643985 , -3419.353417, 0.125000,0.058913
34 , D ,0.813263 , 0.263378, 0.000035,0.000067
35 , E ,-1752.848296 , -1594.762975, 0.327189,0.040031
35 , H ,0.908102 , 0.017360, 0.000000,0.000125
35 , Q ,-2024.308909 , -1893.775788, 0.554140,0.035120
35 , F ,0.678988 , 0.180524, 0.000091,0.000120
35 , Y ,0.924306 , 0.032519, 0.000000,0.000128
35 , C ,0.712174 , -0.242820, 0.000000,0.000183
35 , N ,0.541708 , 0.079212, 0.000210,0.000044
35 , K ,-2079.275620 , -1917.292440, 0.116279,0.037453
35 , D ,0.911775 , 0.314938, 0.000015,0.000062
36 , E ,-1050.233857 , -837.281457, 0.029703,0.021570
36 , H ,0.700791 , 0.744236, 0.005356,0.000051
36 , Q ,-1748.681548 , -1507.601673, 0.103376,0.028620
36 , F ,0.523475 , 0.365873, 0.003768,0.000110
36 , Y ,0.783264 , 0.658122, 0.001431,0.000172
36 , C ,0.969745 , 0.611098, 0.000108,0.000128
36 , N ,0.814775 , 0.800210, 0.002250,0.000179
36 , K ,0.540592 , 0.776382, 0.024469,0.000539
36 , D ,0.564528 , 0.576191, 0.008761,0.000119
37 , E ,-5774.882503 , -6768.508277, 0.300614,0.065164
37 , H ,0.821565 , 0.013573, 0.000002,0.000457
37 , Q ,-12527.678430 , -17959.316754, 0.553506,0.053369
37 , F ,0.709912 , 0.182271, 0.000061,0.000062
37 , Y ,0.610096 , -0.017514, 0.000025,0.000345
37 , C ,0.527907 , -0.210158, 0.000007,0.000066
37 , N ,0.730240 , 0.134710, 0.000027,0.000110
37 , K ,-2172.229004 , -1949.568027, 0.153226,0.037682
37 , D ,0.894480 , 0.304082, 0.000017,0.000180
38 , E ,0.603601 , 0.575352, 0.006041,0.000806
38 , H ,0.472194 , 0.607182, 0.023732,0.000358
38 , Q ,0.658711 , 0.574348, 0.003293,0.001153
38 , F ,-711.442838 , -497.464331, 0.031746,0.026397
38 , Y ,-925.707632 , -707.629873, 0.030075,0.022690
38 , C ,0.671521 , -0.035404, 0.000002,0.020029
38 , N ,0.456721 , 0.605833, 0.026386,0.000361
38 , K ,0.642864 , 0.518198, 0.002777,0.000980
38 , D ,0.462025 , 0.689376, 0.034208,0.000244
39 , E ,0.954206 , 0.863900, 0.000743,0.000433
39 , H ,-792.453431 , -545.905523, 0.053942,0.023135
39 , Q ,1.190603 , 0.869333, 0.000052,0.000391
39 , F ,0.606402 , 0.827572, 0.017070,0.000179
39 , Y ,-1132.688278 , -891.538060, 0.074928,0.019348
39 , C ,0.628360 , 0.859318, 0.015887,0.000291
39 , N ,-1053.041213 , -820.245485, 0.048701,0.026794
39 , K ,0.937527 , 0.828796, 0.000722,0.000207
39 , D ,-684.618137 , -452.523578, 0.078788,0.021314
40 , E ,-5043.727973 , -5944.854746, 0.402844,0.047723
40 , H ,0.772894 , 0.050061, 0.000005,0.000068
40 , Q ,-2479.594155 , -2474.816137, 0.300000,0.034746
40 , F ,0.873751 , 0.210905, 0.000008,0.000158
40 , Y ,-2719.284609 , -2719.298462, 0.246667,0.036753
40 , C ,1.161270 , 0.537427, 0.000005,0.000321
40 , N ,0.950565 , 0.241043, 0.000004,0.000108
40 , K ,-1742.117116 , -1576.884515, 0.267176,0.031513
40 , D ,0.820914 , 0.042356, 0.000002,0.000207
41 , E ,0.971852 , 0.362652, 0.000011,0.000097
41 , H ,-1571.289942 , -1300.036519, 0.074074,0.030445
41 , Q ,0.909710 , 0.318783, 0.000016,0.000279
41 , F ,0.547156 , 0.709475, 0.018481,0.000154
41 , Y ,-2142.828696 , -1922.220562, 0.151436,0.036031
41 , C ,-1707.979475 , -1394.499987, 0.055402,0.038700
41 , N ,-1479.520570 , -1191.519421, 0.080838,0.028657
41 , K ,0.776984 , 0.246651, 0.000048,0.000099
41 , D ,0.581213 , 0.896954, 0.025849,0.000276
42 , E ,0.775383 , 0.173411, 0.000022,0.000365
42 , H ,-1865.085485 , -1623.341010, 0.095847,0.035613
42 , Q ,0.897534 , 0.284378, 0.000013,0.000236
42 , F ,0.607105 , 0.841069, 0.017832,0.000094
42 , Y ,-2934.726171 , -2887.344307, 0.181586,0.047010
42 , C ,-2048.423555 , -1798.944508, 0.146067,0.036574
42 , N ,-1799.172901 , -1511.551864, 0.111702,0.031358
42 , K ,0.675902 , 0.165333, 0.000083,0.000469
42 , D ,0.530249 , 0.827243, 0.030551,0.000206
43 , E ,0.585270 , 0.088519, 0.000126,0.000424
43 , H ,-1883.832381 , -1651.280064, 0.092308,0.035804
43 , Q ,0.789824 , 0.225984, 0.000032,0.000259
43 , F ,0.561212 , 0.785635, 0.021316,0.000042
43 , Y ,-2953.633770 , -2916.496496, 0.190594,0.047206
43 , C ,-2043.752674 , -1795.506802, 0.157182,0.035504
43 , N ,-1873.366008 , -1623.213910, 0.131646,0.035819
43 , K ,0.667592 , 0.145484, 0.000075,0.000437
43 , D ,-1032.800134 , -782.764642, 0.033493,0.023122
44 , E ,0.280036 , -0.040134, 0.002261,0.001314
44 , H ,-2002.612776 , -1726.629475, 0.076923,0.038742
44 , Q ,0.739461 , 0.214329, 0.000059,0.000883
44 , F ,0.581214 , 0.817414, 0.020356,0.000130
44 , Y ,-2036.423247 , -1825.343423, 0.187648,0.034622
44 , C ,-1913.950811 , -1669.891281, 0.143223,0.033476
44 , N ,-1823.664460 , -1587.307447, 0.094972,0.035311
44 , K ,0.836670 , 0.230799, 0.000017,0.000083
44 , D ,-1219.463644 , -917.361267, 0.031674,0.030569
45 , E ,0.825361 , 0.309742, 0.000048,0.000651
45 , H ,-1726.089432 , -1446.191941, 0.057576,0.032511
45 , Q ,0.920746 , 0.341651, 0.000017,0.000374
45 , F ,0.652002 , 0.824237, 0.011556,0.000437
45 , Y ,-2139.292256 , -1919.848212, 0.140000,0.039868
45 , C ,-1569.787417 , -1265.285756, 0.051213,0.031572
45 , N ,-1876.497988 , -1603.438194, 0.055556,0.037708
45 , K ,0.761112 , 0.255299, 0.000067,0.001063
45 , D ,0.930054 , 1.278919, 0.005368,0.000320
46 , E ,0.590232 , 0.149211, 0.000222,0.001844
46 , H ,-1792.303446 , -1617.888783, 0.226252,0.031981
46 , Q ,0.670630 , 0.212814, 0.000144,0.000492
46 , F ,-452.299622 , -283.774163, 0.058935,0.020906
46 , Y ,-1523.992046 , -1333.563885, 0.256662,0.027359
46 , C ,-1724.032269 , -1510.133054, 0.176656,0.024591
46 , N ,-1988.078832 , -1781.326348, 0.172775,0.034614
46 , K ,0.400978 , 0.093891, 0.001725,0.000612
46 , D ,-1651.517507 , -1443.692541, 0.051680,0.032793
47 , E ,0.770525 , 0.299480, 0.000091,0.000385
47 , H ,-1303.581145 , -1036.762328, 0.073395,0.028248
47 , Q ,0.731166 , 0.258111, 0.000101,0.000260
47 , F ,0.704872 , 0.823257, 0.007193,0.000203
47 , Y ,-1809.372311 , -1537.130658, 0.101485,0.032367
47 , C ,-1580.975639 , -1284.913011, 0.074074,0.030559
47 , N ,-1396.844274 , -1126.862836, 0.048023,0.024923
47 , K ,0.798185 , 0.318120, 0.000074,0.001490
47 , D ,0.854527 , 1.201763, 0.007840,0.000248
48 , E ,-31738.073796 , -51162.442678, 0.263158,0.210526
48 , H ,1.288019 , 1.373252, 0.001894,0.015284
48 , Y ,1.576618 , 0.299714, 0.000000,0.071673
48 , C ,0.194507 , 0.212506, 0.093732,0.001724
48 , N ,0.157620 , 0.125925, 0.064994,0.001901
48 , K ,-1824.353580 , -1992.051596, 0.040000,0.068267
48 , D ,0.052058 , 0.103786, 0.247941,0.001785
49 , E ,0.964753 , 0.625270, 0.000126,0.000474
49 , H ,0.574632 , 0.801523, 0.020364,0.000398
49 , Q ,0.628143 , 0.541180, 0.003842,0.000414
49 , F ,0.862882 , 0.604949, 0.000391,0.000167
49 , Y ,0.637687 , 0.857801, 0.014623,0.000157
49 , C ,-871.204762 , -615.095835, 0.051913,0.019877
49 , N ,-1168.149607 , -912.980213, 0.053073,0.022894
49 , K ,0.689178 , 0.380558, 0.000570,0.000185
49 , D ,0.773835 , 0.856573, 0.004545,0.000780
50 , E ,0.758064 , 0.514579, 0.000713,0.000763
50 , H ,1.734858 , 2.107661, 0.000068,0.005088
50 , Q ,0.912643 , 0.723845, 0.000505,0.000455
50 , F ,0.856016 , 1.085770, 0.005110,0.002657
50 , Y ,-946.198774 , -688.645384, 0.044248,0.028559
50 , C ,0.547415 , 0.817714, 0.027901,0.002208
50 , N ,0.650871 , 0.706623, 0.007158,0.000794
50 , K ,1.099722 , 0.873449, 0.000152,0.000399
50 , D ,0.541503 , 0.678320, 0.017778,0.001947
51 , E ,0.715178 , 0.572183, 0.001747,0.000121
51 , H ,0.673392 , 0.830908, 0.009841,0.000172
51 , Q ,0.805424 , 0.680730, 0.001282,0.000046
51 , F ,1.651015 , 1.836515, 0.000057,0.001758
51 , Y ,-1006.084699 , -759.467165, 0.047297,0.019251
51 , C ,0.622358 , 0.852906, 0.016284,0.000086
51 , N ,0.619845 , 0.719687, 0.010252,0.000078
51 , K ,0.804019 , 0.691119, 0.001382,0.000632
51 , D ,0.528733 , 0.739712, 0.023702,0.000163
52 , E ,0.295990 , 0.344720, 0.045413,0.007476
52 , H ,0.808520 , 0.662026, 0.001120,0.005869
52 , Q ,-1046.531061 , -796.103007, 0.023810,0.034580
52 , F ,0.409786 , 0.300696, 0.009990,0.003714
52 , Y ,0.842300 , 0.618351, 0.000554,0.007176
52 , C ,1.682328 , 1.074599, 0.000000,0.029554
52 , N ,0.730019 , 0.483497, 0.000866,0.013824
52 , K ,0.596231 , 0.773800, 0.016160,0.002379
52 , D ,0.725401 , 0.587581, 0.001731,0.002389
53 , E ,0.588015 , 0.865989, 0.022235,0.000062
53 , H ,0.962428 , 0.618700, 0.000127,0.000167
53 , Q ,-1423.710289 , -1140.437232, 0.065242,0.029007
53 , F ,0.652134 , 0.548086, 0.002977,0.000269
53 , Y ,0.735131 , 0.566706, 0.001343,0.000268
53 , C ,0.910450 , 0.950966, 0.001849,0.000090
53 , N ,0.786799 , 0.574154, 0.000753,0.000604
53 , K ,-877.029375 , -751.134685, 0.032143,0.016940
53 , D ,0.924437 , 0.569531, 0.000139,0.000216
54 , E ,0.164407 , 0.379625, 0.150098,0.004028
54 , H ,1.343429 , 0.593680, 0.000001,0.005631
54 , Q ,-1770.869744 , -1414.307008, 0.042553,0.059190
54 , F ,0.508614 , 0.249838, 0.001917,0.001745
54 , Y ,1.819145 , 0.956455, 0.000000,0.001778
54 , C ,1.338364 , 0.635694, 0.000001,0.003433
54 , N ,1.048294 , 0.531524, 0.000021,0.001282
54 , K ,-2187.230998 , -1961.476590, 0.021277,0.056360
54 , D ,1.431241 , 0.565613, 0.000000,0.004229
55 , E ,0.419740 , 0.454219, 0.019868,0.000556
55 , H ,0.657420 , 0.701690, 0.006678,0.000248
55 , Q ,0.826789 , 0.867457, 0.002846,0.000804
55 , F ,0.798942 , 0.766615, 0.002266,0.000088
55 , Y ,1.177772 , 1.130666, 0.000293,0.001198
55 , C ,0.898146 , 1.051727, 0.003120,0.000585
55 , N ,0.729862 , 0.641145, 0.002287,0.000926
55 , K ,0.713936 , 0.776107, 0.005449,0.000539
55 , D ,0.897141 , 0.759456, 0.000744,0.000195
56 , E ,0.815887 , 0.542145, 0.000427,0.000104
56 , H ,0.758903 , 0.589810, 0.001209,0.000032
56 , Q ,0.864894 , 0.688516, 0.000685,0.000054
56 , F ,-1210.743528 , -949.660277, 0.036215,0.023462
56 , Y ,0.741150 , 0.717503, 0.003136,0.000037
56 , C ,0.795032 , 0.741606, 0.002036,0.000067
56 , N ,0.694643 , 0.715417, 0.004908,0.000048
56 , K ,0.839580 , 0.462278, 0.000165,0.000014
56 , D ,0.890430 , 0.746283, 0.000749,0.000057
57 , E ,0.309744 , 0.263059, 0.021891,0.001073
57 , H ,0.620961 , 0.638901, 0.006885,0.000096
57 , Q ,0.879668 , 0.688019, 0.000579,0.000246
57 , F ,0.756938 , 0.625747, 0.001559,0.000317
57 , Y ,0.450557 , 0.541702, 0.022447,0.000318
57 , C ,0.509975 , 0.655301, 0.020604,0.000190
57 , N ,0.529956 , 0.571835, 0.012461,0.000212
57 , K ,0.731612 , 0.590432, 0.001640,0.000441
57 , D ,0.732604 , 0.582804, 0.001518,0.000834
58 , E ,0.565373 , 0.474929, 0.004905,0.000400
58 , H ,0.429645 , 0.466623, 0.019278,0.000652
58 , Q ,0.506624 , 0.441050, 0.007683,0.000168
58 , F ,0.814124 , 0.584777, 0.000591,0.000663
58 , Y ,0.376467 , 0.438111, 0.027328,0.000397
58 , C ,0.846456 , 0.949669, 0.003297,0.000314
58 , N ,0.459776 , 0.472843, 0.014784,0.000523
58 , K ,0.886468 , 0.835315, 0.001319,0.000338
58 , D ,0.479235 , 0.432358, 0.009670,0.000120
59 , E ,0.562417 , 0.393013, 0.003057,0.000069
59 , H ,-897.114102 , -697.709591, 0.082852,0.022793
59 , Q ,0.481296 , 0.316297, 0.004383,0.000173
59 , F ,-941.100612 , -733.004015, 0.055215,0.020370
59 , Y ,-1084.360090 , -837.991429, 0.081937,0.021240
59 , C ,0.580992 , 0.720643, 0.014264,0.000165
59 , N ,-1111.184586 , -886.829009, 0.072381,0.020511
59 , K ,1.055760 , 0.540473, 0.000015,0.001293
59 , D ,-750.360496 , -582.076242, 0.047619,0.020148
60 , E ,0.590491 , 0.409118, 0.002387,0.000348
60 , H ,-792.698225 , -580.182931, 0.062147,0.017857
60 , Q ,0.878971 , 0.535960, 0.000141,0.001591
60 , F ,-1058.003938 , -854.858858, 0.046283,0.020628
60 , Y ,-1103.285100 , -863.806520, 0.059032,0.021720
60 , C ,2.053009 , 2.402246, 0.000017,0.006935
60 , N ,-921.097660 , -709.538163, 0.055762,0.020596
60 , K ,0.590915 , 0.330233, 0.001261,0.000322
60 , D ,-845.943141 , -652.885440, 0.040254,0.018125
61 , E ,0.633631 , 0.454060, 0.001995,0.000308
61 , H ,-892.270238 , -678.357627, 0.042982,0.018749
61 , Q ,0.504601 , 0.357270, 0.004516,0.000172
61 , F ,-941.713564 , -744.304932, 0.037002,0.024292
61 , Y ,-1054.194039 , -805.442160, 0.061366,0.025973
61 , C ,0.657113 , 0.838525, 0.011584,0.000081
61 , N ,-849.343801 , -640.413529, 0.039427,0.021623
61 , K ,0.654097 , 0.374160, 0.000827,0.000082
61 , D ,0.507853 , 0.687665, 0.023557,0.000097
62 , E ,0.607371 , 0.438234, 0.002428,0.000062
62 , H ,-920.009966 , -710.759332, 0.039924,0.021453
62 , Q ,0.524395 , 0.375995, 0.004100,0.000199
62 , F ,-913.892152 , -705.221391, 0.040373,0.024599
62 , Y ,-1085.208555 , -822.008005, 0.061787,0.026633
62 , C ,0.665582 , 0.853037, 0.011321,0.000162
62 , N ,-916.126695 , -713.990169, 0.039070,0.021096
62 , K ,0.632300 , 0.359063, 0.000963,0.000087
62 , D ,-766.301341 , -578.801859, 0.031293,0.021331
63 , E ,0.662508 , 0.484309, 0.001767,0.000216
63 , H ,-930.538369 , -721.971382, 0.041237,0.018553
63 , Q ,0.544060 , 0.387884, 0.003536,0.000189
63 , F ,-923.056249 , -697.880263, 0.038342,0.021630
63 , Y ,-1108.356495 , -845.663125, 0.053172,0.027037
63 , C ,0.649666 , 0.834300, 0.012156,0.000113
63 , N ,-892.525891 , -688.049412, 0.036364,0.021399
63 , K ,0.677599 , 0.394850, 0.000732,0.000142
63 , D ,-766.832742 , -591.827655, 0.031421,0.018216
64 , E ,0.567108 , 0.404827, 0.003060,0.000110
64 , H ,-915.991005 , -706.798500, 0.042751,0.021458
64 , Q ,0.566661 , 0.407224, 0.003129,0.000220
64 , F ,-981.427579 , -770.234258, 0.038922,0.021106
64 , Y ,-1096.600452 , -843.706344, 0.061069,0.026124
64 , C ,0.644399 , 0.824865, 0.012327,0.000062
64 , N ,-978.544548 , -764.392343, 0.039272,0.025207
64 , K ,0.660515 , 0.369973, 0.000734,0.000260
64 , D ,0.493755 , 0.678310, 0.025393,0.000133
65 , E ,0.661427 , 0.478441, 0.001714,0.000069
65 , H ,-946.903278 , -734.705542, 0.045412,0.021376
65 , Q ,0.483031 , 0.344350, 0.005284,0.000169
65 , F ,-907.560693 , -691.115874, 0.042138,0.018422
65 , Y ,-1021.666521 , -750.432754, 0.058879,0.023177
65 , C ,0.566474 , 0.733719, 0.017048,0.000038
65 , N ,-848.171313 , -661.093711, 0.038132,0.020741
65 , K ,0.733080 , 0.421015, 0.000451,0.000304
65 , D ,0.494146 , 0.672522, 0.024870,0.000151
66 , E ,0.688036 , 0.499667, 0.001461,0.000110
66 , H ,-941.720729 , -736.610030, 0.040517,0.021254
66 , Q ,0.584131 , 0.409726, 0.002590,0.000081
66 , F ,-884.042223 , -679.975383, 0.044976,0.018058
66 , Y ,-1045.713998 , -793.065384, 0.064204,0.025998
66 , C ,0.610420 , 0.788992, 0.014472,0.000024
66 , N ,-818.782984 , -598.519910, 0.029703,0.022581
66 , K ,0.665963 , 0.393870, 0.000845,0.000119
66 , D ,0.539271 , 0.707835, 0.019567,0.000056
67 , E ,0.680014 , 0.491274, 0.001512,0.000154
67 , H ,-895.853450 , -687.071790, 0.040708,0.021439
67 , Q ,0.490616 , 0.362314, 0.005477,0.000153
67 , F ,-906.367594 , -707.168420, 0.039773,0.020723
67 , Y ,-1104.057329 , -844.157233, 0.057658,0.026533
67 , C ,0.588002 , 0.758856, 0.015544,0.000064
67 , N ,-851.119871 , -647.006490, 0.038356,0.021115
67 , K ,0.703557 , 0.414298, 0.000621,0.000181
67 , D ,0.498653 , 0.707205, 0.027040,0.000130
68 , E ,0.718022 , 0.512924, 0.001119,0.000165
68 , H ,-898.428636 , -687.243205, 0.037986,0.018947
68 , Q ,0.551038 , 0.397540, 0.003515,0.000189
68 , F ,-864.330490 , -658.132185, 0.041257,0.020868
68 , Y ,-1070.766082 , -820.272700, 0.060847,0.025968
68 , C ,0.605971 , 0.778285, 0.014287,0.000082
68 , N ,-895.398261 , -680.945316, 0.039391,0.021603
68 , K ,0.716108 , 0.426798, 0.000588,0.000167
68 , D ,0.526980 , 0.734078, 0.023500,0.000226
69 , E ,0.785548 , 0.538700, 0.000610,0.000041
69 , H ,-637.757077 , -465.635543, 0.035250,0.021220
69 , Q ,0.800181 , 0.310680, 0.000000,0.024408
69 , F ,-1662.631783 , -1484.288292, 0.256595,0.029297
69 , Y ,-1626.435827 , -1411.295336, 0.110609,0.032471
69 , C ,-1518.255584 , -1249.489340, 0.124154,0.026298
69 , N ,-1394.424401 , -1141.100953, 0.109615,0.025590
69 , K ,0.720229 , 0.329931, 0.000240,0.000163
69 , D ,-1113.257958 , -861.550606, 0.061372,0.026431
70 , E ,-2016.235366 , -1864.978655, 0.241107,0.037738
70 , H ,0.807783 , 0.193170, 0.000017,0.000006
70 , Q ,-2341.441226 , -1944.160842, 0.313131,0.045001
70 , F ,0.883954 , 0.141163, 0.000003,0.000387
70 , Y ,0.821115 , 0.098069, 0.000005,0.000400
70 , C ,0.932352 , 0.469284, 0.000052,0.000736
70 , N ,0.913602 , 0.337632, 0.000018,0.000411
70 , K ,-1921.073251 , -1749.329782, 0.161572,0.037140
70 , D ,0.855789 , 0.238586, 0.000015,0.000192
71 , E ,-38324.994112 , -69299.249098, 0.333333,0.172840
71 , K ,-0.394267 , -0.476186, 0.975216,0.001799
71 , D ,-0.563460 , -0.339923, 11.977160,0.001525
72 , E ,-2857.799639 , -2867.059363, 0.279891,0.039260
72 , H ,0.822127 , 0.230184, 0.000021,0.000060
72 , Q ,-1597.059000 , -1421.181316, 0.273006,0.027136
72 , F ,0.792537 , 0.109795, 0.000008,0.000013
72 , Y ,0.946663 , 0.151064, 0.000001,0.000117
72 , C ,0.877498 , 0.343694, 0.000032,0.000504
72 , N ,1.169628 , 0.384292, 0.000001,0.000531
72 , K ,-1964.784374 , -1815.329715, 0.190341,0.033901
72 , D ,0.810704 , 0.230057, 0.000025,0.000277
73 , E ,0.693115 , 0.837253, 0.008581,0.000693
73 , H ,0.549811 , 0.568074, 0.009676,0.000629
73 , Q ,0.896831 , 0.897401, 0.001604,0.000780
73 , F ,0.828850 , 0.737389, 0.001411,0.000251
73 , Y ,0.557421 , 0.680046, 0.015077,0.000519
73 , C ,0.629563 , 0.626601, 0.005938,0.000413
73 , N ,0.601075 , 0.648552, 0.008910,0.000571
73 , K ,0.762166 , 0.751246, 0.003008,0.002518
73 , D ,0.605749 , 0.664336, 0.009024,0.000575
74 , E ,-1105.434478 , -955.388422, 0.029197,0.023665
74 , H ,0.421693 , 0.423206, 0.016414,0.000571
74 , Q ,0.562146 , 0.641630, 0.012162,0.000411
74 , F ,0.683932 , 0.442446, 0.000977,0.000659
74 , Y ,0.405658 , 0.471667, 0.023990,0.000176
74 , C ,0.574171 , 0.509894, 0.005587,0.000306
74 , N ,0.388315 , 0.342557, 0.014560,0.001186
74 , K ,0.710802 , 0.860255, 0.007942,0.000457
74 , D ,0.436069 , 0.381912, 0.011275,0.000331
75 , E ,-13103.509671 , -18090.844784, 0.229358,0.103611
75 , H ,1.034059 , 0.170650, 0.000001,0.000572
75 , Q ,-2974.479902 , -2995.895483, 0.213270,0.053537
75 , F ,0.884499 , 0.275350, 0.000015,0.000861
75 , Y ,1.230856 , 0.120324, 0.000000,0.000544
75 , C ,0.605505 , 0.006253, 0.000035,0.000365
75 , N ,0.806411 , 0.257427, 0.000036,0.000057
75 , K ,-3067.392396 , -2996.735466, 0.127660,0.050815
75 , D ,1.054238 , 0.310885, 0.000002,0.000690
76 , E ,-13480.948149 , -18755.233892, 0.271028,0.094419
76 , H ,0.960960 , 0.141519, 0.000001,0.000307
76 , Q ,-3052.621957 , -3080.802736, 0.216080,0.052915
76 , F ,1.069732 , 0.314263, 0.000002,0.002002
76 , Y ,1.081728 , 0.096965, 0.000000,0.000381
76 , C ,0.700090 , 0.044560, 0.000014,0.000087
76 , N ,1.033698 , 0.298241, 0.000002,0.000222
76 , K ,-1985.664317 , -1745.779564, 0.116505,0.052196
76 , D ,1.050990 , 0.299557, 0.000002,0.000140
77 , E ,-6177.787574 , -7175.762840, 0.239316,0.068936
77 , H ,1.003984 , 0.117163, 0.000000,0.000099
77 , Q ,-3373.709046 , -3746.153166, 0.283688,0.050111
77 , F ,0.846462 , 0.209701, 0.000012,0.001673
77 , Y ,1.506228 , 0.277969, 0.000000,0.000156
77 , C ,0.665130 , 0.056357, 0.000027,0.000096
77 , N ,0.586132 , 0.142023, 0.000226,0.003858
77 , K ,-2185.205510 , -1923.350043, 0.090090,0.033561
77 , D ,0.789131 , 0.172852, 0.000018,0.000551
78 , E ,-5392.227050 , -6206.306272, 0.221239,0.061816
78 , H ,1.017428 , 0.144123, 0.000000,0.000043
78 , Q ,-5604.022793 , -6473.587263, 0.245989,0.061683
78 , F ,1.371326 , 0.401634, 0.000000,0.000059
78 , Y ,0.799751 , 0.067166, 0.000004,0.000502
78 , C ,0.843083 , 0.058666, 0.000002,0.000048
78 , N ,0.774471 , 0.240367, 0.000046,0.000088
78 , K ,-5308.710120 , -5951.271485, 0.090909,0.075223
78 , D ,0.936594 , 0.178561, 0.000002,0.000187
79 , E ,-14300.485349 , -20292.455254, 0.258621,0.095645
79 , H ,0.751151 , 0.077712, 0.000010,0.000425
79 , Q ,0.144115 , 1.101979, 0.256626,0.000292
79 , F ,1.219961 , 0.401401, 0.000000,0.000591
79 , Y ,1.012103 , 0.165180, 0.000001,0.006113
79 , C ,0.771245 , 0.096211, 0.000009,0.001261
79 , N ,1.556649 , 0.589094, 0.000000,0.000679
79 , K ,-4147.877718 , -4219.018393, 0.166667,0.071759
79 , D ,0.700373 , 0.173748, 0.000064,0.001750
80 , E ,3.179295 , 11.230990, 0.000270,0.018959
80 , H ,0.953193 , 0.123551, 0.000001,0.000324
80 , Q ,0.144662 , 1.131604, 0.263760,0.000180
80 , F ,0.857704 , 0.219130, 0.000012,0.001131
80 , Y ,-3617.966107 , -3086.236202, 0.016260,0.069056
80 , C ,0.635596 , 0.093097, 0.000063,0.000282
80 , N ,0.720589 , 0.288350, 0.000160,0.000622
80 , K ,-2093.858364 , -1892.366150, 0.106383,0.037845
80 , D ,0.909817 , 0.207449, 0.000005,0.001585
81 , E ,-3920.382937 , -4008.654529, 0.245455,0.065978
81 , H ,1.113063 , 0.152062, 0.000000,0.000129
81 , Q ,-2881.076672 , -2926.085858, 0.239819,0.054473
81 , F ,1.017175 , 0.308951, 0.000003,0.000537
81 , Y ,1.167176 , 0.181678, 0.000000,0.000264
81 , C ,0.604375 , 0.059243, 0.000068,0.000099
81 , N ,0.706610 , 0.254364, 0.000139,0.001050
81 , K ,-2141.887014 , -1920.378654, 0.105263,0.035032
81 , D ,0.918647 , 0.206154, 0.000004,0.000068
82 , E ,-13339.464358 , -18594.534999, 0.275229,0.091364
82 , H ,0.784590 , 0.090570, 0.000007,0.001189
82 , Q ,-2935.658344 , -2967.574626, 0.233503,0.049853
82 , F ,0.761095 , 0.196997, 0.000036,0.002164
82 , Y ,1.239695 , 0.186319, 0.000000,0.000603
82 , C ,0.762771 , 0.058163, 0.000007,0.000097
82 , N ,1.042498 , 0.290282, 0.000002,0.001093
82 , K ,-2902.529107 , -2840.425194, 0.110000,0.051475
82 , D ,1.123851 , 0.307793, 0.000001,0.000090
83 , E ,-5208.643090 , -6083.384757, 0.305085,0.052571
83 , H ,0.663382 , 0.043394, 0.000025,0.000784
83 , Q ,-5491.549366 , -6336.825960, 0.227723,0.067118
83 , F ,0.862642 , 0.266107, 0.000018,0.001932
83 , Y ,1.064235 , 0.170251, 0.000000,0.001406
83 , C ,0.883340 , 0.095760, 0.000002,0.000323
83 , N ,-20.110970 , -20.786423, 0.000004,0.036889
83 , K ,-1992.555436 , -1769.872138, 0.072165,0.044256
83 , D ,1.034666 , 0.201074, 0.000001,0.000233
84 , E ,-3029.547751 , -3063.350951, 0.266129,0.044956
84 , H ,1.062612 , 0.126586, 0.000000,0.001089
84 , Q ,-5445.360594 , -6289.781562, 0.227513,0.066217
84 , F ,0.920626 , 0.289638, 0.000010,0.001892
84 , Y ,0.929299 , 0.069547, 0.000001,0.000577
84 , C ,0.614572 , 0.037262, 0.000045,0.000422
84 , N ,0.965715 , 0.297347, 0.000006,0.000630
84 , K ,0.386878 , 1.012456, 0.101959,0.000864
84 , D ,1.138230 , 0.273476, 0.000000,0.000168
85 , E ,-5199.378163 , -6035.299629, 0.289855,0.055100
85 , H ,0.604741 , 0.016995, 0.000043,0.000651
85 , Q ,-12691.438984 , -17644.955143, 0.300885,0.083131
85 , F ,1.045526 , 0.317034, 0.000002,0.003051
85 , Y ,0.554994 , 0.026853, 0.000096,0.002752
85 , C ,0.786682 , 0.050971, 0.000004,0.001154
85 , N ,0.902103 , 0.158926, 0.000003,0.000559
85 , K ,-2289.214220 , -2101.628603, 0.138889,0.043403
85 , D ,0.647090 , 0.139462, 0.000098,0.000093
86 , E ,-13684.072918 , -19068.246110, 0.262136,0.094165
86 , H ,1.192565 , 0.237404, 0.000000,0.000833
86 , Q ,-2960.830546 , -2988.186907, 0.225490,0.052852
86 , F ,0.682181 , 0.167059, 0.000079,0.001384
86 , Y ,1.335648 , 0.188874, 0.000000,0.000877
86 , C ,0.683854 , 0.048878, 0.000019,0.000419
86 , N ,1.039835 , 0.334879, 0.000003,0.001032
86 , K ,-5941.503093 , -6743.347177, 0.089109,0.081757
86 , D ,1.149738 , 0.314191, 0.000001,0.000031
87 , E ,-4036.520525 , -4123.483548, 0.226563,0.069153
87 , H ,1.187002 , 0.206092, 0.000000,0.000501
87 , Q ,-3042.050862 , -3077.518975, 0.206751,0.055395
87 , F ,0.769113 , 0.183841, 0.000027,0.000023
87 , Y ,1.079423 , 0.146955, 0.000000,0.000787
87 , C ,0.789199 , 0.071832, 0.000005,0.000409
87 , N ,0.983306 , 0.295390, 0.000004,0.000895
87 , K ,-5297.465855 , -5951.847271, 0.181818,0.061660
87 , D ,0.767025 , 0.193018, 0.000031,0.000018
88 , E ,-2864.147438 , -2885.976763, 0.285714,0.040737
88 , H ,0.851780 , 0.090519, 0.000003,0.000937
88 , Q ,-5472.554249 , -6347.113965, 0.237624,0.069144
88 , F ,0.952902 , 0.282441, 0.000006,0.002095
88 , Y ,1.348025 , 0.228105, 0.000000,0.000732
88 , C ,0.662567 , 0.048039, 0.000025,0.000213
88 , N ,1.070416 , 0.348052, 0.000002,0.001102
88 , K ,-1910.218065 , -1615.853706, 0.085366,0.038697
88 , D ,0.880608 , 0.208665, 0.000007,0.000548
89 , E ,-5246.963712 , -6001.081531, 0.262136,0.056430
89 , H ,0.767851 , 0.080810, 0.000008,0.001279
89 , Q ,-2893.368933 , -2930.053951, 0.262626,0.048286
89 , F ,0.798561 , 0.192718, 0.000020,0.000540
89 , Y ,1.114958 , 0.173709, 0.000000,0.000454
89 , C ,0.825447 , 0.062313, 0.000003,0.000338
89 , N ,0.991429 , 0.304285, 0.000004,0.000709
89 , K ,-9264.070910 , -11894.644445, 0.088889,0.119630
89 , D ,1.135233 , 0.265945, 0.000000,0.000078
90 , E ,0.899180 , 1.143345, 0.004406,0.000398
90 , H ,1.925756 , 1.770291, 0.000005,0.020886
90 , Q ,0.643622 , 0.708473, 0.007784,0.001729
90 , F ,0.912238 , 0.693817, 0.000410,0.000333
90 , Y ,0.616180 , 0.649346, 0.007720,0.000101
90 , C ,0.607948 , 0.620868, 0.007381,0.000230
90 , N ,0.957425 , 0.859632, 0.000702,0.000448
90 , K ,-474.872890 , -317.060594, 0.050847,0.022818
90 , D ,0.729149 , 0.762456, 0.004378,0.000297
91 , E ,-4517.652071 , -5039.703712, 0.205128,0.058185
91 , H ,0.854187 , 0.080794, 0.000002,0.000567
91 , Q ,-5590.814575 , -6486.708214, 0.271277,0.061840
91 , F ,0.848332 , 0.195119, 0.000010,0.000290
91 , Y ,1.615608 , 0.144449, 0.000000,0.002288
91 , C ,0.651601 , 0.031778, 0.000026,0.000704
91 , N ,0.777973 , 0.257768, 0.000053,0.001436
91 , K ,-1762.437322 , -1366.523337, 0.086957,0.067423
91 , D ,1.478432 , 0.409958, 0.000000,0.000302
92 , E ,0.418700 , 0.530572, 0.028130,0.001233
92 , H ,0.757909 , 0.924177, 0.006790,0.000222
92 , Q ,0.630926 , 0.580893, 0.004640,0.000648
92 , F ,0.706946 , 0.626984, 0.002706,0.000601
92 , Y ,0.361326 , 0.391852, 0.024993,0.001192
92 , C ,0.466496 , 0.480241, 0.014147,0.000195
92 , N ,0.740710 , 0.714693, 0.003001,0.001001
92 , K ,0.938978 , 1.073460, 0.002369,0.000593
92 , D ,0.775828 , 0.865918, 0.004196,0.000786
93 , E ,0.869285 , 1.239677, 0.007785,0.001383
93 , H ,0.782191 , 0.801452, 0.003189,0.000463
93 , Q ,0.809321 , 0.892221, 0.003712,0.000296
93 , F ,0.822808 , 0.636802, 0.000773,0.000440
93 , Y ,0.633457 , 0.709036, 0.008436,0.000546
93 , C ,0.614931 , 0.584004, 0.005623,0.000680
93 , N ,0.312493 , 0.259648, 0.022762,0.001932
93 , K ,0.566541 , 0.630175, 0.011623,0.000515
93 , D ,0.687404 , 0.566031, 0.002278,0.000353
94 , E ,-2056.610247 , -1791.391181, 0.109827,0.050570
94 , H ,1.067126 , 0.356231, 0.000003,0.000478
94 , Q ,-2200.477037 , -2038.558608, 0.056872,0.045276
94 , F ,1.012973 , 0.315276, 0.000004,0.000204
94 , Y ,0.965070 , 0.419443, 0.000021,0.000575
94 , C ,0.997863 , 0.488616, 0.000026,0.000102
94 , N ,0.744796 , 0.352892, 0.000213,0.002141
94 , K ,-1479.024105 , -1236.582387, 0.107692,0.030485
94 , D ,0.797051 , 0.225426, 0.000029,0.000616
95 , E ,-1795.949507 , -1568.377577, 0.134146,0.032124
95 , H ,0.817799 , 0.348452, 0.000000,0.024983
95 , Q ,-1580.928794 , -1280.823372, 0.069930,0.022724
95 , F ,0.834092 , 0.315151, 0.000044,0.000339
95 , Y ,0.529846 , 0.317433, 0.002472,0.000428
95 , C ,0.946136 , 0.538914, 0.000080,0.000251
95 , N ,0.734050 , 0.445265, 0.000547,0.000289
95 , K ,-1235.911844 , -1013.888083, 0.050420,0.026469
95 , D ,0.537344 , 0.251557, 0.001236,0.000647
96 , E ,-1668.835569 , -1426.816634, 0.119205,0.031955
96 , H ,0.865397 , 0.428601, 0.000088,0.000058
96 , Q ,-1625.592566 , -1329.788988, 0.062035,0.031154
96 , F ,0.973681 , 0.405233, 0.000016,0.000119
96 , Y ,0.657859 , 0.423463, 0.001187,0.001043
96 , C ,1.144559 , 0.677666, 0.000020,0.000216
96 , N ,0.661626 , 0.439729, 0.001283,0.000265
96 , K ,-1329.722223 , -1136.822330, 0.036036,0.022667
96 , D ,0.562950 , 0.293497, 0.001287,0.000210
97 , E ,-1394.994163 , -1133.692737, 0.066667,0.024229
97 , H ,0.825234 , 0.348297, 0.000000,0.025030
97 , Q ,-1462.343558 , -1196.805131, 0.041056,0.024501
97 , F ,1.108523 , 0.501443, 0.000007,0.000066
97 , Y ,0.596788 , 0.356912, 0.001441,0.000345
97 , C ,1.093426 , 0.676126, 0.000037,0.000428
97 , N ,0.541035 , 0.353620, 0.002909,0.001114
97 , K ,-1798.908133 , -1563.429573, 0.052632,0.029605
97 , D ,0.631121 , 0.290471, 0.000500,0.000649
98 , E ,-1125.722130 , -901.297983, 0.051282,0.022048
98 , H ,0.829829 , 0.383737, 0.000090,0.000215
98 , Q ,-1351.656011 , -1095.038649, 0.044248,0.023947
98 , F ,0.821132 , 0.365461, 0.000000,0.026189
98 , Y ,0.550839 , 0.345264, 0.002330,0.000354
98 , C ,1.026231 , 0.623913, 0.000058,0.000373
98 , N ,0.550297 , 0.366180, 0.002882,0.001367
98 , K ,-1602.448380 , -1370.373066, 0.038961,0.028869
98 , D ,0.820588 , 0.293057, 0.000000,0.018633
99 , E ,-16301.059157 , -23234.154727, 0.195122,0.123587
99 , H ,0.588345 , 0.027425, 0.000060,0.000488
99 , Q ,-4282.780519 , -4367.741937, 0.210526,0.070766
99 , F ,0.693669 , 0.176503, 0.000073,0.000436
99 , Y ,0.984915 , 0.114605, 0.000001,0.000108
99 , C ,1.404718 , 0.201562, 0.000000,0.000425
99 , N ,0.412332 , 0.099608, 0.001574,0.001367
99 , K ,-1971.061819 , -1631.769298, 0.093750,0.038770
99 , D ,-586.562363 , -586.679731, 0.024450,0.055426
100 , E ,-13252.746228 , -18844.377757, 0.282051,0.084813
100 , H ,0.750814 , 0.095275, 0.000013,0.000074
100 , Q ,-3590.620557 , -3624.946016, 0.236111,0.062550
100 , F ,0.979990 , 0.337382, 0.000007,0.000922
100 , Y ,0.933253 , 0.178019, 0.000002,0.000133
100 , C ,0.481788 , 0.113497, 0.000716,0.000676
100 , N ,0.579469 , 0.218739, 0.000543,0.000703
100 , K ,-2773.588917 , -2237.377041, 0.045455,0.077479
100 , D ,1.121043 , 0.319310, 0.000001,0.000605
101 , E ,-13230.156118 , -18504.658875, 0.196078,0.104287
101 , H ,0.905278 , 0.240184, 0.000007,0.000078
101 , Q ,-6246.264754 , -7300.954412, 0.200000,0.082252
101 , F ,0.839968 , 0.213828, 0.000014,0.000147
101 , Y ,0.956616 , 0.178912, 0.000002,0.000085
101 , C ,0.870132 , 0.381332, 0.000052,0.000235
101 , N ,0.746409 , 0.298942, 0.000127,0.000978
101 , K ,-2508.169164 , -2431.637190, 0.150685,0.041284
101 , D ,0.820996 , 0.328190, 0.000063,0.001346
102 , E ,-4270.365443 , -4375.199709, 0.153846,0.077909
102 , H ,1.530720 , 0.392023, 0.000000,0.000430
102 , Q ,-6332.710626 , -7470.205010, 0.171875,0.107992
102 , F ,1.464824 , 0.296542, 0.000000,0.003494
102 , Y ,0.726599 , 0.177309, 0.000047,0.016235
102 , C ,0.697908 , 0.260660, 0.000171,0.001381
102 , N ,0.397091 , 0.089800, 0.001851,0.012317
102 , K ,-3524.318762 , -3972.406956, 0.200000,0.056296
102 , D ,1.071533 , 0.380116, 0.000003,0.002149
103 , E ,0.422096 , 0.557654, 0.029555,0.000198
103 , H ,-988.779754 , -966.594702, 0.027668,0.013108
103 , Q ,-935.367062 , -929.413943, 0.053846,0.013724
103 , F ,0.587024 , 0.399235, 0.002295,0.000447
103 , Y ,-1171.287664 , -1036.780433, 0.026178,0.015878
103 , C ,0.252520 , 0.244990, 0.033142,0.000303
103 , N ,1.797047 , 1.962496, 0.000017,0.005407
103 , K ,0.397095 , 0.412209, 0.020583,0.001473
103 , D ,0.218849 , 0.228489, 0.041714,0.000364
104 , E ,-813.982097 , -649.500788, 0.042424,0.019016
104 , H ,-916.742339 , -881.934111, 0.026923,0.013090
104 , Q ,-1005.651145 , -978.223074, 0.031250,0.014114
104 , F ,1.612290 , 1.167802, 0.000003,0.005052
104 , Y ,-1318.776611 , -1197.898998, 0.029851,0.014966
104 , C ,0.989640 , 0.764543, 0.000160,0.003976
104 , N ,0.213751 , 0.229945, 0.043972,0.000964
104 , K ,0.375671 , 0.383283, 0.021446,0.000694
104 , D ,1.347163 , 0.887362, 0.000004,0.006365
105 , E ,-747.823625 , -615.063893, 0.059603,0.017505
105 , H ,0.254853 , 0.261810, 0.035440,0.000359
105 , Q ,-857.973554 , -839.166134, 0.038911,0.014113
105 , F ,0.499072 , 0.378571, 0.005527,0.000532
105 , Y ,-1049.123150 , -918.910662, 0.036269,0.015128
105 , C ,0.301203 , 0.304761, 0.028545,0.000147
105 , N ,0.315560 , 0.416385, 0.040605,0.001244
105 , K ,0.518277 , 0.505822, 0.009943,0.000736
105 , D ,0.179874 , 0.183400, 0.047285,0.000571
106 , E ,-841.951172 , -720.804220, 0.044872,0.017734
106 , H ,0.234758 , 0.251588, 0.040211,0.000695
106 , Q ,-996.646119 , -957.940607, 0.043165,0.014421
106 , F ,0.498092 , 0.340654, 0.004265,0.000226
106 , Y ,-1147.495693 , -1042.320696, 0.023474,0.013958
106 , C ,0.297796 , 0.311587, 0.030608,0.000331
106 , N ,0.221794 , 0.263680, 0.047167,0.002084
106 , K ,0.414131 , 0.415490, 0.017529,0.001033
106 , D ,1.601032 , 1.640172, 0.000026,0.005659
107 , E ,-6198.084507 , -7103.135467, 0.181818,0.073058
107 , H ,0.957577 , 0.212457, 0.000003,0.000131
107 , Q ,-5749.423040 , -6697.563460, 0.271739,0.064425
107 , F ,1.383061 , 0.291222, 0.000000,0.000058
107 , Y ,1.086330 , 0.217910, 0.000000,0.001564
107 , C ,1.089129 , 0.383767, 0.000003,0.000546
107 , N ,0.656773 , 0.180819, 0.000129,0.001591
107 , K ,-6887.444309 , -8068.861433, 0.155556,0.081811
107 , D ,0.772054 , 0.243289, 0.000052,0.001056
108 , E ,-6196.695518 , -7080.356934, 0.186916,0.070487
108 , H ,0.862745 , 0.188354, 0.000008,0.000052
108 , Q ,-12135.956272 , -16756.590704, 0.326087,0.085000
108 , F ,1.117284 , 0.245617, 0.000000,0.000401
108 , Y ,0.721082 , 0.086997, 0.000018,0.000842
108 , C ,1.198468 , 0.392447, 0.000001,0.000085
108 , N ,0.610094 , 0.190440, 0.000275,0.006649
108 , K ,-5695.653113 , -6628.935039, 0.200000,0.068000
108 , D ,1.245745 , 0.436287, 0.000001,0.000206
109 , E ,-6264.161139 , -7176.128333, 0.193277,0.070711
109 , H ,0.865045 , 0.199769, 0.000008,0.000051
109 , Q ,-12766.144999 , -17746.284430, 0.332031,0.087273
109 , F ,1.112852 , 0.217748, 0.000000,0.000217
109 , Y ,0.788022 , 0.127967, 0.000011,0.000365
109 , C ,1.276450 , 0.412374, 0.000000,0.000040
109 , N ,0.611219 , 0.185443, 0.000253,0.007146
109 , K ,-5681.529305 , -6651.217817, 0.196078,0.066000
109 , D ,1.120228 , 0.375600, 0.000002,0.001098
110 , E ,-2669.750830 , -2661.289306, 0.221519,0.047098
110 , H ,0.962309 , 0.245991, 0.000003,0.000375
110 , Q ,-1649.667413 , -1524.136385, 0.318367,0.029363
110 , F ,0.912397 , 0.688719, 0.000000,0.028694
110 , Y ,0.958037 , 0.127580, 0.000001,0.000726
110 , C ,1.278832 , 0.438702, 0.000000,0.000063
110 , N ,0.565577 , 0.121182, 0.000237,0.006554
110 , K ,-2360.122459 , -2322.219002, 0.225490,0.031584
110 , D ,0.904279 , 0.261607, 0.000010,0.000669
111 , E ,0.663694 , 0.693192, 0.006075,0.000393
111 , H ,0.729672 , 0.659738, 0.002584,0.000261
111 , Q ,0.687849 , 0.748202, 0.006193,0.000074
111 , F ,0.763076 , 0.459117, 0.000430,0.000130
111 , Y ,0.968192 , 0.997100, 0.001299,0.000455
111 , C ,0.801412 , 0.739634, 0.001863,0.000224
111 , N ,0.852354 , 0.670311, 0.000706,0.000036
111 , K ,0.675596 , 0.640617, 0.004084,0.000320
111 , D ,0.805079 , 0.735744, 0.001782,0.000143
112 , E ,0.578225 , 0.860294, 0.023568,0.000327
112 , H ,0.623443 , 0.413208, 0.001616,0.000372
112 , Q ,-1818.229101 , -1625.293646, 0.209756,0.031745
112 , F ,0.775170 , 0.805992, 0.003475,0.000155
112 , Y ,0.712845 , 0.444085, 0.000691,0.000387
112 , C ,0.702904 , 0.281690, 0.000190,0.000155
112 , N ,1.162555 , 0.708332, 0.000018,0.000753
112 , K ,-937.845492 , -785.814776, 0.026415,0.016864
112 , D ,0.624515 , 0.234481, 0.000340,0.000445
113 , E ,-13519.356303 , -19042.075681, 0.333333,0.087265
113 , H ,0.809027 , 0.280070, 0.000000,0.020374
113 , Q ,-2909.537594 , -2910.065419, 0.215164,0.043450
113 , F ,0.892048 , 0.551086, 0.000000,0.024346
113 , Y ,1.024031 , 0.313059, 0.000003,0.000232
113 , C ,1.053115 , 0.461759, 0.000010,0.000017
113 , N ,0.738155 , 0.195233, 0.000047,0.000466
113 , K ,-3214.099873 , -3286.407274, 0.357576,0.049709
113 , D ,1.019532 , 0.345692, 0.000004,0.000385
114 , E ,-1476.687452 , -1206.249483, 0.092290,0.024061
114 , H ,0.698416 , 0.489294, 0.001204,0.000029
114 , Q ,-2002.246239 , -1792.230169, 0.163229,0.037269
114 , F ,0.847903 , 0.393432, 0.000079,0.000067
114 , Y ,0.730730 , 0.430509, 0.000509,0.000047
114 , C ,0.684401 , 0.505232, 0.001583,0.000090
114 , N ,0.726383 , 0.496379, 0.000902,0.000054
114 , K ,-1506.246633 , -1244.271573, 0.098223,0.023286
114 , D ,0.511401 , 0.390159, 0.005195,0.000078
115 , E ,0.672615 , 0.290801, 0.000314,0.000523
115 , H ,-1836.178788 , -1611.533058, 0.160584,0.034311
115 , Q ,0.703783 , 0.323923, 0.000278,0.000255
115 , F ,0.860655 , 0.985382, 0.003397,0.000248
115 , Y ,-1776.673934 , -1521.463703, 0.090385,0.035058
115 , C ,-1695.912687 , -1466.503499, 0.113095,0.034717
115 , N ,-1903.404888 , -1732.702964, 0.238095,0.036320
115 , K ,0.743349 , 0.160969, 0.000030,0.000056
115 , D ,0.465124 , 0.752464, 0.039611,0.000479
116 , E ,0.959951 , 0.511544, 0.000054,0.000148
116 , H ,-1597.685825 , -1343.601562, 0.148860,0.027601
116 , Q ,0.851373 , 0.601695, 0.000441,0.000156
116 , F ,0.700017 , 0.674695, 0.003803,0.000072
116 , Y ,-2760.308852 , -2731.093052, 0.231162,0.044149
116 , C ,-2853.793772 , -2857.834192, 0.224909,0.045238
116 , N ,-1853.659585 , -1675.230600, 0.265839,0.030979
116 , K ,0.632169 , 0.046499, 0.000039,0.000052
116 , D ,-1820.851909 , -1580.286777, 0.193159,0.030964
117 , E ,0.769739 , 0.234305, 0.000000,0.022376
117 , H ,-1643.359574 , -1365.489927, 0.104718,0.026035
117 , Q ,0.852521 , 0.557748, 0.000309,0.000121
117 , F ,0.769870 , 0.755069, 0.002841,0.000050
117 , Y ,-1712.699047 , -1504.750597, 0.249710,0.025210
117 , C ,-1868.518075 , -1700.163712, 0.245922,0.036228
117 , N ,-1775.242446 , -1606.328122, 0.252514,0.024323
117 , K ,0.760681 , 0.097288, 0.000011,0.000047
117 , D ,-3112.603580 , -3097.586356, 0.184874,0.049335
118 , E ,-1854.334114 , -1562.136572, 0.102372,0.033137
118 , H ,1.063375 , 0.278230, 0.000001,0.000072
118 , Q ,-1675.389586 , -1364.863706, 0.066833,0.031834
118 , F ,0.788088 , 0.249061, 0.000000,0.023813
118 , Y ,0.822612 , 0.336543, 0.000064,0.000155
118 , C ,0.774960 , 0.443286, 0.000320,0.000037
118 , N ,0.722400 , 0.417975, 0.000512,0.000095
118 , K ,-1791.025813 , -1529.918207, 0.091816,0.036077
118 , D ,0.902443 , 0.393741, 0.000038,0.000100
119 , E ,0.149845 , -0.093062, 0.007129,0.000033
119 , H ,-1260.819796 , -1122.389831, 0.274637,0.012444
119 , Q ,0.012529 , -0.193725, 0.015200,0.000116
119 , F ,-1115.214440 , -974.588214, 0.118547,0.013391
119 , Y ,-1210.618394 , -1074.531489, 0.241600,0.018052
119 , C ,-1346.178880 , -1124.705049, 0.213808,0.016861
119 , N ,-1137.697998 , -970.395437, 0.235897,0.015037
119 , K ,0.169535 , -0.146374, 0.002818,0.000190
119 , D ,-1224.396543 , -1019.094763, 0.103687,0.017072
120 , E ,0.816016 , 1.115720, 0.008028,0.000182
120 , H ,0.799937 , 0.290403, 0.000000,0.025098
120 , Q ,-1443.979317 , -1141.478277, 0.063648,0.025348
120 , F ,0.692532 , 0.556152, 0.001977,0.000305
120 , Y ,1.049450 , 0.692387, 0.000076,0.000068
120 , C ,0.871306 , 0.914047, 0.002292,0.000156
120 , N ,0.701547 , 0.401408, 0.000569,0.000164
120 , K ,0.652537 , 0.826961, 0.011466,0.000354
120 , D ,0.780686 , 0.239419, 0.000000,0.024610
122 , H ,0.568255 , 0.708431, 0.015323,0.000127
122 , Q ,0.652150 , 0.543526, 0.002921,0.000045
122 , F ,-568.535137 , -415.479778, 0.040672,0.017844
122 , Y ,-911.383020 , -704.990677, 0.066949,0.017417
122 , C ,-876.222937 , -625.957573, 0.050645,0.022525
122 , N ,0.587241 , 0.731090, 0.014123,0.000128
122 , K ,0.638879 , 0.423117, 0.001490,0.000020
122 , D ,0.523850 , 0.668206, 0.019276,0.000044
123 , E ,0.596440 , -0.028759, 0.000027,0.000710
123 , H ,-1459.100451 , -1174.472426, 0.071579,0.024594
123 , Q ,0.669045 , 0.065508, 0.000029,0.000048
123 , F ,0.856834 , 0.658484, 0.000612,0.000091
123 , Y ,-1987.624295 , -1781.347194, 0.201550,0.034349
123 , C ,-2166.338274 , -1934.729733, 0.146417,0.038373
123 , N ,-1749.414750 , -1575.994747, 0.250000,0.027469
123 , K ,0.661210 , -0.151902, 0.000002,0.000325
123 , D ,-1273.498945 , -996.236097, 0.047619,0.028972
124 , E ,-1138.589446 , -986.242062, 0.075269,0.022199
124 , H ,0.409801 , 0.309674, 0.009463,0.000157
124 , Q ,-838.760381 , -627.593908, 0.069182,0.024472
124 , F ,0.922510 , 0.542267, 0.000113,0.000253
124 , Y ,0.361475 , 0.248678, 0.010946,0.000838
124 , C ,0.576618 , 0.318078, 0.001362,0.000186
124 , N ,0.384556 , 0.267002, 0.009320,0.001241
124 , K ,0.321599 , 0.399140, 0.038572,0.001781
124 , D ,0.563636 , 0.381485, 0.002432,0.001171
125 , E ,0.509053 , 0.623825, 0.018719,0.000589
125 , H ,0.813373 , 0.658267, 0.001019,0.000175
125 , Q ,0.628425 , 0.837044, 0.014606,0.000280
125 , F ,1.041223 , 0.670276, 0.000071,0.000117
125 , Y ,0.920212 , 0.811289, 0.000749,0.001060
125 , C ,0.729236 , 0.540855, 0.001218,0.000241
125 , N ,0.720081 , 0.603021, 0.002044,0.000441
125 , K ,0.593323 , 0.498957, 0.004361,0.001067
125 , D ,0.593757 , 0.437750, 0.002879,0.001206
126 , E ,0.392053 , 0.371004, 0.016490,0.000648
126 , H ,-1261.137965 , -1016.513527, 0.104575,0.025539
126 , Q ,0.406336 , 0.344055, 0.012810,0.001559
126 , F ,0.577407 , 0.539377, 0.006370,0.000195
126 , Y ,-1285.072018 , -1061.492116, 0.074380,0.025271
126 , C ,-770.351579 , -714.338511, 0.047904,0.015423
126 , N ,1.800833 , 2.241240, 0.000052,0.005825
126 , K ,0.487960 , 0.395352, 0.007554,0.004401
126 , D ,1.137215 , 1.097698, 0.000243,0.003363
127 , E ,1.482978 , 1.867314, 0.000266,0.003140
127 , H ,0.416538 , 0.392729, 0.015200,0.000755
127 , Q ,0.484770 , 0.625118, 0.022768,0.000204
127 , F ,0.660989 , 0.449441, 0.001404,0.000805
127 , Y ,0.925865 , 0.860761, 0.000998,0.000898
127 , C ,0.698158 , 0.420275, 0.000703,0.000272
127 , N ,1.066335 , 0.919690, 0.000296,0.000604
127 , K ,0.550003 , 0.682934, 0.016487,0.000698
127 , D ,0.937843 , 0.600004, 0.000151,0.001018
128 , E ,0.973666 , 0.913593, 0.000817,0.000487
128 , H ,-793.101354 , -541.528255, 0.037855,0.029169
128 , Q ,1.018672 , 0.725493, 0.000145,0.000454
128 , F ,0.630778 , 0.848752, 0.014901,0.000269
128 , Y ,-1250.696103 , -1026.152624, 0.057851,0.022776
128 , C ,0.528211 , 0.695756, 0.020860,0.000545
128 , N ,-1395.053891 , -1121.169006, 0.033994,0.021430
128 , K ,0.997480 , 0.872823, 0.000491,0.000153
128 , D ,-903.941636 , -638.120653, 0.051813,0.027379
129 , E ,0.841994 , 0.767512, 0.001464,0.000141
129 , H ,0.769097 , 1.078773, 0.010348,0.000115
129 , Q ,1.030820 , 0.729327, 0.000129,0.000132
129 , F ,0.880372 , 1.161359, 0.005492,0.000354
129 , Y ,-1346.483833 , -1109.852781, 0.044855,0.023599
129 , C ,0.666900 , 0.856726, 0.011600,0.000161
129 , N ,-1260.905428 , -977.956800, 0.030137,0.024781
129 , K ,0.973744 , 0.857649, 0.000585,0.000107
129 , D ,-1190.155344 , -939.362135, 0.042194,0.034122
130 , E ,0.757274 , 0.701036, 0.002462,0.000567
130 , H ,0.693359 , 1.016694, 0.015253,0.000254
130 , Q ,0.887859 , 0.626016, 0.000344,0.000327
130 , F ,0.811406 , 1.049108, 0.006592,0.000575
130 , Y ,-1345.197326 , -1112.909352, 0.053619,0.023225
130 , C ,0.522070 , 0.723491, 0.024053,0.000297
130 , N ,-1213.368752 , -944.552673, 0.025559,0.020824
130 , K ,0.996162 , 0.856986, 0.000453,0.000184
130 , D ,-1025.243677 , -762.837367, 0.039604,0.024115
131 , E ,0.806422 , 0.740318, 0.001832,0.000151
131 , H ,0.729008 , 1.034830, 0.012404,0.000070
131 , Q ,1.131188 , 0.826315, 0.000078,0.000420
131 , F ,0.637349 , 0.827162, 0.013293,0.000212
131 , Y ,-1326.860450 , -1083.981222, 0.056848,0.027929
131 , C ,0.560267 , 0.744729, 0.018774,0.000352
131 , N ,-1100.900845 , -841.921392, 0.026230,0.023713
131 , K ,0.970906 , 0.847070, 0.000571,0.000065
131 , D ,-821.567602 , -584.531516, 0.041176,0.028426
132 , E ,0.759339 , 0.709980, 0.002548,0.000536
132 , H ,0.705770 , 1.015787, 0.014135,0.000163
132 , Q ,1.206949 , 0.877421, 0.000045,0.000248
132 , F ,0.603659 , 0.796962, 0.015864,0.000159
132 , Y ,-1290.264071 , -1040.786213, 0.067024,0.020087
132 , C ,0.595239 , 0.783279, 0.016281,0.000240
132 , N ,-1068.330679 , -806.624010, 0.027027,0.023792
132 , K ,0.993789 , 0.837850, 0.000416,0.000143
132 , D ,-1024.397187 , -750.577571, 0.037037,0.028406
133 , E ,0.824762 , 0.756171, 0.001654,0.000226
133 , H ,0.731532 , 1.043557, 0.012502,0.000196
133 , Q ,0.898652 , 0.631876, 0.000313,0.000086
133 , F ,0.719735 , 0.921907, 0.009318,0.000158
133 , Y ,-1361.406962 , -1122.423980, 0.050802,0.023203
133 , C ,0.516573 , 0.692604, 0.022641,0.000356
133 , N ,-1104.989136 , -851.855341, 0.027855,0.023334
133 , K ,0.830298 , 0.726190, 0.001291,0.000086
133 , D ,-1095.846072 , -827.620687, 0.051643,0.027581
134 , E ,0.878790 , 0.765355, 0.000973,0.000114
134 , H ,0.729449 , 0.995435, 0.011062,0.000122
134 , Q ,1.101796 , 0.787978, 0.000083,0.000331
134 , F ,0.720817 , 0.929414, 0.009362,0.000241
134 , Y ,-1200.901615 , -973.480685, 0.068783,0.018825
134 , C ,0.558761 , 0.717013, 0.017390,0.000468
134 , N ,-1165.298578 , -891.706606, 0.030387,0.024119
134 , K ,1.020818 , 0.872030, 0.000382,0.000115
134 , D ,-1228.172245 , -969.855989, 0.043860,0.027534
135 , E ,0.892283 , 0.822830, 0.001163,0.000396
135 , H ,0.734606 , 1.005210, 0.010919,0.000106
135 , Q ,1.086888 , 0.735464, 0.000068,0.000237
135 , F ,0.675475 , 0.920324, 0.013069,0.000259
135 , Y ,-1300.560084 , -1061.958061, 0.065789,0.022593
135 , C ,0.592588 , 0.771791, 0.015906,0.000179
135 , N ,-1151.661661 , -881.065701, 0.023256,0.024108
135 , K ,1.001062 , 0.881919, 0.000503,0.000176
135 , D ,-826.447365 , -568.767887, 0.067010,0.027762
136 , E ,0.872193 , 0.774366, 0.001094,0.000207
136 , H ,0.675197 , 0.916328, 0.013174,0.000086
136 , Q ,0.979930 , 0.694768, 0.000185,0.000195
136 , F ,0.633297 , 0.822876, 0.013473,0.000306
136 , Y ,-1371.439142 , -1135.083974, 0.071429,0.026951
136 , C ,0.649152 , 0.864865, 0.013801,0.000182
136 , N ,-1108.131234 , -851.441500, 0.036827,0.027283
136 , K ,0.863430 , 0.725411, 0.000889,0.000390
136 , D ,-1130.807880 , -844.812205, 0.050505,0.028883
137 , E ,0.726422 , 0.660664, 0.002737,0.000434
137 , H ,0.693742 , 0.985929, 0.014024,0.000087
137 , Q ,1.045755 , 0.776162, 0.000152,0.000260
137 , F ,0.703583 , 0.910261, 0.010098,0.000380
137 , Y ,-1358.364217 , -1119.335363, 0.067385,0.027039
137 , C ,0.610902 , 0.780051, 0.014060,0.000627
137 , N ,-1125.713952 , -858.654246, 0.029900,0.023737
137 , K ,1.037497 , 0.891793, 0.000353,0.000131
137 , D ,-860.469027 , -589.415393, 0.055901,0.028870
138 , E ,1.244936 , 0.786280, 0.000010,0.001953
138 , H ,0.738050 , 0.800626, 0.004785,0.000074
138 , Q ,0.636424 , 0.491531, 0.002515,0.000171
138 , F ,0.844839 , 0.507458, 0.000226,0.000229
138 , Y ,0.623149 , 0.787990, 0.012900,0.000065
138 , C ,0.629929 , 0.708024, 0.008946,0.000108
138 , N ,0.575971 , 0.560201, 0.007272,0.000098
138 , K ,0.638459 , 0.496739, 0.002524,0.000072
138 , D ,0.555325 , 0.521088, 0.007277,0.000168
139 , E ,0.579525 , 0.463990, 0.003970,0.000316
139 , H ,0.585094 , 0.664993, 0.011074,0.000169
139 , Q ,0.769349 , 0.617130, 0.001259,0.000145
139 , F ,0.630429 , 0.405370, 0.001451,0.000255
139 , Y ,0.444147 , 0.586482, 0.027672,0.000125
139 , C ,0.566272 , 0.616964, 0.010770,0.000131
139 , N ,0.664485 , 0.647897, 0.004719,0.000197
139 , K ,0.638976 , 0.537389, 0.003245,0.000358
139 , D ,0.627488 , 0.641469, 0.006556,0.000412
140 , E ,0.504091 , 0.312307, 0.003253,0.000689
140 , H ,0.709657 , 0.767567, 0.005344,0.000166
140 , Q ,0.636130 , 0.496677, 0.002639,0.000343
140 , F ,0.669398 , 0.430008, 0.001090,0.000196
140 , Y ,0.459931 , 0.655989, 0.031063,0.000233
140 , C ,0.581544 , 0.656424, 0.010942,0.000089
140 , N ,0.691395 , 0.656106, 0.003723,0.000106
140 , K ,0.682622 , 0.564547, 0.002439,0.000168
140 , D ,0.485247 , 0.489206, 0.012361,0.000171
141 , E ,0.538920 , 0.325432, 0.002346,0.000559
141 , H ,0.612307 , 0.606301, 0.006343,0.000132
141 , Q ,0.662590 , 0.503243, 0.002000,0.000210
141 , F ,0.854820 , 0.471292, 0.000139,0.000409
141 , Y ,-802.986776 , -637.165430, 0.036957,0.017566
141 , C ,0.442632 , 0.499869, 0.019463,0.000088
141 , N ,0.490515 , 0.472737, 0.010773,0.000457
141 , K ,0.629401 , 0.539666, 0.003745,0.000301
141 , D ,0.338709 , 0.367871, 0.027588,0.000282
142 , E ,0.611162 , 0.266830, 0.000564,0.000729
142 , H ,-892.525203 , -692.624963, 0.040712,0.020979
142 , Q ,0.603525 , 0.320606, 0.000991,0.000150
142 , F ,0.762940 , 0.431319, 0.000336,0.000172
142 , Y ,-1136.280894 , -915.395974, 0.090426,0.019706
142 , C ,0.506878 , 0.642524, 0.019977,0.000215
142 , N ,0.445257 , 0.592484, 0.028015,0.000316
142 , K ,0.388355 , 0.200759, 0.005339,0.000433
142 , D ,0.655976 , 0.764226, 0.008805,0.000305
143 , E ,0.765220 , 0.219749, 0.000043,0.000396
143 , H ,-1484.247716 , -1196.123209, 0.070788,0.025213
143 , Q ,0.849750 , 0.286778, 0.000026,0.000040
143 , F ,-1694.401396 , -1395.365581, 0.069102,0.032715
143 , Y ,-1182.981819 , -919.039902, 0.042105,0.027693
143 , C ,-1090.560396 , -824.671959, 0.032520,0.028185
143 , N ,-1748.173503 , -1493.988228, 0.076350,0.034859
143 , K ,0.861773 , 0.264060, 0.000018,0.000018
143 , D ,-1729.267760 , -1457.708343, 0.051495,0.036603
