1 , E ,0.776891 , 0.200544, 0.000428,0.000040
1 , H ,-7121.087422 , -5862.172654, 0.278205,0.035630
1 , Q ,0.672098 , 0.163344, 0.000903,0.000081
1 , F ,-6847.498378 , -5518.390914, 0.243516,0.034351
1 , Y ,-11890.290493 , -11475.098576, 0.296110,0.060268
1 , C ,-8176.547421 , -6914.237262, 0.266753,0.045666
1 , N ,-8562.524536 , -7333.615548, 0.265985,0.045617
1 , K ,0.726959 , -0.095102, 0.000067,0.000123
1 , D ,-6098.492190 , -4709.838714, 0.141393,0.037012
2 , E ,-2807.070154 , -1681.905562, 0.021918,0.039321
2 , H ,1.041893 , 0.740906, 0.000981,0.000204
2 , Q ,-1977.350798 , -975.462574, 0.016605,0.038798
2 , F ,0.973134 , 0.736153, 0.001670,0.000371
2 , Y ,0.966406 , 0.796045, 0.002324,0.000166
2 , C ,0.885603 , 0.755518, 0.003730,0.000297
2 , N ,-0.587607 , -1.464261, 0.000004,0.039835
2 , K ,-2065.310653 , -1165.263180, 0.023061,0.038128
2 , D ,1.168150 , 0.730550, 0.000307,0.000265
3 , E ,0.552719 , 0.228177, 0.004230,0.000468
3 , H ,-6525.276425 , -5105.191591, 0.177840,0.029904
3 , Q ,0.560923 , 0.261604, 0.004839,0.000079
3 , F ,0.580835 , 0.575720, 0.017732,0.000641
3 , Y ,-4598.545823 , -3247.834287, 0.102515,0.029150
3 , C ,-2929.897169 , -1950.776881, 0.055066,0.028321
3 , N ,-3405.055163 , -2462.263040, 0.107937,0.024705
3 , K ,0.520181 , 0.224322, 0.005541,0.000101
3 , D ,-2773.430732 , -1895.380455, 0.026101,0.029661
4 , E ,0.847813 , 0.932753, 0.009140,0.000028
4 , H ,-2747.896284 , -1693.572008, 0.038149,0.030933
4 , Q ,-1137.192500 , -703.763041, 0.013468,0.031057
4 , F ,-1016.089841 , -555.320011, 0.020253,0.030650
4 , Y ,-6399.667523 , -5012.560272, 0.131040,0.048099
4 , C ,-3914.853413 , -2539.490782, 0.065799,0.031726
4 , N ,-5900.513215 , -4391.722690, 0.103698,0.039427
4 , K ,0.898969 , 0.531105, 0.001122,0.000193
4 , D ,-6011.205378 , -4458.596849, 0.068919,0.041749
5 , E ,1.045762 , 1.125698, 0.004109,0.000687
5 , H ,-3285.804531 , -2153.585171, 0.023077,0.037886
5 , Q ,-504.601302 , -190.200978, 0.015267,0.031083
5 , F ,0.796160 , 0.855040, 0.010310,0.000236
5 , Y ,-6677.397814 , -5055.194683, 0.127985,0.041566
5 , C ,-5409.649107 , -3930.422141, 0.101990,0.038560
5 , N ,-5157.546654 , -3821.811425, 0.120000,0.029146
5 , K ,0.922809 , 0.493938, 0.000731,0.000194
5 , D ,-4900.019239 , -3414.219563, 0.082143,0.039589
6 , E ,-0.234421 , -0.540923, 0.023645,0.000103
6 , H ,-4799.822456 , -4414.938635, 0.707358,0.007522
6 , Q ,-0.035727 , -0.476385, 0.005530,0.000084
6 , F ,-5550.582965 , -5072.920558, 0.576336,0.015458
6 , Y ,-3992.154385 , -3582.287244, 0.686998,0.005477
6 , C ,-3863.553477 , -3459.908703, 0.698324,0.005050
6 , N ,-4736.626701 , -4261.479677, 0.638199,0.010200
6 , K ,0.163355 , -0.324502, 0.002864,0.000129
6 , D ,-3971.530418 , -3589.081698, 0.664653,0.004949
7 , E ,0.519198 , 0.342662, 0.010853,0.000577
7 , H ,-3434.367623 , -2358.238366, 0.075829,0.027946
7 , Q ,0.370052 , 0.190644, 0.017064,0.001078
7 , F ,-5447.453550 , -4219.920304, 0.128440,0.033718
7 , Y ,-5567.730086 , -4633.809497, 0.191176,0.022896
7 , C ,-4378.103880 , -3411.035854, 0.147059,0.029921
7 , N ,-5047.143507 , -4282.677661, 0.158730,0.027429
7 , K ,0.506606 , 0.285410, 0.008875,0.000692
7 , D ,-4422.251729 , -3614.901976, 0.100000,0.029967
8 , E ,-1986.075466 , -1402.741343, 0.011628,0.027966
8 , H ,0.794954 , 0.631359, 0.004505,0.003426
8 , Q ,-2314.969971 , -2271.145329, 0.015152,0.026558
8 , F ,0.682247 , 0.634601, 0.010743,0.000805
8 , Y ,0.805356 , 0.755194, 0.006640,0.000701
8 , C ,0.905057 , 0.865699, 0.004855,0.000088
8 , N ,-2480.195005 , -2272.802977, 0.014815,0.033833
8 , K ,0.607198 , 0.510314, 0.011652,0.002665
8 , D ,0.616712 , 0.509127, 0.010767,0.001669
9 , E ,-5018.964503 , -3325.875675, 0.023256,0.061587
9 , H ,0.787239 , 0.559491, 0.003431,0.000778
9 , Q ,-2587.245972 , -1116.086579, 0.017544,0.044845
9 , F ,1.207322 , 0.662031, 0.000143,0.000304
9 , Y ,0.940675 , 0.754971, 0.002406,0.000246
9 , C ,0.859860 , 0.654605, 0.002886,0.000364
9 , N ,0.888393 , 0.603290, 0.001790,0.000520
9 , K ,-3328.212726 , -2156.858185, 0.047619,0.039456
9 , D ,1.816508 , 0.928043, 0.000002,0.001382
10 , E ,-51387.126708 , -75329.229756, 0.100000,0.350000
10 , F ,2.586262 , 1.401791, 0.000000,0.030071
10 , Y ,0.404094 , 0.351702, 0.041623,0.004093
11 , H ,-2576.385031 , -2363.059885, 0.042254,0.024977
11 , Q ,0.296537 , 0.175744, 0.028110,0.000970
11 , F ,-2965.507755 , -2666.117392, 0.043478,0.023608
11 , Y ,0.438987 , 0.447482, 0.031160,0.000855
11 , C ,-3112.291924 , -2611.821003, 0.077348,0.022746
11 , N ,-2574.581787 , -2286.473389, 0.051903,0.023120
11 , K ,0.497075 , 0.387753, 0.015871,0.000455
11 , D ,1.278477 , 0.967105, 0.000375,0.001116
12 , E ,0.600368 , 0.470850, 0.010140,0.000270
12 , H ,-2645.314795 , -1707.935902, 0.061728,0.028589
12 , Q ,-1082.011375 , -768.726655, 0.013139,0.029227
12 , F ,0.894143 , 0.858981, 0.005011,0.000180
12 , Y ,-4390.533071 , -3040.885183, 0.086420,0.031036
12 , C ,-3505.937446 , -2439.431312, 0.084855,0.027701
12 , N ,-2546.693592 , -1663.401146, 0.042610,0.029240
12 , K ,0.817916 , 0.656115, 0.004047,0.000263
12 , D ,-994.428524 , -583.344698, 0.016245,0.030026
13 , E ,-5012.014614 , -3551.787440, 0.047619,0.053855
13 , H ,-12.441580 , -13.231757, 0.000055,0.061333
13 , Q ,-6689.040373 , -5293.733646, 0.176471,0.044631
13 , F ,-10.345604 , -11.128531, 0.000047,0.066338
13 , Y ,-11.927737 , -12.725893, 0.000053,0.057754
13 , C ,0.756450 , 0.228252, 0.000643,0.000222
13 , N ,-27.469316 , -28.175337, 0.000117,0.084027
13 , K ,-4684.165029 , -3209.118726, 0.054054,0.040687
13 , D ,0.876515 , 0.095878, 0.000071,0.000044
14 , E ,-5274.970237 , -3940.298480, 0.121951,0.036764
14 , H ,-14.361961 , -15.143403, 0.000063,0.064383
14 , Q ,-7715.915585 , -6168.787203, 0.184932,0.048731
14 , F ,0.623948 , 0.100927, 0.000947,0.001211
14 , Y ,0.646435 , 0.131162, 0.000947,0.001617
14 , C ,1.026350 , 0.313368, 0.000084,0.000643
14 , N ,-36.237415 , -36.968756, 0.000156,0.048975
14 , K ,0.328891 , 0.617641, 0.102412,0.000272
14 , D ,0.982132 , 0.145361, 0.000038,0.003165
15 , E ,0.103397 , 0.252210, 0.201809,0.000622
15 , H ,2.186002 , 0.525840, 0.000000,0.012538
15 , Q ,-1108.406818 , 2303.356163, 0.214286,0.109694
15 , F ,0.607465 , 0.179848, 0.002022,0.008531
15 , Y ,3.094462 , 1.859901, 0.000000,0.006296
15 , C ,3.398450 , 2.282235, 0.000000,0.011057
15 , D ,-20.395095 , -21.045587, 0.000092,0.123967
16 , E ,-4980.614075 , -3752.293217, 0.052632,0.050987
16 , H ,0.962241 , 0.356911, 0.000212,0.002311
16 , Q ,-6407.714876 , -4786.206221, 0.158537,0.037656
16 , F ,0.709149 , 0.248022, 0.001143,0.000292
16 , Y ,1.145079 , 0.507332, 0.000101,0.000090
16 , C ,1.037522 , 0.642346, 0.000597,0.000916
16 , N ,-9.879704 , -10.604189, 0.000049,0.059764
16 , K ,-3703.636253 , -2973.710552, 0.053571,0.041853
16 , D ,0.835180 , 0.290656, 0.000468,0.001315
17 , E ,-3722.227761 , -3337.658616, 0.018519,0.072588
17 , H ,0.904708 , 0.442291, 0.000640,0.000645
17 , Q ,-6804.175484 , -5287.604944, 0.108108,0.050653
17 , F ,1.556328 , 0.532914, 0.000002,0.000174
17 , Y ,1.107576 , 0.620419, 0.000294,0.000180
17 , C ,0.922815 , 0.475540, 0.000661,0.000233
17 , N ,2.005660 , 1.466288, 0.000008,0.001127
17 , K ,-4803.996453 , -3164.395326, 0.020833,0.061306
17 , D ,1.169936 , 0.418640, 0.000043,0.000489
18 , E ,0.868996 , 0.710324, 0.003452,0.000368
18 , H ,-1678.044340 , -1108.868629, 0.020958,0.029030
18 , Q ,1.093722 , 0.729217, 0.000586,0.000404
18 , F ,0.925857 , 1.018157, 0.006972,0.000058
18 , Y ,-2131.895998 , -969.844914, 0.016621,0.035424
18 , C ,-4747.605989 , -3232.136087, 0.036827,0.042912
18 , N ,-2463.396173 , -1581.047431, 0.017910,0.037594
18 , K ,0.908175 , 0.575612, 0.001310,0.000871
18 , D ,0.832890 , 0.930495, 0.010042,0.000122
19 , E ,-6340.069302 , -5113.755269, 0.122449,0.046185
19 , H ,0.741257 , 0.356215, 0.001651,0.000130
19 , Q ,-7084.332949 , -6343.046059, 0.511364,0.027517
19 , F ,0.878146 , 0.548606, 0.001462,0.000132
19 , Y ,0.740096 , 0.379392, 0.001933,0.000152
19 , C ,0.728342 , 0.153923, 0.000486,0.000108
19 , N ,0.570219 , 0.323119, 0.006183,0.000322
19 , K ,-4013.173624 , -2993.181329, 0.036290,0.028543
19 , D ,0.896491 , 0.332933, 0.000328,0.000421
20 , E ,-11455.853315 , -10979.960723, 0.207317,0.065751
20 , H ,1.156126 , 0.485872, 0.000077,0.000509
20 , Q ,-11440.891371 , -11162.295738, 0.360825,0.052298
20 , F ,0.794227 , 0.298519, 0.000700,0.000649
20 , Y ,0.891546 , 0.302682, 0.000285,0.000866
20 , C ,0.957209 , 0.042505, 0.000020,0.000040
20 , N ,0.785265 , 0.234050, 0.000485,0.000283
20 , K ,-11461.076657 , -10539.196483, 0.160584,0.072797
20 , D ,1.011127 , 0.110039, 0.000020,0.000026
21 , E ,-10348.050046 , -9995.060903, 0.385507,0.042053
21 , H ,0.970251 , 0.422768, 0.000301,0.000108
21 , Q ,-10287.526113 , -10397.457165, 0.576200,0.029955
21 , F ,0.772229 , 0.324045, 0.001012,0.000389
21 , Y ,0.860323 , 0.233088, 0.000238,0.000015
21 , C ,0.976148 , 0.474234, 0.000404,0.000221
21 , N ,0.811298 , 0.271780, 0.000492,0.000158
21 , K ,-22282.424603 , -26147.716018, 0.291667,0.087374
21 , D ,1.079201 , 0.228973, 0.000027,0.000058
22 , E ,0.910455 , 0.762715, 0.003078,0.000315
22 , H ,-1942.066468 , -1518.110788, 0.013072,0.028657
22 , Q ,0.624548 , 0.456592, 0.007948,0.000709
22 , F ,0.859184 , 0.813976, 0.005545,0.000652
22 , Y ,0.654621 , 0.715783, 0.017163,0.000572
22 , C ,-3211.748957 , -2012.983436, 0.066667,0.036342
22 , N ,-2093.384916 , -1647.220130, 0.040293,0.026701
22 , K ,0.717812 , 0.546674, 0.005612,0.000556
22 , D ,1.019482 , 1.017150, 0.003551,0.000200
23 , E ,0.609859 , 0.513465, 0.011474,0.000546
23 , H ,-3399.903507 , -2421.430236, 0.038674,0.028871
23 , Q ,0.715105 , 0.472285, 0.004025,0.001100
23 , F ,0.690312 , 0.681157, 0.012015,0.000218
23 , Y ,-528.754131 , -110.120969, 0.017949,0.030924
23 , C ,-4608.841437 , -3296.162451, 0.075949,0.036869
23 , N ,-3098.954307 , -2208.340205, 0.048544,0.027465
23 , K ,0.617685 , 0.505752, 0.010354,0.000198
23 , D ,-1298.365411 , -1037.118443, 0.033835,0.026568
24 , E ,0.729375 , 0.641427, 0.007813,0.000486
24 , H ,0.594202 , 0.565188, 0.015570,0.000194
24 , Q ,0.469468 , 0.442181, 0.023957,0.000321
24 , F ,1.005686 , 0.792781, 0.001641,0.000845
24 , Y ,0.380889 , 0.362705, 0.033788,0.000808
24 , C ,-2744.292177 , -2122.192180, 0.035019,0.026718
24 , N ,0.433268 , 0.418163, 0.028726,0.000549
24 , K ,0.802511 , 0.632904, 0.004151,0.000653
24 , D ,0.578115 , 0.477064, 0.012521,0.000306
25 , E ,0.665014 , 0.471675, 0.006041,0.000472
25 , H ,-2619.150907 , -1700.342351, 0.046512,0.029010
25 , Q ,0.688210 , 0.442933, 0.004326,0.000972
25 , F ,0.551885 , 0.543264, 0.019673,0.000086
25 , Y ,-2658.618670 , -2450.976536, 0.026393,0.025137
25 , C ,-4292.216304 , -3025.949778, 0.071651,0.036754
25 , N ,-3971.193664 , -2818.219658, 0.079602,0.034568
25 , K ,0.652070 , 0.557409, 0.009715,0.000302
25 , D ,0.838863 , 0.856184, 0.007355,0.000345
26 , E ,0.753598 , 0.625060, 0.005916,0.000262
26 , H ,-5218.950597 , -4117.951989, 0.108033,0.027969
26 , Q ,0.551621 , 0.356819, 0.008926,0.001191
26 , F ,0.731700 , 0.741262, 0.010798,0.000624
26 , Y ,-3462.892470 , -2253.937163, 0.073634,0.036138
26 , C ,-4925.474761 , -3673.798577, 0.125668,0.034518
26 , N ,-4620.427298 , -3502.019919, 0.071066,0.028460
26 , K ,0.776807 , 0.631494, 0.005094,0.000309
26 , D ,-4094.862904 , -2995.160284, 0.103896,0.027611
27 , E ,0.501062 , 0.403423, 0.016301,0.000125
27 , H ,-1476.837482 , -1421.675675, 0.041298,0.026130
27 , Q ,0.726709 , 0.402675, 0.002500,0.000409
27 , F ,0.983257 , 1.009527, 0.004368,0.000803
27 , Y ,0.749988 , 0.720646, 0.008989,0.000276
27 , C ,-2542.837190 , -1676.283322, 0.057252,0.028002
27 , N ,-4109.618960 , -3224.291535, 0.079268,0.030663
27 , K ,0.799458 , 0.571483, 0.003229,0.000183
27 , D ,0.614485 , 0.521373, 0.011388,0.000523
28 , E ,0.567315 , 0.651283, 0.033336,0.002387
28 , H ,3.895076 , 3.684551, 0.000000,0.015810
28 , Q ,0.443325 , 0.475503, 0.053451,0.002670
28 , C ,-3880.075581 , -2770.757605, 0.166667,0.097222
28 , N ,-11442.907903 , -15456.626656, 0.181818,0.103306
28 , K ,3.384455 , 2.291231, 0.000000,0.014074
29 , H ,-5026.769861 , -3821.184134, 0.121622,0.033313
29 , Q ,0.648736 , 0.379606, 0.004298,0.000425
29 , F ,-530.947675 , -402.180861, 0.034582,0.028764
29 , Y ,-3612.441522 , -2438.139685, 0.097826,0.033607
29 , C ,-4847.867899 , -3604.765226, 0.124339,0.033472
29 , N ,-4363.707034 , -3184.833526, 0.073973,0.028984
29 , K ,0.813957 , 0.639271, 0.003943,0.000095
29 , D ,-5154.153339 , -3881.851044, 0.072886,0.036549
30 , E ,-9007.650605 , -8265.128569, 0.363265,0.060797
30 , H ,-17.310117 , -18.103073, 0.000075,0.051216
30 , Q ,-15180.034422 , -15568.046165, 0.592500,0.040972
30 , F ,0.757012 , 0.153205, 0.000358,0.000369
30 , Y ,0.753936 , 0.025541, 0.000139,0.000081
30 , C ,-115.652270 , -115.852476, 0.065661,0.032481
30 , N ,0.877060 , 0.175285, 0.000131,0.000040
30 , K ,-22099.338446 , -25819.518996, 0.250000,0.098283
30 , D ,-13.314242 , -14.077634, 0.000059,0.068404
31 , E ,-12948.051525 , -12701.119799, 0.336245,0.061618
31 , H ,0.924719 , -0.075399, 0.000010,0.000098
31 , Q ,-22046.949261 , -26970.992673, 0.620438,0.037325
31 , F ,0.580186 , 0.100711, 0.001394,0.000262
31 , Y ,-47.244624 , -47.949510, 0.000199,0.054729
31 , C ,1.053694 , -0.357777, 0.000000,0.000093
31 , N ,-15.093962 , -15.863586, 0.000066,0.063555
31 , K ,-22178.118409 , -26166.349205, 0.192593,0.110480
31 , D ,0.879361 , 0.226799, 0.000192,0.000113
32 , E ,-12904.341898 , -12625.228742, 0.323741,0.062281
32 , H ,0.919768 , -0.088568, 0.000010,0.000179
32 , Q ,-52387.529657 , -85177.882127, 0.631769,0.076034
32 , F ,-13.179716 , -13.973923, 0.000058,0.054108
32 , Y ,1.097551 , 0.023419, 0.000004,0.000205
32 , C ,1.037452 , -0.328764, 0.000000,0.000012
32 , N ,-16.024803 , -16.787106, 0.000070,0.067097
32 , K ,-18201.495155 , -20800.874445, 0.250000,0.088365
32 , D ,1.133810 , 0.334127, 0.000034,0.000247
33 , E ,-7935.249877 , -6714.592823, 0.297872,0.038439
33 , H ,1.037137 , -0.038576, 0.000004,0.000141
33 , Q ,-5753.308318 , -5090.555738, 0.621324,0.013595
33 , F ,0.551888 , 0.038921, 0.001174,0.000739
33 , Y ,1.078149 , 0.032875, 0.000005,0.000027
33 , C ,0.996704 , -0.312851, 0.000001,0.000033
33 , N ,1.031992 , 0.193531, 0.000031,0.000296
33 , K ,-8654.354167 , -8049.511373, 0.198020,0.034448
33 , D ,1.114391 , 0.325740, 0.000038,0.000182
34 , E ,-12674.435609 , -12434.583285, 0.367347,0.055689
34 , H ,0.743953 , -0.095165, 0.000056,0.000032
34 , Q ,-15221.616041 , -15684.684321, 0.604720,0.042072
34 , F ,0.582637 , 0.077052, 0.001156,0.000219
34 , Y ,1.163973 , 0.051582, 0.000003,0.000048
34 , C ,0.858060 , -0.354965, 0.000002,0.000034
34 , N ,-14.804980 , -15.580697, 0.000065,0.062392
34 , K ,-11107.256929 , -10488.874654, 0.243902,0.064490
34 , D ,-10.500448 , -11.271247, 0.000047,0.073435
35 , E ,-12379.182120 , -12283.666279, 0.401015,0.053853
35 , H ,0.907607 , -0.051758, 0.000015,0.000089
35 , Q ,-21546.030319 , -26527.747698, 0.651786,0.032246
35 , F ,0.601091 , 0.117623, 0.001286,0.000135
35 , Y ,-45.400537 , -46.111614, 0.000191,0.058887
35 , C ,0.906965 , -0.362988, 0.000001,0.000042
35 , N ,0.928157 , 0.143533, 0.000061,0.000195
35 , K ,-10574.051997 , -9969.752287, 0.206107,0.064643
35 , D ,1.202935 , 0.344436, 0.000018,0.000135
36 , E ,-3415.333901 , -2412.971882, 0.054393,0.033606
36 , H ,-1033.207475 , -640.328661, 0.024014,0.029039
36 , Q ,-7432.855291 , -5950.703677, 0.108055,0.043705
36 , F ,0.772080 , 0.544840, 0.003548,0.000349
36 , Y ,0.818309 , 0.664073, 0.004286,0.000500
36 , C ,0.866122 , 0.463966, 0.001024,0.000141
36 , N ,-1582.992455 , -1509.365229, 0.014970,0.027548
36 , K ,-3278.920255 , -2108.083923, 0.067164,0.036968
36 , D ,0.594090 , 0.586337, 0.016840,0.000229
37 , E ,-21215.758059 , -25208.496504, 0.407895,0.065227
37 , H ,-36.994994 , -37.728955, 0.000157,0.055519
37 , Q ,-22299.156669 , -27336.900751, 0.597015,0.042841
37 , F ,0.609045 , 0.074677, 0.000879,0.000261
37 , Y ,-25.898441 , -26.657380, 0.000110,0.059887
37 , C ,1.122163 , -0.274004, 0.000000,0.000074
37 , N ,-19.587308 , -20.341494, 0.000085,0.067336
37 , K ,-11309.889216 , -10892.743932, 0.277108,0.055064
37 , D ,1.361792 , 0.513016, 0.000013,0.001294
38 , E ,-1823.133292 , -1968.663000, 0.011561,0.034408
38 , H ,-1877.570970 , -1265.884125, 0.046823,0.026881
38 , Q ,0.938799 , 0.874756, 0.003815,0.000271
38 , F ,-3342.212613 , -2398.101039, 0.020906,0.036390
38 , Y ,-3672.134533 , -2677.975776, 0.041667,0.035127
38 , C ,-2147.631249 , -1735.596458, 0.013605,0.027219
38 , N ,-2734.144135 , -1948.805427, 0.040404,0.028646
38 , K ,0.601585 , 0.419295, 0.007886,0.000617
38 , D ,-3161.667840 , -2182.816384, 0.057895,0.028315
39 , E ,1.011173 , 0.901217, 0.002474,0.000416
39 , H ,-4184.116113 , -2836.484951, 0.073718,0.037445
39 , Q ,0.856900 , 0.587301, 0.002166,0.000590
39 , F ,-3202.208033 , -2236.174706, 0.061069,0.027995
39 , Y ,-4956.794143 , -3659.854429, 0.116438,0.028300
39 , C ,-3317.224696 , -2357.019432, 0.046729,0.028859
39 , N ,-4400.657764 , -3030.631007, 0.053521,0.039113
39 , K ,0.923536 , 0.787780, 0.003063,0.000293
39 , D ,-4058.486093 , -3068.056203, 0.063726,0.032838
40 , E ,-12079.354830 , -11994.585205, 0.436893,0.046627
40 , H ,-36.283263 , -37.021329, 0.000153,0.050912
40 , Q ,-8432.004154 , -7681.731180, 0.378947,0.039566
40 , F ,0.915832 , 0.199812, 0.000103,0.000287
40 , Y ,0.766532 , 0.093552, 0.000216,0.000387
40 , C ,0.944859 , 0.362597, 0.000265,0.000563
40 , N ,0.628214 , 0.030649, 0.000521,0.000155
40 , K ,-12003.344647 , -11762.203396, 0.319588,0.042884
40 , D ,0.946520 , 0.052104, 0.000024,0.000035
41 , E ,0.745850 , 0.148089, 0.000395,0.000967
41 , H ,-5834.301073 , -4271.906432, 0.112717,0.039960
41 , Q ,0.648711 , 0.134854, 0.000944,0.000798
41 , F ,-2626.187929 , -1698.159651, 0.044503,0.029596
41 , Y ,-7149.225504 , -5702.101570, 0.204082,0.036974
41 , C ,-6780.129387 , -5295.667067, 0.120930,0.039831
41 , N ,-5476.904191 , -4117.397435, 0.112532,0.030005
41 , K ,0.851774 , 0.228048, 0.000253,0.000310
41 , D ,-4013.454803 , -2673.966785, 0.038251,0.050927
42 , E ,0.632479 , 0.098908, 0.000845,0.001777
42 , H ,-7014.647082 , -5607.227255, 0.132597,0.049132
42 , Q ,-10.809112 , -11.622670, 0.000048,0.053039
42 , F ,-2791.719773 , -1740.829993, 0.050667,0.035288
42 , Y ,-8051.853843 , -6684.049017, 0.231608,0.048256
42 , C ,-7779.692489 , -6400.127580, 0.162037,0.052643
42 , N ,-6738.042788 , -5366.070493, 0.170984,0.048391
42 , K ,0.975961 , 0.197381, 0.000058,0.000314
42 , D ,-5366.971664 , -3988.595856, 0.068966,0.048801
43 , E ,0.839858 , 0.190657, 0.000216,0.002482
43 , H ,-6861.611893 , -5422.486498, 0.134921,0.049122
43 , Q ,-9.525238 , -10.356539, 0.000044,0.049688
43 , F ,-3012.382281 , -1968.965524, 0.065963,0.033962
43 , Y ,-11041.241999 , -10319.871872, 0.241470,0.062462
43 , C ,-10953.147304 , -10169.273492, 0.168591,0.071389
43 , N ,-6898.582691 , -5561.587341, 0.176923,0.050061
43 , K ,0.940262 , 0.215591, 0.000095,0.000470
43 , D ,-4499.236358 , -3226.385937, 0.065868,0.046775
44 , E ,0.935492 , 0.204101, 0.000094,0.000079
44 , H ,-7668.405703 , -6254.008768, 0.165312,0.048744
44 , Q ,0.694683 , 0.070776, 0.000362,0.000064
44 , F ,-3452.476922 , -2333.942947, 0.059299,0.029295
44 , Y ,-11891.034920 , -11302.303664, 0.219212,0.068434
44 , C ,-7029.607568 , -5700.776598, 0.184211,0.046185
44 , N ,-7070.577480 , -5728.578643, 0.192771,0.044800
44 , K ,0.994404 , 0.242736, 0.000069,0.000108
44 , D ,-4736.519027 , -3544.587348, 0.079268,0.035522
45 , E ,0.612131 , 0.124997, 0.001221,0.000249
45 , H ,-6605.634022 , -5237.667178, 0.129032,0.047340
45 , Q ,0.658530 , 0.154596, 0.000987,0.000602
45 , F ,-2323.046900 , -1473.344456, 0.039437,0.029731
45 , Y ,-8157.561158 , -6704.653599, 0.186667,0.050373
45 , C ,-6250.837822 , -4727.643969, 0.105651,0.050405
45 , N ,-5198.103909 , -3819.786698, 0.105405,0.037433
45 , K ,0.749627 , 0.192202, 0.000533,0.000525
45 , D ,-3721.718320 , -2487.057727, 0.049689,0.049603
46 , E ,0.552886 , 0.102099, 0.001858,0.000547
46 , H ,-7454.065134 , -6290.243406, 0.318991,0.036035
46 , Q ,0.387176 , 0.001370, 0.004411,0.000510
46 , F ,-2306.708314 , -1344.225067, 0.058917,0.034824
46 , Y ,-7045.299984 , -5774.140361, 0.282119,0.029090
46 , C ,-6588.320971 , -5161.879079, 0.161290,0.037712
46 , N ,-7089.193722 , -5647.025118, 0.201040,0.039567
46 , K ,0.442612 , 0.080502, 0.004486,0.000346
46 , D ,-4638.692396 , -3441.975018, 0.172840,0.030171
47 , E ,1.138002 , 0.441117, 0.000069,0.000030
47 , H ,-5824.381063 , -4458.127384, 0.104167,0.047177
47 , Q ,0.743180 , 0.169124, 0.000474,0.000206
47 , F ,-2469.171742 , -1791.328081, 0.041298,0.027884
47 , Y ,-6907.025771 , -5571.970694, 0.156716,0.046724
47 , C ,-6531.350119 , -5092.199794, 0.119565,0.040201
47 , N ,-4833.388508 , -3467.220676, 0.116402,0.035352
47 , K ,0.930031 , 0.297537, 0.000192,0.000057
47 , D ,-1976.442897 , -860.766564, 0.028986,0.040967
48 , E ,-6948.864999 , -7433.804867, 0.161290,0.049254
48 , H ,-0.065536 , 0.309936, 3.864303,0.022769
48 , Q ,-54228.206406 , -63746.169350, 0.160000,0.334400
48 , F ,0.808009 , 0.311552, 0.000814,0.000131
48 , Y ,-197.127784 , 174.360734, 0.200000,0.033889
48 , C ,1.937214 , 0.507508, 0.000000,0.014683
48 , N ,-0.531959 , -0.355507, 2.080428,0.002514
49 , E ,1.019545 , 0.616680, 0.000610,0.002009
49 , H ,-2860.746865 , -1780.822409, 0.034803,0.037429
49 , Q ,1.002502 , 0.763495, 0.001452,0.000453
49 , F ,0.990706 , 0.689612, 0.001142,0.000219
49 , Y ,-2752.167171 , -1718.796160, 0.037113,0.030349
49 , C ,-3894.746147 , -2779.664763, 0.076364,0.028093
49 , N ,-3150.917722 , -1965.254780, 0.081928,0.029157
49 , K ,0.767947 , 0.369572, 0.001428,0.000197
49 , D ,-1992.803980 , -1576.298879, 0.019608,0.034439
50 , E ,0.648792 , 0.374556, 0.004288,0.000537
50 , H ,-3028.128233 , -2145.926015, 0.046053,0.034687
50 , Q ,0.670187 , 0.575477, 0.009644,0.002084
50 , F ,-2154.530714 , -1256.645131, 0.031447,0.047249
50 , Y ,-3214.095138 , -2161.973226, 0.110429,0.041260
50 , C ,-4264.286701 , -2952.851235, 0.053435,0.048569
50 , N ,-2444.439220 , -1681.265769, 0.028409,0.038178
50 , K ,1.026044 , 0.862237, 0.001861,0.000653
50 , D ,-3230.452202 , -2057.051215, 0.033784,0.049317
51 , E ,0.699570 , 0.518015, 0.005733,0.000606
51 , H ,-1588.339618 , -1065.672463, 0.027223,0.028843
51 , Q ,0.792083 , 0.681682, 0.005619,0.000343
51 , F ,-1916.674650 , -1391.402358, 0.014463,0.028599
51 , Y ,-4004.330671 , -2839.715219, 0.072391,0.028704
51 , C ,-3354.781081 , -2376.352108, 0.027961,0.035980
51 , N ,-2549.729452 , -2177.595566, 0.024390,0.026754
51 , K ,0.827663 , 0.713108, 0.004824,0.000179
51 , D ,-2729.312687 , -1903.967856, 0.036269,0.027844
52 , E ,0.661059 , 0.951536, 0.032315,0.001361
52 , H ,0.507509 , 0.417914, 0.019692,0.001126
52 , Q ,-6225.309494 , -4986.496096, 0.020408,0.052686
52 , F ,0.877716 , 0.726758, 0.003545,0.001425
52 , Y ,0.466290 , 0.396691, 0.022366,0.001645
52 , C ,-2124.068941 , -752.051688, 0.037037,0.061728
52 , N ,1.053883 , 0.814745, 0.001258,0.004606
52 , K ,1.791837 , 1.877824, 0.000201,0.003510
52 , D ,0.627070 , 0.391146, 0.006174,0.004596
53 , E ,-3621.806953 , -2538.754462, 0.035294,0.031155
53 , H ,1.033675 , 0.643760, 0.000622,0.000053
53 , Q ,-5983.120713 , -4413.056406, 0.092191,0.041123
53 , F ,0.588002 , 0.531419, 0.014100,0.000326
53 , Y ,0.943424 , 0.715295, 0.001919,0.000137
53 , C ,0.857636 , 0.898165, 0.007595,0.000246
53 , N ,0.616415 , 0.429131, 0.007273,0.000335
53 , K ,-3714.350472 , -3039.954966, 0.036437,0.026095
53 , D ,0.890747 , 0.498378, 0.001013,0.000087
54 , E ,-6289.176792 , -5081.401916, 0.060606,0.050275
54 , H ,1.260281 , 0.507475, 0.000034,0.002673
54 , Q ,-5831.084473 , -4202.348478, 0.089286,0.080251
54 , F ,0.623347 , 0.258671, 0.002814,0.006797
54 , Y ,0.994779 , 0.489758, 0.000377,0.000710
54 , C ,1.056549 , 0.559471, 0.000332,0.002328
54 , N ,-18.258665 , -19.005466, 0.000081,0.053169
54 , K ,-6553.149141 , -5040.605186, 0.048780,0.077533
54 , D ,0.189699 , 0.047990, 0.045542,0.003192
55 , E ,0.690180 , 0.828603, 0.018450,0.000349
55 , H ,-615.354625 , -388.148213, 0.017857,0.032149
55 , Q ,0.832738 , 0.850307, 0.007739,0.000347
55 , F ,0.978896 , 1.006288, 0.004623,0.000360
55 , Y ,1.080271 , 1.136274, 0.003405,0.000198
55 , C ,-1084.875350 , -801.605032, 0.033113,0.029334
55 , N ,0.781846 , 0.735260, 0.007378,0.000578
55 , K ,-1038.736698 , -598.975014, 0.018433,0.030839
55 , D ,1.024290 , 0.966574, 0.002852,0.000317
56 , E ,0.910835 , 0.588995, 0.001393,0.000272
56 , H ,0.882951 , 0.690121, 0.002835,0.000070
56 , Q ,0.787389 , 0.603071, 0.004157,0.000122
56 , F ,-4755.982454 , -3422.611479, 0.095595,0.029824
56 , Y ,0.820001 , 0.810411, 0.007343,0.000188
56 , C ,1.010347 , 0.954649, 0.003030,0.000048
56 , N ,-1125.841385 , -1071.715820, 0.016740,0.028059
56 , K ,0.800596 , 0.385249, 0.001176,0.000238
56 , D ,0.717830 , 0.560847, 0.006031,0.000168
57 , E ,0.741456 , 0.537131, 0.004368,0.001091
57 , H ,-2424.825921 , -2204.241156, 0.036184,0.025841
57 , Q ,0.754641 , 0.612268, 0.005612,0.000082
57 , F ,0.890562 , 0.726817, 0.003053,0.000264
57 , Y ,-2437.453684 , -1746.832873, 0.041543,0.027817
57 , C ,-2572.128826 , -1924.096955, 0.024540,0.034969
57 , N ,-1655.843802 , -1328.545410, 0.026820,0.034721
57 , K ,0.694387 , 0.537333, 0.006338,0.000391
57 , D ,0.770465 , 0.564384, 0.004032,0.000226
58 , E ,0.542697 , 0.454900, 0.014830,0.000541
58 , H ,-2428.632186 , -2226.994422, 0.027523,0.026778
58 , Q ,0.521121 , 0.422422, 0.015366,0.000385
58 , F ,0.897959 , 0.682392, 0.002365,0.000563
58 , Y ,-1905.155708 , -1716.812637, 0.023810,0.026366
58 , C ,-2800.186605 , -2136.540922, 0.046012,0.026332
58 , N ,-2904.812886 , -2884.300906, 0.016878,0.025782
58 , K ,0.670355 , 0.630843, 0.011587,0.000222
58 , D ,0.577977 , 0.396335, 0.008679,0.000258
59 , E ,0.538331 , 0.354191, 0.009823,0.000324
59 , H ,-3929.834667 , -2780.099569, 0.091052,0.027905
59 , Q ,0.586119 , 0.370395, 0.007069,0.000095
59 , F ,-3904.612176 , -2802.965889, 0.077064,0.033873
59 , Y ,-4582.449516 , -3321.165174, 0.121875,0.033375
59 , C ,-1789.090312 , -991.093203, 0.032986,0.036255
59 , N ,-4367.190913 , -3131.046073, 0.079523,0.035315
59 , K ,0.693698 , 0.269799, 0.001504,0.000509
59 , D ,-2944.404708 , -1910.640693, 0.054662,0.028577
60 , E ,0.617965 , 0.436850, 0.007561,0.000214
60 , H ,-3807.177837 , -2680.719716, 0.111782,0.026444
60 , Q ,0.574429 , 0.333530, 0.006417,0.000230
60 , F ,-3827.735249 , -2777.661810, 0.078729,0.033143
60 , Y ,-4457.166325 , -3201.495356, 0.114194,0.027611
60 , C ,-2100.781213 , -1341.267205, 0.031646,0.029579
60 , N ,-4069.897583 , -2949.733416, 0.052917,0.035397
60 , K ,0.793111 , 0.339962, 0.000942,0.000089
60 , D ,-4170.890577 , -3088.728149, 0.053922,0.028807
61 , E ,0.764494 , 0.578775, 0.004452,0.000092
61 , H ,-3603.113526 , -2588.210004, 0.081471,0.027106
61 , Q ,0.640764 , 0.450423, 0.006692,0.000045
61 , F ,-3677.207877 , -2757.732824, 0.079137,0.031775
61 , Y ,-4254.856090 , -2944.971677, 0.083520,0.030235
61 , C ,-1940.125468 , -1283.751911, 0.028086,0.029087
61 , N ,-4033.222517 , -2833.421899, 0.048374,0.030400
61 , K ,0.630669 , 0.320338, 0.003703,0.000199
61 , D ,-3341.931584 , -2324.189708, 0.034330,0.029632
62 , E ,0.716674 , 0.515642, 0.004928,0.000085
62 , H ,-3710.609614 , -2607.731943, 0.080189,0.028056
62 , Q ,0.605843 , 0.394673, 0.006803,0.000079
62 , F ,-3571.203398 , -2558.307063, 0.083877,0.026907
62 , Y ,-4492.793825 , -3202.490020, 0.085557,0.035906
62 , C ,-1970.839426 , -1305.370074, 0.028617,0.029106
62 , N ,-3598.701990 , -2494.791118, 0.056401,0.029262
62 , K ,0.652761 , 0.328154, 0.003185,0.000222
62 , D ,-3622.252859 , -2576.051441, 0.029714,0.030176
63 , E ,0.732248 , 0.538444, 0.004834,0.000131
63 , H ,-3829.558468 , -2725.032838, 0.082605,0.027907
63 , Q ,0.604762 , 0.395283, 0.006899,0.000055
63 , F ,-3789.945921 , -2830.543827, 0.082534,0.026578
63 , Y ,-4513.044014 , -3221.078886, 0.089213,0.035844
63 , C ,-2048.248991 , -1401.742972, 0.026025,0.029077
63 , N ,-3560.852967 , -2387.365990, 0.052246,0.030396
63 , K ,0.636799 , 0.325220, 0.003612,0.000231
63 , D ,-3313.844802 , -2314.203587, 0.031963,0.029739
64 , E ,0.699071 , 0.502292, 0.005358,0.000146
64 , H ,-3642.253742 , -2524.163350, 0.083269,0.027839
64 , Q ,0.705747 , 0.467443, 0.004241,0.000052
64 , F ,-3658.155990 , -2606.546524, 0.080739,0.033035
64 , Y ,-4589.297540 , -3294.892880, 0.084732,0.036128
64 , C ,-2005.562174 , -1241.249587, 0.026877,0.029833
64 , N ,-3703.484295 , -2517.337129, 0.056007,0.030096
64 , K ,0.633360 , 0.327461, 0.003764,0.000270
64 , D ,-3701.742716 , -2677.888675, 0.036697,0.029450
65 , E ,0.759479 , 0.570308, 0.004484,0.000188
65 , H ,-3842.808789 , -2743.464555, 0.074722,0.028284
65 , Q ,0.608134 , 0.407390, 0.007140,0.000199
65 , F ,-3624.337474 , -2695.107646, 0.077505,0.026449
65 , Y ,-4553.969481 , -3300.484692, 0.094174,0.029024
65 , C ,-2174.509722 , -1422.522049, 0.030830,0.029192
65 , N ,-3542.193691 , -2462.905853, 0.055005,0.035089
65 , K ,0.629516 , 0.322151, 0.003783,0.000205
65 , D ,-3321.027889 , -2288.184234, 0.034091,0.029639
66 , E ,0.832876 , 0.632592, 0.003256,0.000128
66 , H ,-3299.625098 , -2257.066263, 0.076541,0.027841
66 , Q ,0.665667 , 0.443021, 0.005246,0.000116
66 , F ,-3394.643591 , -2539.318606, 0.066318,0.026694
66 , Y ,-4307.098623 , -3102.687101, 0.082651,0.035020
66 , C ,-1877.052365 , -1139.752897, 0.031956,0.029411
66 , N ,-3960.395961 , -2850.584523, 0.051095,0.035135
66 , K ,0.720360 , 0.356366, 0.002046,0.000132
66 , D ,-3453.378273 , -2411.637682, 0.031217,0.030027
67 , E ,0.757425 , 0.573005, 0.004597,0.000049
67 , H ,-3523.621076 , -2481.418782, 0.074738,0.027792
67 , Q ,0.675785 , 0.466066, 0.005423,0.000103
67 , F ,-3210.591116 , -2255.639391, 0.076097,0.032561
67 , Y ,-4461.032999 , -3164.420704, 0.075228,0.030403
67 , C ,-2045.750622 , -1279.628604, 0.029326,0.029903
67 , N ,-3309.243093 , -2241.376799, 0.052321,0.035161
67 , K ,0.657426 , 0.320271, 0.002905,0.000094
67 , D ,-3296.097440 , -2300.154428, 0.026261,0.029734
68 , E ,0.710016 , 0.531955, 0.005570,0.000115
68 , H ,-3821.070325 , -2809.501031, 0.068841,0.027692
68 , Q ,0.601025 , 0.405991, 0.007480,0.000065
68 , F ,-3314.502555 , -2433.633092, 0.074692,0.026400
68 , Y ,-4257.413052 , -2973.973695, 0.077209,0.030141
68 , C ,-1619.863303 , -883.595219, 0.029680,0.029943
68 , N ,-3878.214220 , -2739.171815, 0.043189,0.030127
68 , K ,0.654372 , 0.340895, 0.003371,0.000165
68 , D ,-3387.757783 , -2356.477975, 0.033632,0.029895
69 , E ,0.743594 , 0.446740, 0.002754,0.000192
69 , H ,-2894.720930 , -1932.574056, 0.043478,0.029522
69 , Q ,0.629489 , 0.211174, 0.001907,0.000313
69 , F ,-7488.066843 , -6359.091768, 0.307517,0.039495
69 , Y ,-6376.684781 , -4919.228677, 0.154827,0.037478
69 , C ,-7135.381021 , -5763.861194, 0.174957,0.045043
69 , N ,-7040.479466 , -5776.528632, 0.186004,0.042785
69 , K ,1.022986 , 0.477818, 0.000265,0.000173
69 , D ,-5145.663362 , -3761.196373, 0.084444,0.038202
70 , E ,-8794.334484 , -7776.501318, 0.335938,0.047600
70 , H ,0.876654 , 0.137774, 0.000099,0.000050
70 , Q ,-8785.022776 , -7921.713196, 0.366906,0.045144
70 , F ,0.777373 , 0.039032, 0.000123,0.000025
70 , Y ,-25.172440 , -25.932553, 0.000108,0.056452
70 , C ,0.921538 , 0.378322, 0.000365,0.000721
70 , N ,0.914345 , 0.293225, 0.000218,0.000056
70 , K ,-12092.602912 , -11627.321420, 0.248276,0.066445
70 , D ,0.885309 , 0.178756, 0.000126,0.000176
71 , E ,-8490.481774 , -8749.488301, 0.416667,0.065972
71 , C ,2.245407 , 0.415357, 0.000000,0.081161
72 , E ,-7340.672426 , -6083.833752, 0.305825,0.035609
72 , H ,0.982876 , 0.159727, 0.000041,0.000245
72 , Q ,-12283.350891 , -12032.154106, 0.357741,0.058669
72 , F ,0.998403 , 0.133861, 0.000028,0.000021
72 , Y ,0.951459 , 0.112773, 0.000038,0.000219
72 , C ,0.997214 , 0.436511, 0.000257,0.000350
72 , N ,0.979435 , 0.263579, 0.000092,0.000095
72 , K ,-8623.549092 , -7605.079733, 0.243456,0.048321
72 , D ,1.002026 , 0.218357, 0.000053,0.000170
73 , E ,-2744.546865 , -2010.138674, 0.028169,0.036461
73 , H ,0.515976 , 0.583836, 0.029008,0.001380
73 , Q ,0.977325 , 0.964465, 0.004053,0.000149
73 , F ,0.627890 , 0.515433, 0.010046,0.000380
73 , Y ,-2287.718469 , -1745.340253, 0.029586,0.033430
73 , C ,-2116.594658 , -2070.023093, 0.015674,0.026192
73 , N ,-2539.920557 , -2407.376292, 0.014286,0.033265
73 , K ,0.500774 , 0.518916, 0.025987,0.003866
73 , D ,0.750914 , 0.913081, 0.016207,0.000373
74 , E ,-2939.931567 , -2107.280245, 0.090164,0.031134
74 , H ,0.584148 , 0.581271, 0.018139,0.000382
74 , Q ,-1929.173459 , -1647.167737, 0.037175,0.031793
74 , F ,0.800059 , 0.598508, 0.003632,0.000382
74 , Y ,-1599.312579 , -1382.779891, 0.024510,0.027606
74 , C ,0.545676 , 0.467220, 0.015297,0.000083
74 , N ,0.593194 , 0.624370, 0.019094,0.001158
74 , K ,-1762.949326 , -1606.889776, 0.031250,0.034863
74 , D ,0.262870 , 0.230537, 0.046292,0.001402
75 , E ,-25013.259906 , -29949.103170, 0.362205,0.085591
75 , H ,0.657952 , 0.035843, 0.000406,0.000676
75 , Q ,-12305.015292 , -11975.151648, 0.350427,0.054862
75 , F ,1.653509 , 0.364460, 0.000000,0.000951
75 , Y ,1.373395 , 0.181550, 0.000001,0.001276
75 , C ,-33.639326 , -34.368225, 0.000143,0.060275
75 , N ,0.908224 , 0.206211, 0.000125,0.001853
75 , K ,-10963.839573 , -10199.782590, 0.200000,0.064132
75 , D ,1.126574 , 0.236318, 0.000017,0.000187
76 , E ,-11489.898342 , -11236.471569, 0.336283,0.058031
76 , H ,0.761991 , 0.036327, 0.000143,0.000415
76 , Q ,-12970.205246 , -12889.042536, 0.367965,0.060519
76 , F ,1.311746 , 0.314856, 0.000005,0.000936
76 , Y ,0.545559 , -0.024775, 0.000778,0.000467
76 , C ,-30.250168 , -30.981440, 0.000128,0.066990
76 , N ,1.352422 , 0.423134, 0.000007,0.000039
76 , K ,-16857.596726 , -18065.526485, 0.202532,0.104871
76 , D ,0.763432 , 0.093241, 0.000223,0.000061
77 , E ,-7137.244102 , -5995.384827, 0.349206,0.031053
77 , H ,1.042044 , 0.072038, 0.000011,0.000045
77 , Q ,-0.076145 , 0.853162, 0.405128,0.000093
77 , F ,-12.303624 , -13.084723, 0.000055,0.066875
77 , Y ,0.950237 , 0.027460, 0.000019,0.000084
77 , C ,1.047598 , 0.126262, 0.000016,0.000205
77 , N ,-16.135476 , -16.869865, 0.000071,0.077967
77 , K ,-12256.893315 , -13042.715861, 0.210000,0.085950
77 , D ,1.018163 , 0.210231, 0.000043,0.000401
78 , E ,-11702.819222 , -11217.387924, 0.296296,0.058509
78 , H ,0.627678 , 0.011947, 0.000456,0.000638
78 , Q ,-13333.977191 , -12999.817817, 0.312500,0.064079
78 , F ,1.709671 , 0.370766, 0.000000,0.000455
78 , Y ,-38.578898 , -39.300052, 0.000163,0.058328
78 , C ,-27.912154 , -28.664915, 0.000119,0.054595
78 , N ,1.352091 , 0.324407, 0.000003,0.000146
78 , K ,-10486.574486 , -9657.517748, 0.208791,0.062714
78 , D ,-14.796813 , -15.587973, 0.000065,0.058572
79 , E ,-23395.880683 , -27483.295831, 0.277778,0.102966
79 , H ,0.970478 , 0.129214, 0.000036,0.000153
79 , Q ,-12441.276477 , -12279.913334, 0.378261,0.053743
79 , F ,-14.793061 , -15.538389, 0.000065,0.080381
79 , Y ,0.987371 , 0.149529, 0.000036,0.000041
79 , C ,0.905611 , 0.043715, 0.000035,0.000816
79 , N ,1.338630 , 0.316958, 0.000004,0.000795
79 , K ,-21389.298759 , -24519.268285, 0.117647,0.123222
79 , D ,0.557358 , 0.029190, 0.001063,0.000031
80 , E ,-24960.296299 , -29794.290793, 0.288288,0.107012
80 , H ,0.821975 , 0.048231, 0.000085,0.000147
80 , Q ,-25588.413212 , -30605.768217, 0.390698,0.086609
80 , F ,2.122556 , 0.435589, 0.000000,0.003810
80 , Y ,-18.463012 , -19.254168, 0.000080,0.049084
80 , C ,1.012781 , 0.135638, 0.000025,0.000022
80 , N ,0.931229 , 0.311311, 0.000213,0.000842
80 , K ,-9524.609153 , -9124.081463, 0.111111,0.054321
80 , D ,0.475897 , -0.000175, 0.001915,0.001351
81 , E ,-23787.872994 , -27736.576978, 0.290780,0.098939
81 , H ,0.679162 , 0.032383, 0.000316,0.000126
81 , Q ,-25267.469174 , -30203.016787, 0.385892,0.084176
81 , F ,1.359540 , 0.320464, 0.000003,0.000363
81 , Y ,-25.376200 , -26.138330, 0.000109,0.050024
81 , C ,1.222227 , 0.118710, 0.000003,0.000414
81 , N ,1.135406 , 0.322346, 0.000031,0.000826
81 , K ,-8276.576765 , -6671.011246, 0.195876,0.068658
81 , D ,1.064350 , 0.255355, 0.000038,0.000052
82 , E ,-23540.166391 , -27636.754826, 0.295082,0.098025
82 , H ,0.866867 , 0.055064, 0.000056,0.000010
82 , Q ,-12919.823344 , -12692.268028, 0.320158,0.064928
82 , F ,1.753601 , 0.396672, 0.000000,0.000551
82 , Y ,0.879208 , 0.101278, 0.000073,0.000449
82 , C ,-22.618310 , -23.374890, 0.000097,0.060882
82 , N ,1.166826 , 0.312227, 0.000021,0.000448
82 , K ,-8032.489566 , -6167.507528, 0.163462,0.071407
82 , D ,1.071550 , 0.241326, 0.000031,0.001365
83 , E ,-23462.738950 , -27265.215847, 0.262774,0.103016
83 , H ,0.546461 , -0.044983, 0.000651,0.000496
83 , Q ,-25583.261669 , -30368.250842, 0.336323,0.094331
83 , F ,-14.764851 , -15.511914, 0.000065,0.081517
83 , Y ,1.062549 , 0.077782, 0.000009,0.000153
83 , C ,-21.636060 , -22.393820, 0.000093,0.066182
83 , N ,1.124340 , 0.355349, 0.000044,0.004148
83 , K ,-14836.743829 , -16647.596103, 0.266667,0.082044
83 , D ,-18.836090 , -19.578715, 0.000081,0.078541
84 , E ,-20864.046202 , -24085.365557, 0.313043,0.082684
84 , H ,0.796028 , 0.068470, 0.000131,0.000429
84 , Q ,-26107.280462 , -31156.615574, 0.343612,0.093899
84 , F ,1.350655 , 0.306385, 0.000003,0.000408
84 , Y ,0.799337 , 0.056945, 0.000115,0.000015
84 , C ,-26.436648 , -27.180506, 0.000113,0.065219
84 , N ,0.842242 , 0.188703, 0.000210,0.000533
84 , K ,-7208.240249 , -5893.470222, 0.173469,0.048756
84 , D ,-15.057351 , -15.843862, 0.000066,0.056824
85 , E ,-11879.542434 , -11664.418731, 0.341772,0.057576
85 , H ,0.852925 , 0.117864, 0.000109,0.002582
85 , Q ,-9407.683871 , -8469.842204, 0.231293,0.053415
85 , F ,0.800953 , 0.061861, 0.000116,0.000413
85 , Y ,0.525681 , -0.087735, 0.000566,0.000285
85 , C ,-32.700584 , -33.428019, 0.000138,0.063281
85 , N ,0.959230 , 0.174927, 0.000056,0.000346
85 , K ,-12048.757227 , -10175.060236, 0.259259,0.089163
85 , D ,0.653819 , 0.006637, 0.000334,0.000071
86 , E ,-22594.415469 , -27076.102355, 0.328125,0.086060
86 , H ,0.671879 , 0.035884, 0.000354,0.000365
86 , Q ,-24586.936709 , -29012.528785, 0.324000,0.093240
86 , F ,1.680752 , 0.379771, 0.000000,0.001809
86 , Y ,0.803755 , 0.025758, 0.000085,0.000037
86 , C ,0.933034 , 0.083175, 0.000037,0.000206
86 , N ,1.080110 , 0.301540, 0.000046,0.000812
86 , K ,-16625.161654 , -17828.719837, 0.188119,0.106362
86 , D ,0.952936 , 0.200659, 0.000077,0.000228
87 , E ,-12556.971788 , -12219.429931, 0.323077,0.059763
87 , H ,0.784790 , 0.056234, 0.000133,0.000354
87 , Q ,-24657.380626 , -29276.069326, 0.329218,0.093727
87 , F ,-18.201167 , -18.947500, 0.000079,0.078549
87 , Y ,0.626909 , -0.005646, 0.000399,0.000092
87 , C ,-33.373588 , -34.095359, 0.000142,0.068424
87 , N ,1.217841 , 0.359962, 0.000018,0.001221
87 , K ,-8396.935535 , -6619.094875, 0.183486,0.052752
87 , D ,-10.820286 , -11.613672, 0.000048,0.063562
88 , E ,-12067.389106 , -11699.015034, 0.291667,0.062245
88 , H ,0.683827 , 0.026990, 0.000291,0.000359
88 , Q ,-12340.135850 , -12126.202664, 0.384259,0.051662
88 , F ,1.726690 , 0.328381, 0.000000,0.000941
88 , Y ,-15.679635 , -16.465536, 0.000068,0.063770
88 , C ,-20.683895 , -21.454663, 0.000089,0.056038
88 , N ,0.812212 , 0.124044, 0.000171,0.001131
88 , K ,-8471.836123 , -6893.132959, 0.179775,0.076632
88 , D ,1.061246 , 0.183010, 0.000022,0.000735
89 , E ,-22487.045431 , -26477.940746, 0.341085,0.085061
89 , H ,0.755807 , 0.055212, 0.000177,0.000628
89 , Q ,-12587.826119 , -12385.112536, 0.359184,0.057993
89 , F ,1.689993 , 0.348200, 0.000000,0.001816
89 , Y ,0.804296 , 0.034921, 0.000092,0.000010
89 , C ,-24.861466 , -25.603660, 0.000106,0.069559
89 , N ,1.208892 , 0.366868, 0.000021,0.000030
89 , K ,-20065.832631 , -22715.202917, 0.175824,0.109830
89 , D ,0.951785 , 0.203923, 0.000079,0.000301
90 , E ,-2338.648870 , -1742.313076, 0.020202,0.029062
90 , H ,-2626.461357 , -2417.847993, 0.011719,0.025790
90 , Q ,0.954648 , 0.984451, 0.005049,0.000669
90 , F ,0.784009 , 0.637530, 0.005006,0.000750
90 , Y ,-2997.279118 , -2485.334354, 0.014851,0.028808
90 , C ,0.666100 , 0.654901, 0.012866,0.000027
90 , N ,0.633303 , 0.676534, 0.017547,0.001516
90 , K ,0.854440 , 0.902280, 0.008161,0.000621
90 , D ,2.018499 , 1.868581, 0.000032,0.012040
91 , E ,-27718.101226 , -33067.380997, 0.232558,0.137507
91 , H ,0.951133 , 0.032260, 0.000020,0.000056
91 , Q ,-11811.596677 , -11528.579293, 0.337662,0.058313
91 , F ,1.207634 , 0.233380, 0.000008,0.000003
91 , Y ,0.751697 , -0.029598, 0.000091,0.000101
91 , C ,0.545030 , -0.040848, 0.000689,0.001030
91 , N ,1.113550 , 0.358998, 0.000050,0.001100
91 , K ,-18765.028840 , -21497.493044, 0.257143,0.087347
91 , D ,1.091886 , 0.280688, 0.000036,0.000843
92 , E ,-2688.248791 , -1965.202975, 0.049180,0.034184
92 , H ,-1291.717086 , -935.517265, 0.020000,0.029432
92 , Q ,0.761158 , 0.744801, 0.008920,0.000572
92 , F ,0.804915 , 0.721588, 0.005917,0.000303
92 , Y ,-1597.405900 , -1195.358319, 0.015789,0.029571
92 , C ,-1951.799674 , -1854.377828, 0.029801,0.025604
92 , N ,0.913674 , 0.885057, 0.004835,0.000228
92 , K ,1.051362 , 1.192368, 0.004925,0.000255
92 , D ,-1422.161877 , -1003.067363, 0.015267,0.028757
93 , E ,-2255.352703 , -1623.954699, 0.012821,0.043491
93 , H ,0.565882 , 0.547525, 0.018326,0.000715
93 , Q ,0.641034 , 0.771119, 0.022880,0.000282
93 , F ,0.985572 , 0.868423, 0.002671,0.000514
93 , Y ,-1224.162514 , -1024.448185, 0.023121,0.027938
93 , C ,0.683347 , 0.617752, 0.010106,0.000877
93 , N ,0.577323 , 0.595873, 0.019814,0.000438
93 , K ,0.707163 , 0.595505, 0.007704,0.000958
93 , D ,0.880171 , 0.887999, 0.006236,0.000421
94 , E ,-8733.962343 , -7950.133616, 0.232258,0.054069
94 , H ,1.080145 , 0.359002, 0.000069,0.000651
94 , Q ,-4805.711583 , -3328.395518, 0.094488,0.048414
94 , F ,-11.622521 , -12.402267, 0.000052,0.063703
94 , Y ,0.893574 , 0.386429, 0.000495,0.000142
94 , C ,0.825962 , 0.344596, 0.000712,0.000196
94 , N ,1.198887 , 0.692359, 0.000183,0.002277
94 , K ,-18326.850016 , -19542.745193, 0.105263,0.135888
94 , D ,0.852484 , 0.247098, 0.000282,0.000654
95 , E ,-7426.646305 , -6110.642251, 0.153005,0.048785
95 , H ,0.698823 , 0.247866, 0.001259,0.000290
95 , Q ,-5765.687244 , -4272.352392, 0.102119,0.038821
95 , F ,0.852444 , 0.305350, 0.000434,0.000375
95 , Y ,0.485809 , 0.288009, 0.010770,0.001237
95 , C ,0.891067 , 0.428573, 0.000661,0.000049
95 , N ,0.835123 , 0.589573, 0.002593,0.001258
95 , K ,-6982.788169 , -5720.282378, 0.125000,0.035523
95 , D ,0.585348 , 0.259698, 0.003792,0.000194
96 , E ,-7637.809108 , -6325.975235, 0.164021,0.048711
96 , H ,0.642692 , 0.248887, 0.002147,0.000161
96 , Q ,-5796.154999 , -4445.608487, 0.082192,0.047731
96 , F ,0.855823 , 0.332266, 0.000504,0.000429
96 , Y ,0.494022 , 0.278852, 0.009521,0.000794
96 , C ,0.796154 , 0.391224, 0.001265,0.000127
96 , N ,0.776272 , 0.516337, 0.003004,0.000277
96 , K ,-5675.685125 , -4653.817478, 0.115789,0.030981
96 , D ,0.543587 , 0.243156, 0.004996,0.000498
97 , E ,-5511.129266 , -4142.098874, 0.118812,0.035859
97 , H ,0.899129 , 0.344644, 0.000348,0.000124
97 , Q ,-5586.592476 , -4228.108124, 0.082160,0.031302
97 , F ,0.823906 , 0.337072, 0.000694,0.000361
97 , Y ,0.634646 , 0.381013, 0.004995,0.000335
97 , C ,0.948694 , 0.533674, 0.000717,0.000174
97 , N ,0.589086 , 0.362807, 0.006693,0.000632
97 , K ,-5483.463503 , -4364.812350, 0.081250,0.029264
97 , D ,0.535551 , 0.281049, 0.006706,0.000636
98 , E ,-5129.639819 , -3808.716205, 0.104072,0.035184
98 , H ,0.942641 , 0.385495, 0.000301,0.000125
98 , Q ,-4944.715203 , -3681.297619, 0.073826,0.029920
98 , F ,0.787273 , 0.332181, 0.000946,0.000708
98 , Y ,0.627155 , 0.394337, 0.005720,0.000148
98 , C ,0.958343 , 0.535952, 0.000663,0.000126
98 , N ,0.532586 , 0.370452, 0.011136,0.001228
98 , K ,-4726.013874 , -3620.322722, 0.079096,0.029009
98 , D ,0.512968 , 0.269195, 0.007654,0.000325
99 , E ,-12427.685637 , -11973.808000, 0.258065,0.068255
99 , H ,0.696713 , -0.011331, 0.000185,0.000096
99 , Q ,-8595.275644 , -7859.624634, 0.351485,0.054366
99 , F ,-14.383214 , -15.129181, 0.000063,0.083242
99 , Y ,0.623093 , 0.069898, 0.000759,0.000173
99 , C ,-45.194734 , -45.899687, 0.000190,0.060876
99 , N ,-10.475007 , -11.254874, 0.000047,0.063786
99 , K ,-48586.633276 , -72520.112373, 0.127660,0.298325
99 , D ,0.988426 , 0.295797, 0.000109,0.000256
100 , E ,-12557.684657 , -12427.324661, 0.274725,0.068510
100 , H ,1.058062 , 0.090236, 0.000011,0.000032
100 , Q ,-7768.099926 , -6740.636207, 0.389558,0.034467
100 , F ,-15.978084 , -16.718141, 0.000070,0.083707
100 , Y ,0.667043 , 0.029608, 0.000351,0.000589
100 , C ,-16.666412 , -17.458052, 0.000072,0.054620
100 , N ,1.413875 , 0.390691, 0.000003,0.000887
100 , K ,-50589.514566 , -80496.945880, 0.189189,0.238130
100 , D ,0.928718 , 0.271714, 0.000165,0.000852
101 , E ,-9464.083380 , -8149.866133, 0.233333,0.075597
101 , H ,-15.588845 , -16.346047, 0.000068,0.069480
101 , Q ,-12863.218597 , -12620.530040, 0.306513,0.066074
101 , F ,0.907470 , 0.067615, 0.000042,0.000027
101 , Y ,-10.935668 , -11.731606, 0.000049,0.067008
101 , C ,0.829958 , 0.363969, 0.000793,0.000599
101 , N ,0.638867 , 0.222876, 0.001880,0.000687
101 , K ,-19042.454430 , -21157.124682, 0.125000,0.128038
101 , D ,0.998397 , 0.255993, 0.000072,0.000139
102 , E ,-52901.714074 , -84859.490475, 0.300000,0.178889
102 , H ,0.457488 , 0.011679, 0.002462,0.000771
102 , Q ,-16680.379961 , -16845.135636, 0.396825,0.075838
102 , F ,0.235894 , -0.119360, 0.008218,0.002556
102 , Y ,3.211055 , 1.577383, 0.000000,0.000482
102 , C ,1.366190 , 0.580055, 0.000019,0.000590
102 , N ,1.889143 , 0.943031, 0.000001,0.001024
102 , K ,-9325.162729 , -9838.945231, 0.272727,0.082645
102 , D ,1.936606 , 0.501493, 0.000000,0.001501
103 , E ,-3234.084137 , -2580.508672, 0.091743,0.023581
103 , H ,-5420.806041 , -5399.034146, 0.030405,0.021155
103 , Q ,-2078.190477 , -1704.521939, 0.067797,0.023497
103 , F ,0.550372 , 0.485733, 0.015734,0.000494
103 , Y ,-3802.629223 , -2952.474368, 0.043478,0.026286
103 , C ,-4531.327358 , -4517.396651, 0.042184,0.021524
103 , N ,-4437.415365 , -4274.002183, 0.050000,0.020694
103 , K ,0.478810 , 0.460760, 0.024556,0.003815
103 , D ,-2720.815387 , -2393.785320, 0.020979,0.022642
104 , E ,-3677.419884 , -2908.465532, 0.054264,0.026140
104 , H ,-5099.979698 , -5089.430045, 0.031447,0.020763
104 , Q ,-2381.942968 , -2037.440434, 0.039474,0.024909
104 , F ,0.537487 , 0.430057, 0.013915,0.000550
104 , Y ,-3678.818246 , -2994.310151, 0.036036,0.026168
104 , C ,0.230562 , 0.193059, 0.050125,0.000755
104 , N ,-3662.736468 , -3198.370488, 0.050847,0.023269
104 , K ,0.634700 , 0.603386, 0.013531,0.001413
104 , D ,0.289109 , 0.300723, 0.049914,0.002319
105 , E ,-2868.504148 , -2140.498209, 0.037383,0.027382
105 , H ,-4772.603948 , -4649.708312, 0.042553,0.020941
105 , Q ,-2019.083033 , -1690.016119, 0.062069,0.023924
105 , F ,0.637258 , 0.582596, 0.011910,0.001301
105 , Y ,-3741.487933 , -2873.209156, 0.053140,0.025415
105 , C ,-3853.032198 , -3819.367765, 0.042289,0.020902
105 , N ,-3972.419718 , -3532.313644, 0.047619,0.023341
105 , K ,0.556779 , 0.503577, 0.016121,0.002183
105 , D ,-2453.698798 , -2181.994498, 0.013889,0.023727
106 , E ,-4254.213477 , -3339.331430, 0.056911,0.027695
106 , H ,-5213.004225 , -5198.157950, 0.041667,0.020821
106 , Q ,-2030.510785 , -1619.093650, 0.047458,0.025018
106 , F ,0.390491 , 0.289614, 0.023279,0.001443
106 , Y ,-3814.750900 , -3059.176880, 0.037559,0.024977
106 , C ,-4138.785385 , -4098.649199, 0.042353,0.020519
106 , N ,-4121.853378 , -4012.490974, 0.039370,0.020543
106 , K ,0.428647 , 0.406434, 0.028666,0.002578
106 , D ,0.221689 , 0.150993, 0.044791,0.002254
107 , E ,-8567.529868 , -7461.051305, 0.325926,0.042620
107 , H ,0.573321 , 0.025573, 0.000889,0.000809
107 , Q ,-26830.315859 , -32519.779867, 0.379227,0.104014
107 , F ,1.082618 , 0.132193, 0.000012,0.000193
107 , Y ,1.465640 , 0.165138, 0.000000,0.001011
107 , C ,1.196370 , 0.402285, 0.000030,0.000180
107 , N ,0.698842 , 0.238272, 0.001205,0.000223
107 , K ,-23325.621438 , -27646.518242, 0.274510,0.094771
107 , D ,0.632431 , 0.131011, 0.001065,0.000247
108 , E ,-11350.495655 , -10274.354244, 0.337079,0.058789
108 , H ,0.753344 , 0.062750, 0.000194,0.000248
108 , Q ,-12448.528403 , -12443.365702, 0.441270,0.051513
108 , F ,0.862525 , 0.069468, 0.000068,0.000955
108 , Y ,-34.528440 , -34.743825, 0.032630,0.066264
108 , C ,1.266537 , 0.389736, 0.000014,0.000820
108 , N ,-9.528205 , -10.312146, 0.000043,0.064334
108 , K ,-23778.211324 , -27432.335030, 0.280000,0.110400
108 , D ,1.055686 , 0.313021, 0.000062,0.000631
109 , E ,-11326.673130 , -10282.056144, 0.350515,0.057640
109 , H ,0.702376 , 0.057227, 0.000311,0.000274
109 , Q ,-12562.687260 , -12528.494449, 0.428571,0.053084
109 , F ,0.880380 , 0.095184, 0.000070,0.001114
109 , Y ,-27.921500 , -28.069436, 0.064698,0.073864
109 , C ,1.431331 , 0.428332, 0.000003,0.001014
109 , N ,1.153757 , 0.413118, 0.000049,0.000585
109 , K ,-25264.271577 , -29567.878000, 0.269231,0.108728
109 , D ,0.991494 , 0.269180, 0.000085,0.000661
110 , E ,-8761.338823 , -7500.564976, 0.293706,0.062122
110 , H ,0.656553 , 0.050153, 0.000454,0.000092
110 , Q ,-8210.553036 , -7316.364241, 0.433962,0.030410
110 , F ,0.972413 , 0.164617, 0.000046,0.000261
110 , Y ,1.324419 , 0.064931, 0.000001,0.000436
110 , C ,1.506400 , 0.436762, 0.000002,0.000403
110 , N ,0.495443 , 0.151132, 0.004379,0.000469
110 , K ,-8889.745335 , -7925.958814, 0.242718,0.034537
110 , D ,0.627593 , 0.137497, 0.001190,0.001325
111 , E ,0.871343 , 0.957160, 0.008234,0.000131
111 , H ,0.830893 , 0.739791, 0.005278,0.000048
111 , Q ,-1069.125112 , -646.603231, 0.011673,0.030129
111 , F ,0.989825 , 0.631071, 0.000868,0.000147
111 , Y ,0.757293 , 0.762504, 0.009830,0.000052
111 , C ,0.791890 , 0.732658, 0.006839,0.000180
111 , N ,1.000658 , 0.788108, 0.001696,0.000192
111 , K ,0.703898 , 0.680659, 0.010845,0.000091
111 , D ,0.878025 , 0.790624, 0.004413,0.000130
112 , E ,-4241.603812 , -2905.169452, 0.081325,0.036698
112 , H ,0.580046 , 0.353511, 0.006804,0.000067
112 , Q ,-6925.124447 , -5705.319966, 0.277354,0.037177
112 , F ,0.866156 , 0.748562, 0.004037,0.000543
112 , Y ,0.920149 , 0.544325, 0.000981,0.000199
112 , C ,0.802337 , 0.293181, 0.000645,0.000155
112 , N ,0.658519 , 0.377165, 0.003860,0.000544
112 , K ,-3910.595043 , -2862.058365, 0.085106,0.031749
112 , D ,0.656819 , 0.237954, 0.001783,0.000099
113 , E ,-11577.643566 , -11385.919610, 0.393519,0.047232
113 , H ,0.771854 , 0.355819, 0.001229,0.000085
113 , Q ,-7810.115202 , -6683.658839, 0.291740,0.042080
113 , F ,0.766100 , 0.163932, 0.000353,0.000172
113 , Y ,0.780795 , 0.212252, 0.000445,0.000135
113 , C ,0.953944 , 0.324287, 0.000181,0.000373
113 , N ,0.786909 , 0.105592, 0.000182,0.000262
113 , K ,-9770.611926 , -9620.426543, 0.454545,0.040571
113 , D ,0.964829 , 0.338316, 0.000182,0.000164
114 , E ,-6416.179984 , -5045.309451, 0.157101,0.037273
114 , H ,0.678870 , 0.441075, 0.004690,0.000130
114 , Q ,-7401.357202 , -6021.639345, 0.240385,0.038592
114 , F ,0.889885 , 0.381641, 0.000499,0.000143
114 , Y ,0.729745 , 0.386682, 0.002241,0.000058
114 , C ,0.712014 , 0.488364, 0.004481,0.000039
114 , N ,0.676341 , 0.423189, 0.004378,0.000109
114 , K ,-5747.806782 , -4409.106815, 0.154560,0.034508
114 , D ,0.540010 , 0.375104, 0.010641,0.000208
115 , E ,0.686197 , 0.296550, 0.001936,0.000265
115 , H ,-7346.026519 , -5864.779951, 0.203931,0.039182
115 , Q ,0.706137 , 0.325264, 0.001927,0.000399
115 , F ,-1494.157242 , -908.962463, 0.013158,0.030125
115 , Y ,-5711.521986 , -4236.416171, 0.143608,0.036241
115 , C ,-6329.187382 , -4910.163205, 0.173913,0.035497
115 , N ,-8050.301442 , -6835.577718, 0.306163,0.043326
115 , K ,-11.974759 , -12.756045, 0.000053,0.061977
115 , D ,-4229.825844 , -2801.620468, 0.062500,0.039058
116 , E ,1.145277 , 0.573859, 0.000155,0.000315
116 , H ,-6841.617581 , -5443.419083, 0.211921,0.037153
116 , Q ,0.932578 , 0.570532, 0.001036,0.000135
116 , F ,0.771724 , 0.798788, 0.010038,0.000074
116 , Y ,-12439.894610 , -12027.657237, 0.287958,0.066405
116 , C ,-7971.415774 , -6813.031199, 0.316378,0.041032
116 , N ,-8073.318920 , -6944.359856, 0.302970,0.044336
116 , K ,0.537634 , -0.025682, 0.000829,0.000319
116 , D ,-11906.858828 , -11578.157528, 0.326214,0.056532
117 , E ,1.068810 , 0.517527, 0.000220,0.000106
117 , H ,-7309.639610 , -5817.714754, 0.180962,0.040512
117 , Q ,0.864293 , 0.525232, 0.001471,0.000226
117 , F ,0.732030 , 0.754736, 0.011520,0.000203
117 , Y ,-12228.937150 , -11794.794460, 0.298161,0.047917
117 , C ,-8213.641377 , -7108.203216, 0.343225,0.041638
117 , N ,-8014.614523 , -6961.319326, 0.348555,0.041287
117 , K ,0.706453 , 0.001584, 0.000186,0.000066
117 , D ,-8232.990988 , -6957.830650, 0.267857,0.037126
118 , E ,-7289.720119 , -5692.646475, 0.156489,0.042523
118 , H ,1.031657 , 0.215890, 0.000038,0.000011
118 , Q ,-6067.462539 , -4509.519786, 0.108269,0.040226
118 , F ,0.817501 , 0.383508, 0.000993,0.000037
118 , Y ,0.932365 , 0.357660, 0.000286,0.000029
118 , C ,0.851579 , 0.463893, 0.001165,0.000081
118 , N ,0.742033 , 0.375331, 0.001873,0.000285
118 , K ,-6748.888543 , -5158.367205, 0.140590,0.040462
118 , D ,0.837583 , 0.300968, 0.000481,0.000025
119 , E ,0.249088 , -0.071007, 0.009499,0.001054
119 , H ,-5855.060651 , -4896.509030, 0.305797,0.020453
119 , Q ,-0.039496 , -0.284716, 0.030158,0.000202
119 , F ,-4651.436239 , -3941.316908, 0.143098,0.021951
119 , Y ,-5336.402850 , -4417.155471, 0.321534,0.018694
119 , C ,-5840.752288 , -4679.321195, 0.236417,0.029762
119 , N ,-5626.568542 , -4678.566143, 0.263318,0.020237
119 , K ,0.033111 , -0.240077, 0.020950,0.000306
119 , D ,-5439.594254 , -4530.196569, 0.146699,0.023233
120 , E ,-2657.990739 , -1612.164522, 0.051852,0.036677
120 , H ,1.060404 , 0.463037, 0.000166,0.000217
120 , Q ,-5074.129850 , -3564.252614, 0.091667,0.039185
120 , F ,0.654057 , 0.527547, 0.008501,0.000130
120 , Y ,0.900576 , 0.540619, 0.001165,0.000237
120 , C ,0.866470 , 0.935806, 0.008065,0.000060
120 , N ,0.746332 , 0.416809, 0.002265,0.000249
120 , K ,-2423.430061 , -1615.120981, 0.026201,0.030012
120 , D ,0.952670 , 0.401965, 0.000315,0.000687
122 , H ,-2041.027564 , -1342.873435, 0.047954,0.027855
122 , Q ,0.586624 , 0.457533, 0.010644,0.000127
122 , F ,-2787.222284 , -1941.815996, 0.074649,0.026266
122 , Y ,-3237.407525 , -2236.059642, 0.102887,0.025600
122 , C ,-3643.563736 , -2525.849031, 0.083153,0.028027
122 , N ,-2109.725006 , -1476.127163, 0.043576,0.027093
122 , K ,0.671832 , 0.398113, 0.003939,0.000074
122 , D ,-2135.514701 , -1556.665622, 0.041631,0.027310
123 , E ,-35.250359 , -35.454125, 0.052543,0.046507
123 , H ,-5283.418943 , -3795.409088, 0.133574,0.030215
123 , Q ,0.774122 , -0.002985, 0.000090,0.000022
123 , F ,0.840334 , 0.665001, 0.003619,0.000399
123 , Y ,-7902.049551 , -6552.062837, 0.212291,0.046861
123 , C ,-10661.365599 , -9908.503672, 0.221757,0.061110
123 , N ,-8540.366382 , -7290.093441, 0.276173,0.048170
123 , K ,0.610263 , -0.281601, 0.000043,0.000179
123 , D ,-4669.231125 , -3412.741660, 0.107692,0.034377
124 , E ,-3939.720832 , -2568.598503, 0.120482,0.046632
124 , H ,0.503162 , 0.422886, 0.017597,0.001531
124 , Q ,-3814.590810 , -2671.980962, 0.063063,0.034884
124 , F ,0.584642 , 0.351148, 0.006750,0.003874
124 , Y ,0.572221 , 0.418192, 0.009888,0.001599
124 , C ,0.586802 , 0.301362, 0.004787,0.000685
124 , N ,0.900621 , 0.743530, 0.003009,0.004552
124 , K ,0.708913 , 1.126040, 0.032555,0.007995
124 , D ,0.450997 , 0.195304, 0.008755,0.000261
125 , E ,-1887.633569 , -960.208682, 0.016949,0.033132
125 , H ,0.572545 , 0.416245, 0.009908,0.000353
125 , Q ,-3033.401852 , -2341.578580, 0.022472,0.033680
125 , F ,0.894500 , 0.567975, 0.001423,0.000210
125 , Y ,0.741381 , 0.679483, 0.008032,0.000774
125 , C ,0.720921 , 0.568595, 0.005970,0.000085
125 , N ,1.038927 , 0.887208, 0.001874,0.000254
125 , K ,0.905310 , 0.751058, 0.002935,0.001611
125 , D ,0.708776 , 0.445907, 0.003633,0.000177
126 , E ,0.427404 , 0.403036, 0.028158,0.001322
126 , H ,-3913.762836 , -2843.864080, 0.105000,0.031605
126 , Q ,0.428477 , 0.364114, 0.024176,0.000430
126 , F ,0.569970 , 0.480188, 0.013307,0.001151
126 , Y ,-3401.294411 , -2647.313027, 0.026846,0.026433
126 , C ,-3266.392692 , -3064.798696, 0.060748,0.022305
126 , N ,-2835.408768 , -2424.730253, 0.051724,0.025490
126 , K ,0.503975 , 0.400384, 0.015881,0.000615
126 , D ,-3231.045859 , -2907.210765, 0.019231,0.033136
127 , E ,-4580.817986 , -3435.480989, 0.015748,0.039048
127 , H ,0.734873 , 0.731499, 0.010194,0.000475
127 , Q ,-1143.607841 , -331.058475, 0.041284,0.038351
127 , F ,0.795527 , 0.521302, 0.002642,0.000601
127 , Y ,0.976365 , 0.872450, 0.002820,0.001283
127 , C ,1.197374 , 0.614358, 0.000117,0.000625
127 , N ,0.750097 , 0.691789, 0.007915,0.002138
127 , K ,0.865974 , 1.069727, 0.012298,0.000505
127 , D ,0.843635 , 0.630965, 0.003053,0.001446
128 , E ,0.596624 , 0.579462, 0.016416,0.000505
128 , H ,-2937.357547 , -1867.887541, 0.037940,0.036685
128 , Q ,0.822018 , 0.584107, 0.002879,0.000534
128 , F ,-1107.748554 , -271.540158, 0.039267,0.031312
128 , Y ,-5434.454553 , -4095.253216, 0.107456,0.035048
128 , C ,-1900.731314 , -934.596963, 0.020501,0.038725
128 , N ,-4807.429937 , -3531.681802, 0.060890,0.030378
128 , K ,0.867188 , 0.752355, 0.004212,0.000144
128 , D ,-2885.319728 , -1748.570437, 0.051852,0.036867
129 , E ,0.730025 , 0.653037, 0.008028,0.000259
129 , H ,-2438.574611 , -1538.177513, 0.038560,0.035546
129 , Q ,0.816103 , 0.568209, 0.002788,0.000201
129 , F ,-1514.244932 , -668.270635, 0.041026,0.030644
129 , Y ,-5135.604163 , -3846.552496, 0.110000,0.028335
129 , C ,-2144.857918 , -1291.834263, 0.026005,0.036381
129 , N ,-3972.239970 , -2678.866142, 0.047619,0.031604
129 , K ,0.816755 , 0.746725, 0.006039,0.000270
129 , D ,-3834.229813 , -2555.852145, 0.046595,0.038124
130 , E ,0.582057 , 0.578551, 0.018136,0.000169
130 , H ,-2174.297170 , -1311.712537, 0.042296,0.035000
130 , Q ,0.890685 , 0.651962, 0.002259,0.000249
130 , F ,-1735.893102 , -886.839197, 0.049862,0.029260
130 , Y ,-5533.976726 , -4217.746666, 0.101293,0.029809
130 , C ,-2044.551367 , -1093.823399, 0.026961,0.037958
130 , N ,-4403.757619 , -3291.361499, 0.072351,0.034935
130 , K ,0.821273 , 0.718494, 0.005247,0.000477
130 , D ,-3070.046276 , -2017.412622, 0.050388,0.035884
131 , E ,0.532760 , 0.535473, 0.022196,0.000988
131 , H ,-2435.617658 , -1615.959497, 0.044164,0.028237
131 , Q ,0.778896 , 0.601657, 0.004438,0.000446
131 , F ,-1273.788309 , -512.479813, 0.047319,0.030328
131 , Y ,-5589.664861 , -4260.069124, 0.102326,0.029405
131 , C ,-2226.707263 , -1331.484217, 0.042440,0.035538
131 , N ,-4125.602791 , -2969.086995, 0.072046,0.035369
131 , K ,0.841672 , 0.756663, 0.005204,0.000320
131 , D ,-2459.401046 , -1256.785559, 0.046948,0.038524
132 , E ,0.586766 , 0.543183, 0.015346,0.000510
132 , H ,-2076.973267 , -1195.342695, 0.050667,0.035630
132 , Q ,0.921708 , 0.659096, 0.001774,0.000116
132 , F ,-1604.781080 , -718.182492, 0.043597,0.030583
132 , Y ,-5382.983711 , -4115.800660, 0.099352,0.029165
132 , C ,-3108.125123 , -1988.321133, 0.028889,0.037931
132 , N ,-4230.076003 , -3014.959512, 0.056818,0.030474
132 , K ,0.938705 , 0.857353, 0.003642,0.000065
132 , D ,-3849.680830 , -2505.249953, 0.047619,0.039206
133 , E ,0.700741 , 0.637255, 0.009478,0.000218
133 , H ,-2533.790161 , -1605.024179, 0.040000,0.029559
133 , Q ,0.998533 , 0.728096, 0.001308,0.000083
133 , F ,-1170.770834 , -315.148510, 0.042781,0.031068
133 , Y ,-5201.073772 , -3856.487789, 0.111359,0.028850
133 , C ,-2270.434872 , -1248.625183, 0.021531,0.038391
133 , N ,-4500.122493 , -3321.213332, 0.072464,0.035646
133 , K ,0.877780 , 0.791174, 0.004505,0.000125
133 , D ,-3162.042004 , -1967.889158, 0.057348,0.037135
134 , E ,0.722833 , 0.649312, 0.008315,0.000773
134 , H ,-2645.276148 , -1716.555933, 0.050398,0.034875
134 , Q ,0.956046 , 0.703203, 0.001648,0.000342
134 , F ,-1534.242259 , -726.182235, 0.034301,0.030275
134 , Y ,-4966.964677 , -3720.956665, 0.095032,0.028480
134 , C ,-2129.567412 , -1153.054679, 0.031250,0.038319
134 , N ,-4503.472832 , -3355.903708, 0.063882,0.036143
134 , K ,0.823468 , 0.718301, 0.005113,0.000102
134 , D ,-3480.867218 , -2239.635653, 0.057143,0.037541
135 , E ,0.666276 , 0.591271, 0.010242,0.000576
135 , H ,-3097.947836 , -1920.306727, 0.031332,0.032401
135 , Q ,0.825045 , 0.567947, 0.002597,0.000678
135 , F ,-1376.505139 , -453.400649, 0.034121,0.032079
135 , Y ,-5223.941627 , -3883.970180, 0.114719,0.028620
135 , C ,-1578.418177 , -519.328549, 0.022727,0.040857
135 , N ,-3947.328791 , -2761.500687, 0.063830,0.029718
135 , K ,0.892229 , 0.819113, 0.004461,0.000105
135 , D ,-3381.394208 , -2221.052183, 0.055147,0.036751
136 , E ,0.445253 , 0.430994, 0.028026,0.000608
136 , H ,-2895.095378 , -1974.609577, 0.050420,0.034648
136 , Q ,0.852192 , 0.592575, 0.002327,0.000141
136 , F ,-1987.916302 , -1073.373102, 0.046512,0.030366
136 , Y ,-5370.161505 , -4071.446466, 0.094382,0.035689
136 , C ,-2416.057618 , -1511.514570, 0.028133,0.036865
136 , N ,-4204.073868 , -3036.436341, 0.065217,0.036348
136 , K ,0.860490 , 0.778383, 0.004941,0.000267
136 , D ,-3911.313800 , -2650.226594, 0.057613,0.037288
137 , E ,0.549548 , 0.566393, 0.021872,0.000196
137 , H ,-2650.427717 , -1673.007351, 0.046012,0.029218
137 , Q ,0.764875 , 0.583648, 0.004618,0.000476
137 , F ,-1538.639173 , -732.188925, 0.048544,0.036464
137 , Y ,-5513.201096 , -4241.626348, 0.117096,0.033703
137 , C ,-2052.425627 , -1144.557178, 0.031662,0.037152
137 , N ,-3992.947856 , -2842.636991, 0.073965,0.028925
137 , K ,0.837136 , 0.770641, 0.005612,0.000119
137 , D ,-2135.318744 , -1040.613865, 0.048077,0.037676
138 , E ,0.549876 , 0.328171, 0.007779,0.000485
138 , H ,-1054.706068 , -788.753072, 0.018634,0.029460
138 , Q ,0.665734 , 0.443005, 0.005231,0.000257
138 , F ,0.784417 , 0.399850, 0.001466,0.000221
138 , Y ,-3383.293851 , -2503.828551, 0.058824,0.026847
138 , C ,-2528.317268 , -1998.141186, 0.018119,0.027182
138 , N ,0.590342 , 0.577808, 0.016766,0.000114
138 , K ,0.744769 , 0.601988, 0.005789,0.000071
138 , D ,-1644.397731 , -1553.160585, 0.022767,0.027389
139 , E ,0.672548 , 0.520520, 0.007247,0.000582
139 , H ,-2437.543925 , -1912.668534, 0.020261,0.028249
139 , Q ,0.605574 , 0.464761, 0.009459,0.000118
139 , F ,0.693281 , 0.437524, 0.004046,0.000350
139 , Y ,-2376.018273 , -1598.710394, 0.052441,0.027261
139 , C ,-1357.541746 , -1034.681456, 0.020888,0.028707
139 , N ,-1648.509650 , -1639.200908, 0.021154,0.026284
139 , K ,0.627437 , 0.557486, 0.011863,0.000473
139 , D ,0.682231 , 0.687855, 0.012897,0.000140
140 , E ,0.589649 , 0.280164, 0.004158,0.000088
140 , H ,-2041.666121 , -1626.513591, 0.042587,0.026501
140 , Q ,0.553519 , 0.368702, 0.009209,0.000372
140 , F ,0.709839 , 0.467275, 0.004091,0.000127
140 , Y ,-3565.379268 , -2702.195023, 0.085851,0.025331
140 , C ,-1598.392506 , -1146.838759, 0.029052,0.028020
140 , N ,0.635287 , 0.625725, 0.014229,0.000502
140 , K ,0.760578 , 0.621383, 0.005583,0.000530
140 , D ,-2182.265499 , -1976.977114, 0.044248,0.024675
141 , E ,0.424996 , 0.186430, 0.010425,0.000306
141 , H ,-1270.243431 , -1196.660854, 0.036522,0.026691
141 , Q ,0.606781 , 0.418856, 0.007560,0.000726
141 , F ,0.588637 , 0.356461, 0.006541,0.000362
141 , Y ,-3347.513633 , -2585.112392, 0.081833,0.024830
141 , C ,-2098.069132 , -1865.802700, 0.034375,0.025151
141 , N ,-1857.662650 , -1683.967267, 0.035857,0.025453
141 , K ,0.645194 , 0.445986, 0.006303,0.000244
141 , D ,-2062.026101 , -1807.780790, 0.087379,0.021924
142 , E ,0.821000 , 0.423111, 0.001217,0.000761
142 , H ,-2839.137217 , -2123.376732, 0.046117,0.026694
142 , Q ,0.747794 , 0.342856, 0.001455,0.000259
142 , F ,0.856074 , 0.513553, 0.001477,0.000170
142 , Y ,-4721.187631 , -3608.881913, 0.115741,0.026660
142 , C ,-2851.960554 , -2095.520743, 0.041502,0.026907
142 , N ,-2896.677146 , -2058.132422, 0.059553,0.027044
142 , K ,0.603766 , 0.338175, 0.005139,0.000159
142 , D ,-2315.782038 , -1477.963026, 0.054348,0.027459
143 , E ,0.976973 , 0.165416, 0.000045,0.000038
143 , H ,-5385.019348 , -3977.589633, 0.098189,0.031278
143 , Q ,1.032169 , 0.271105, 0.000058,0.000028
143 , F ,-6588.899583 , -5041.976429, 0.121007,0.040608
143 , Y ,-4951.383791 , -3635.203745, 0.072197,0.037455
143 , C ,-4439.138269 , -3027.365197, 0.057637,0.032753
143 , N ,-5767.470681 , -4353.361501, 0.110329,0.037604
143 , K ,0.891683 , 0.186225, 0.000124,0.000032
143 , D ,-5639.169022 , -4168.070980, 0.114695,0.037768
