1 , E ,0.547580 , 0.025374, 0.009241,0.000130
1 , H ,-33370.328914 , -24912.732996, 0.375423,0.042474
1 , Q ,0.677797 , 0.057868, 0.004865,0.000094
1 , F ,-30818.558306 , -22401.842742, 0.309489,0.060077
1 , Y ,-45873.880400 , -40810.387027, 0.385281,0.081697
1 , C ,-32775.177376 , -24482.492961, 0.359447,0.056831
1 , N ,-33404.581762 , -25011.418573, 0.344749,0.060177
1 , K ,0.909254 , -0.230395, 0.000278,0.000072
1 , D ,-23235.746184 , -15222.601307, 0.200000,0.048646
2 , E ,-12001.307323 , -5921.727761, 0.063084,0.056679
2 , H ,1.180702 , 0.813883, 0.004064,0.000103
2 , Q ,-11990.588346 , -4997.004667, 0.072250,0.059036
2 , F ,0.973411 , 0.697865, 0.008675,0.000048
2 , Y ,1.201525 , 1.019277, 0.006178,0.000159
2 , C ,1.030351 , 0.894818, 0.010689,0.000055
2 , N ,1.108147 , 0.661549, 0.003875,0.000354
2 , K ,-7738.791446 , -2543.618118, 0.044393,0.079103
2 , D ,1.125059 , 0.672182, 0.003585,0.000234
3 , E ,0.551562 , 0.212467, 0.018387,0.000256
3 , H ,-24768.785890 , -17029.758019, 0.266104,0.042033
3 , Q ,0.716832 , 0.302131, 0.010111,0.000087
3 , F ,-8808.557512 , -7798.233366, 0.080952,0.042190
3 , Y ,-19633.175042 , -13217.543651, 0.178908,0.045005
3 , C ,-13660.676654 , -9090.651135, 0.126908,0.043929
3 , N ,-13698.401815 , -8690.013673, 0.148331,0.043522
3 , K ,0.526068 , 0.185439, 0.019234,0.000130
3 , D ,-13578.689881 , -8298.861503, 0.073365,0.051350
4 , E ,-4393.578551 , -3223.647082, 0.038622,0.051305
4 , H ,-10411.201909 , -5505.139891, 0.098958,0.049505
4 , Q ,-3980.573692 , -1983.775574, 0.043286,0.052611
4 , F ,-6228.723366 , -3739.759659, 0.046218,0.050430
4 , Y ,-25779.775368 , -17126.331330, 0.181657,0.073484
4 , C ,-16103.242965 , -9059.896245, 0.117515,0.053079
4 , N ,-23120.602935 , -14425.126137, 0.196497,0.052665
4 , K ,0.956393 , 0.491070, 0.005101,0.000417
4 , D ,-18523.201343 , -10642.367789, 0.175034,0.068060
5 , E ,-2579.686158 , -2513.078409, 0.035714,0.050674
5 , H ,-10961.895551 , -4983.293842, 0.082661,0.053908
5 , Q ,-3667.696315 , -778.638220, 0.044693,0.054427
5 , F ,-4154.286820 , -1133.199542, 0.045077,0.053881
5 , Y ,-27819.730696 , -19073.933027, 0.221604,0.070164
5 , C ,-20928.975339 , -12868.046085, 0.175320,0.051590
5 , N ,-22769.169026 , -14379.167128, 0.169703,0.053757
5 , K ,0.850140 , 0.399282, 0.006803,0.000171
5 , D ,-19682.683564 , -11862.066398, 0.179435,0.049998
6 , E ,-0.205166 , -0.772004, 0.016639,0.000068
6 , H ,-51914.931436 , -44151.005136, 0.729885,0.007348
6 , Q ,0.216419 , -0.589768, 0.003174,0.000246
6 , F ,-29657.960706 , -24561.010442, 0.619048,0.013991
6 , Y ,-75675.458323 , -65367.751370, 0.792453,0.003774
6 , C ,-76335.497100 , -64595.743032, 0.766990,0.005287
6 , N ,-33192.683886 , -28227.579850, 0.721268,0.008486
6 , K ,0.190624 , -0.474471, 0.007252,0.000010
6 , D ,-42713.507622 , -36040.373625, 0.702797,0.006232
7 , E ,0.616683 , 0.461359, 0.027889,0.000482
7 , H ,-13470.645550 , -8278.293300, 0.178322,0.041490
7 , Q ,0.516104 , 0.290050, 0.028382,0.000414
7 , F ,-17915.347799 , -11433.817466, 0.170213,0.044260
7 , Y ,-21104.106184 , -14816.014659, 0.243802,0.038338
7 , C ,-20628.704772 , -14487.540005, 0.234043,0.038605
7 , N ,-15677.805877 , -10314.770197, 0.201970,0.039033
7 , K ,0.523650 , 0.296024, 0.027875,0.001331
7 , D ,-15409.632910 , -12104.702537, 0.156028,0.037511
8 , E ,-5803.900161 , -4842.658521, 0.102564,0.040434
8 , H ,0.843999 , 0.644984, 0.014503,0.000855
8 , Q ,-5136.036997 , -5002.970228, 0.044199,0.046725
8 , F ,0.487175 , 0.462994, 0.051304,0.001073
8 , Y ,-4340.884259 , -4281.680267, 0.018293,0.049440
8 , C ,0.713328 , 0.608352, 0.025441,0.000934
8 , N ,0.743947 , 0.705944, 0.027355,0.001086
8 , K ,0.548874 , 0.276987, 0.023288,0.003088
8 , D ,0.871939 , 0.741950, 0.016100,0.000544
9 , E ,-20261.934108 , -12513.049877, 0.121622,0.056291
9 , H ,1.532502 , 1.165035, 0.001629,0.000491
9 , Q ,-20890.969677 , -13081.560313, 0.074380,0.061130
9 , F ,0.699410 , 0.365127, 0.014632,0.008040
9 , Y ,1.054792 , 0.655679, 0.004987,0.000395
9 , C ,1.138858 , 0.959137, 0.007364,0.000180
9 , N ,1.259518 , 0.540778, 0.001077,0.000694
9 , K ,0.971909 , 1.052766, 0.018988,0.005551
9 , D ,1.200749 , 0.633179, 0.002165,0.003291
10 , E ,-41862.243383 , -38018.148789, 0.214286,0.114796
10 , H ,0.246659 , 0.168315, 0.113322,0.049950
10 , Q ,-11165.821296 , 5730.736886, 0.307692,0.242604
10 , F ,0.120863 , 0.228734, 0.293591,0.005245
10 , Y ,2.289951 , 0.606871, 0.000003,0.011745
10 , C ,1.214391 , 0.573314, 0.001592,0.000660
10 , N ,2.369491 , 0.537360, 0.000001,0.021074
11 , E ,-6432.203711 , -4453.132969, 0.023256,0.047424
11 , H ,-9690.928920 , -7539.502330, 0.034404,0.048172
11 , Q ,0.475439 , 0.316828, 0.037781,0.000773
11 , F ,-3823.979877 , -2384.227336, 0.091228,0.045974
11 , Y ,0.729265 , -0.875971, 0.000001,0.045679
11 , C ,-12030.782690 , -8959.709275, 0.110390,0.040796
11 , N ,-14004.000222 , -11744.575307, 0.070896,0.042810
11 , K ,1.024345 , 0.698703, 0.006399,0.001734
11 , D ,1.026268 , 0.631538, 0.005483,0.000466
12 , E ,0.620612 , 0.465373, 0.027572,0.000541
12 , H ,-12247.280568 , -6922.479900, 0.074816,0.052246
12 , Q ,-4778.610829 , -4211.883683, 0.040521,0.047223
12 , F ,-16.329578 , -17.389469, 0.000045,0.046366
12 , Y ,-18105.442390 , -10788.020263, 0.126999,0.052963
12 , C ,-14737.062522 , -8440.628055, 0.115582,0.050674
12 , N ,-11193.910390 , -5924.644866, 0.097272,0.049796
12 , K ,0.742278 , 0.554939, 0.019066,0.000245
12 , D ,-3750.962534 , -3135.399254, 0.032258,0.050981
13 , E ,-19247.544524 , -10833.426632, 0.118421,0.079351
13 , H ,0.944736 , 0.121007, 0.001268,0.000033
13 , Q ,-27783.200795 , -19222.783126, 0.247368,0.065346
13 , F ,0.999910 , 0.187953, 0.001257,0.001136
13 , Y ,1.121741 , 0.158050, 0.000514,0.000150
13 , C ,0.694789 , 0.107414, 0.005555,0.001435
13 , N ,1.178472 , 0.243086, 0.000538,0.003810
13 , K ,-19713.166920 , -14124.824143, 0.131579,0.069021
13 , D ,2.443030 , 0.391202, 0.000000,0.001038
14 , E ,-19748.958140 , -10148.286158, 0.141176,0.085029
14 , H ,1.064051 , 0.173691, 0.000784,0.000123
14 , Q ,-25376.549522 , -16822.425489, 0.229592,0.065953
14 , F ,0.672744 , 0.032415, 0.004596,0.001621
14 , Y ,1.318243 , 0.095877, 0.000108,0.000095
14 , C ,0.893483 , 0.166112, 0.002149,0.000339
14 , N ,1.038167 , 0.167417, 0.000900,0.000718
14 , K ,-27726.800351 , -23333.112664, 0.073171,0.100734
14 , D ,0.806297 , 0.009772, 0.001849,0.000300
15 , Q ,-19964.713444 , -5262.090293, 0.071429,0.331633
15 , F ,-44.984459 , -46.066620, 0.000147,0.086777
15 , Y ,0.628376 , 0.265908, 0.015360,0.000591
15 , C ,1.692802 , 1.291692, 0.000935,0.002940
16 , E ,-22104.519730 , -14611.470568, 0.181818,0.065344
16 , H ,1.027446 , 0.322272, 0.001833,0.000313
16 , Q ,-25759.974506 , -16603.172937, 0.184932,0.075170
16 , F ,0.647544 , 0.197295, 0.010341,0.000674
16 , Y ,1.054567 , 0.394491, 0.002100,0.005795
16 , C ,0.822537 , 0.418542, 0.008360,0.000146
16 , N ,1.044493 , 0.378502, 0.001969,0.003368
16 , K ,-7998.299696 , -3011.727042, 0.025000,0.059844
16 , D ,1.969821 , 0.561847, 0.000016,0.000106
17 , E ,-15367.134095 , -9436.166761, 0.127273,0.066336
17 , H ,0.968088 , 0.402673, 0.003438,0.000213
17 , Q ,-18995.065350 , -11375.115053, 0.160256,0.052032
17 , F ,0.895512 , 0.269925, 0.003142,0.001240
17 , Y ,0.937128 , 0.372876, 0.003762,0.000248
17 , C ,0.972778 , 0.527604, 0.005314,0.000902
17 , N ,0.698313 , 0.278316, 0.010414,0.001343
17 , K ,-10375.579609 , -4451.837692, 0.090909,0.078359
17 , D ,0.859156 , 0.418967, 0.007116,0.000193
18 , E ,0.844135 , 0.617594, 0.013565,0.000544
18 , H ,-4476.958943 , -1040.669646, 0.038005,0.055245
18 , Q ,0.819948 , 0.469652, 0.010176,0.001681
18 , F ,-6857.834880 , -4901.049711, 0.020710,0.053112
18 , Y ,-8201.496301 , -3104.968341, 0.053691,0.075674
18 , C ,-10838.374389 , -4148.749773, 0.095823,0.055823
18 , N ,-8001.998598 , -3065.260243, 0.074879,0.053013
18 , K ,1.086580 , 0.716389, 0.005016,0.000411
18 , D ,1.104259 , 1.219803, 0.014667,0.000814
19 , E ,-25437.194001 , -17513.841535, 0.214815,0.064408
19 , H ,0.767254 , 0.275551, 0.006832,0.000107
19 , Q ,-51356.085820 , -48529.747467, 0.602446,0.043375
19 , F ,0.839818 , 0.401236, 0.007070,0.000415
19 , Y ,0.797023 , 0.319009, 0.006603,0.000562
19 , C ,0.796535 , 0.042501, 0.002201,0.000098
19 , N ,0.741026 , 0.350570, 0.010247,0.000330
19 , K ,-9106.487522 , -5130.085251, 0.105505,0.044478
19 , D ,0.562781 , 0.105257, 0.011667,0.000208
20 , E ,-31797.093504 , -23252.913652, 0.244186,0.070827
20 , H ,1.006864 , 0.373131, 0.002516,0.000518
20 , Q ,-47942.754499 , -44342.012682, 0.524715,0.052502
20 , F ,1.241357 , 0.404312, 0.000702,0.000137
20 , Y ,1.296260 , 0.280915, 0.000293,0.000140
20 , C ,1.036589 , -0.146177, 0.000193,0.000044
20 , N ,0.556194 , 0.103686, 0.011599,0.000544
20 , K ,-65804.563825 , -75295.930679, 0.357798,0.189378
20 , D ,1.068845 , 0.020495, 0.000368,0.000062
21 , E ,-47117.568077 , -42446.637509, 0.400641,0.083020
21 , H ,0.923720 , 0.329551, 0.003439,0.000027
21 , Q ,-35171.486073 , -29357.818335, 0.661826,0.022103
21 , F ,0.681672 , 0.217756, 0.008989,0.000012
21 , Y ,0.720280 , 0.112266, 0.004773,0.000197
21 , C ,1.053301 , 0.420233, 0.002297,0.000021
21 , N ,0.741529 , 0.204449, 0.005933,0.000346
21 , K ,-32481.164100 , -24672.146964, 0.412245,0.047891
21 , D ,1.139310 , 0.173550, 0.000476,0.001036
22 , E ,1.174711 , 0.911612, 0.005430,0.000217
22 , H ,-3834.242310 , -1898.874940, 0.051873,0.050800
22 , Q ,0.687389 , 0.454911, 0.019614,0.000939
22 , F ,0.779138 , 0.603702, 0.018014,0.000065
22 , Y ,0.908000 , 0.878582, 0.018454,0.000246
22 , C ,-13181.593534 , -6331.816850, 0.094118,0.074077
22 , N ,-5989.810493 , -2358.517265, 0.062130,0.052412
22 , K ,1.204575 , 0.812750, 0.003484,0.000329
22 , D ,1.246050 , 1.319468, 0.009078,0.000857
23 , E ,0.774560 , 0.663384, 0.021404,0.000299
23 , H ,-11258.553828 , -6846.087593, 0.078261,0.049688
23 , Q ,0.759319 , 0.299643, 0.007794,0.000909
23 , F ,-4121.601345 , -3716.284982, 0.013857,0.049927
23 , Y ,-3217.594221 , -9.731775, 0.040426,0.055945
23 , C ,-16066.457922 , -8903.025896, 0.159393,0.049976
23 , N ,-11498.319549 , -7186.748930, 0.093878,0.047334
23 , K ,0.706133 , -0.687651, 0.000009,0.043705
23 , D ,-5852.513585 , -4094.957091, 0.080997,0.046503
24 , E ,1.437064 , 1.204241, 0.002933,0.000847
24 , H ,0.488019 , 0.403687, 0.044343,0.000269
24 , Q ,-89.742014 , 54.209007, 0.078571,0.041722
24 , F ,0.738934 , 0.652452, 0.024751,0.000168
24 , Y ,-8035.984809 , -7916.474814, 0.025070,0.044607
24 , C ,-8889.832106 , -5417.378035, 0.041935,0.050944
24 , N ,-12029.565418 , -11457.995616, 0.047244,0.042493
24 , K ,0.909503 , 0.636184, 0.010019,0.000266
24 , D ,0.474721 , 0.362883, 0.044375,0.000643
25 , E ,0.570117 , 0.453375, 0.034295,0.000573
25 , H ,-4976.426269 , -1164.881126, 0.067061,0.052328
25 , Q ,0.758537 , 0.344597, 0.009319,0.000092
25 , F ,0.714656 , 0.670868, 0.028605,0.000146
25 , Y ,-6630.469309 , -5060.838280, 0.052632,0.047893
25 , C ,-17824.247392 , -11293.963345, 0.118492,0.049880
25 , N ,-16713.921761 , -10512.308650, 0.172222,0.044613
25 , K ,0.711739 , 0.578029, 0.023572,0.000089
25 , D ,-5944.336972 , -5637.571051, 0.029703,0.046837
26 , E ,1.115714 , 0.947628, 0.007917,0.000262
26 , H ,-17772.693047 , -11546.078337, 0.179435,0.044008
26 , Q ,1.014055 , 0.458335, 0.003264,0.000095
26 , F ,-4416.655738 , -3577.690947, 0.046455,0.049079
26 , Y ,-15270.082381 , -8283.136784, 0.144269,0.050113
26 , C ,-21660.238802 , -14169.343090, 0.228571,0.059223
26 , N ,-16065.986886 , -9649.722493, 0.117284,0.050508
26 , K ,0.683837 , -0.744102, 0.000007,0.046669
26 , D ,-17723.059272 , -11445.104442, 0.181538,0.044000
27 , E ,0.637265 , 0.519095, 0.029481,0.001385
27 , H ,-5948.673221 , -5020.481903, 0.046569,0.048063
27 , Q ,0.932759 , 0.491720, 0.005691,0.000940
27 , F ,0.903394 , 0.863366, 0.017901,0.000462
27 , Y ,0.672193 , 0.626609, 0.031700,0.000151
27 , C ,-12570.751230 , -9555.688954, 0.083117,0.044195
27 , N ,-11105.761991 , -7190.332245, 0.083532,0.046440
27 , K ,0.700595 , 0.513685, 0.021109,0.000315
27 , D ,0.630540 , 0.538464, 0.031662,0.000444
28 , E ,0.437113 , 0.424408, 0.072796,0.014803
28 , H ,-0.390209 , -0.202684, 0.693601,0.029601
28 , Q ,0.216488 , 0.314399, 0.142434,0.008126
28 , F ,0.342115 , 0.245458, 0.062364,0.009705
28 , Y ,1.056462 , 1.294512, 0.022019,0.032263
28 , C ,-23520.020013 , -26684.413163, 0.052632,0.304709
28 , N ,-29978.557231 , -36206.124532, 0.142857,0.137755
28 , K ,0.315647 , 0.209497, 0.077028,0.008964
28 , D ,-0.232847 , -0.113482, 0.521010,0.049599
29 , E ,3.133221 , 2.145592, 0.000003,0.010157
29 , H ,-20345.060439 , -13196.991186, 0.174292,0.046538
29 , Q ,0.639573 , 0.301324, 0.015544,0.000858
29 , F ,-6120.169420 , -4501.965487, 0.036765,0.049994
29 , Y ,-14852.542654 , -8290.361761, 0.148980,0.049045
29 , C ,-24376.796374 , -16138.430350, 0.189583,0.069281
29 , N ,-20301.977470 , -12915.690809, 0.172131,0.048800
29 , K ,0.731759 , 0.547312, 0.019864,0.000298
29 , D ,-17420.808273 , -10701.160697, 0.154070,0.047579
30 , Q ,-0.629123 , 0.378993, 0.695637,0.000048
30 , F ,0.694479 , 0.044891, 0.004121,0.000050
30 , Y ,1.145488 , -0.043771, 0.000162,0.000030
30 , C ,0.895630 , -0.370806, 0.000140,0.000245
30 , N ,1.011415 , 0.093964, 0.000740,0.000789
30 , K ,-63711.656943 , -77074.919360, 0.316456,0.205736
30 , D ,0.600257 , -0.058242, 0.004711,0.000173
31 , E ,-35922.437817 , -29042.800549, 0.531034,0.037543
31 , H ,0.809983 , -0.147145, 0.000817,0.000013
31 , Q ,-35077.295203 , -29326.017912, 0.684706,0.018820
31 , F ,0.526715 , 0.001141, 0.009369,0.000081
31 , Y ,0.654481 , -0.179012, 0.001853,0.000036
31 , C ,0.840361 , -0.402588, 0.000165,0.000091
31 , N ,1.723500 , 0.114979, 0.000009,0.001044
31 , K ,-42602.310315 , -37522.189737, 0.400000,0.073287
31 , D ,0.804468 , 0.070643, 0.002405,0.000697
32 , E ,-62965.862478 , -77685.383811, 0.490385,0.145063
32 , H ,0.598250 , -0.220124, 0.002153,0.000088
32 , Q ,-50487.329448 , -48439.033561, 0.680000,0.028656
32 , F ,0.778710 , 0.036060, 0.002367,0.000037
32 , Y ,0.808115 , -0.117891, 0.000959,0.000018
32 , C ,0.925427 , -0.462066, 0.000068,0.000048
32 , N ,1.799549 , 0.242348, 0.000010,0.000449
32 , K ,-45069.670793 , -38760.491465, 0.365079,0.088435
32 , D ,0.819349 , 0.033512, 0.001833,0.001143
33 , E ,-35736.172712 , -28817.368337, 0.476636,0.042798
33 , H ,0.599302 , -0.239504, 0.001916,0.000017
33 , Q ,-32297.437477 , -26432.536219, 0.670455,0.012608
33 , F ,0.647720 , -0.030118, 0.003806,0.000243
33 , Y ,0.802280 , -0.116914, 0.000986,0.000009
33 , C ,0.759827 , -0.428686, 0.000240,0.000043
33 , N ,1.231386 , 0.130341, 0.000215,0.000579
33 , K ,-28178.020861 , -21458.536116, 0.373134,0.028737
33 , D ,0.838515 , 0.041168, 0.001681,0.001321
34 , E ,-35823.857743 , -28939.243543, 0.529412,0.036368
34 , H ,0.690613 , -0.190362, 0.001399,0.000082
34 , Q ,-35388.172370 , -29468.043776, 0.670968,0.020520
34 , F ,0.727666 , -0.001611, 0.002740,0.000034
34 , Y ,0.642471 , -0.163842, 0.002170,0.000142
34 , C ,0.905562 , -0.439456, 0.000088,0.000041
34 , N ,1.655450 , 0.189516, 0.000020,0.000213
34 , K ,-63692.518502 , -77090.735619, 0.352381,0.171429
34 , D ,0.819960 , 0.109162, 0.002601,0.000241
35 , E ,-51652.559175 , -48264.247891, 0.516129,0.061290
35 , H ,0.733692 , -0.173434, 0.001153,0.000005
35 , Q ,-34493.482588 , -29179.883170, 0.709770,0.015549
35 , F ,0.552617 , 0.016640, 0.008537,0.000074
35 , Y ,0.625624 , -0.176932, 0.002247,0.000059
35 , C ,0.935317 , -0.449206, 0.000068,0.000079
35 , N ,1.478626 , 0.159502, 0.000053,0.000376
35 , K ,-44407.457311 , -38814.403712, 0.361446,0.086587
35 , D ,1.044883 , 0.178087, 0.000887,0.000531
36 , E ,-11920.540303 , -6634.893535, 0.090909,0.068137
36 , H ,-3838.709056 , -2149.394235, 0.031507,0.052386
36 , Q ,-22366.875413 , -14348.658668, 0.195818,0.050278
36 , F ,0.635507 , 0.432056, 0.023396,0.000587
36 , Y ,0.974272 , 0.750849, 0.009950,0.000223
36 , C ,0.906642 , 0.432267, 0.005396,0.000519
36 , N ,0.790968 , 0.767503, 0.025078,0.000619
36 , K ,-19512.531957 , -15431.059682, 0.060241,0.066676
36 , D ,0.919981 , 0.819564, 0.015183,0.000177
37 , E ,-57449.352426 , -52610.633180, 0.392857,0.109933
37 , H ,0.623475 , -0.221469, 0.001817,0.000024
37 , Q ,-50855.382559 , -48812.504609, 0.677043,0.029728
37 , F ,0.735914 , 0.057704, 0.003442,0.000335
37 , Y ,0.743593 , -0.203903, 0.000939,0.000486
37 , C ,0.904157 , -0.468925, 0.000075,0.000056
37 , N ,0.814374 , 0.043374, 0.002050,0.001760
37 , K ,-43646.373227 , -39509.997303, 0.476190,0.055556
37 , D ,1.169181 , 0.189594, 0.000429,0.000411
38 , E ,0.870875 , 0.856354, 0.020661,0.000829
38 , H ,-7378.182882 , -4821.656991, 0.067183,0.048269
38 , Q ,0.710935 , 0.614731, 0.025592,0.000508
38 , F ,-15513.252530 , -10084.795840, 0.101852,0.067136
38 , Y ,-13620.878195 , -9397.712568, 0.104110,0.047294
38 , C ,-6189.133376 , -2433.599680, 0.042373,0.053479
38 , N ,-13245.944136 , -8287.367608, 0.093548,0.048790
38 , K ,0.856042 , 0.620865, 0.013159,0.000594
38 , D ,-12849.901785 , -7531.929517, 0.084270,0.050459
39 , E ,1.046221 , 0.879810, 0.009410,0.000475
39 , H ,-13226.264566 , -7114.697901, 0.069705,0.055576
39 , Q ,0.766230 , 0.489311, 0.014262,0.000589
39 , F ,-10415.883332 , -5936.682255, 0.078740,0.050522
39 , Y ,-22141.878644 , -13700.542105, 0.155738,0.055000
39 , C ,-11310.081638 , -6140.513644, 0.109333,0.048996
39 , N ,-15428.238230 , -9039.652798, 0.138028,0.048617
39 , K ,1.162768 , 0.913193, 0.005829,0.000138
39 , D ,-12426.877009 , -5710.929854, 0.092025,0.054368
40 , E ,-32699.535755 , -25776.345679, 0.495146,0.035630
40 , H ,0.878974 , -0.176226, 0.000450,0.000010
40 , Q ,-32480.226777 , -25311.435505, 0.479167,0.030107
40 , F ,0.664134 , 0.066439, 0.005534,0.000299
40 , Y ,0.597193 , -0.198333, 0.002414,0.000481
40 , C ,1.354572 , 0.383594, 0.000324,0.000049
40 , N ,0.747346 , -0.027938, 0.002185,0.000110
40 , K ,-28498.136677 , -22318.995826, 0.432099,0.038714
40 , D ,0.343819 , -0.295425, 0.007265,0.001008
41 , E ,0.459862 , -0.123971, 0.008014,0.000136
41 , H ,-24466.730351 , -16505.301218, 0.230556,0.062868
41 , Q ,0.827863 , 0.034347, 0.001764,0.000424
41 , F ,-8863.954231 , -4308.475405, 0.079872,0.050965
41 , Y ,-32010.689087 , -23483.733088, 0.287411,0.066730
41 , C ,-22812.802886 , -15018.183289, 0.165618,0.070681
41 , N ,-26619.138913 , -18119.695033, 0.171717,0.076208
41 , K ,1.189263 , 0.168788, 0.000351,0.000012
41 , D ,-14706.528251 , -7089.286823, 0.068571,0.082188
42 , E ,0.825099 , 0.028817, 0.001763,0.000172
42 , H ,-26025.690048 , -17722.555297, 0.207447,0.052300
42 , Q ,0.670680 , -0.029130, 0.003524,0.002134
42 , F ,-12464.196270 , -6063.359297, 0.106061,0.052684
42 , Y ,-34464.698088 , -25746.636639, 0.305687,0.068610
42 , C ,-37646.733333 , -31558.871469, 0.291391,0.089531
42 , N ,-26623.559273 , -18141.751413, 0.264935,0.047278
42 , K ,0.795369 , 0.015502, 0.001960,0.000094
42 , D ,-14608.169067 , -8367.329995, 0.156977,0.046334
43 , E ,0.507006 , -0.179037, 0.004717,0.000483
43 , H ,-27286.940737 , -18493.375749, 0.213699,0.054676
43 , Q ,0.514363 , -0.118306, 0.006076,0.002909
43 , F ,-13857.157541 , -7340.330142, 0.115385,0.051559
43 , Y ,-34025.413069 , -25258.483049, 0.319728,0.065864
43 , C ,-28571.334956 , -20184.362386, 0.296842,0.058664
43 , N ,-26864.761824 , -18269.425843, 0.259352,0.048188
43 , K ,1.035093 , 0.070121, 0.000570,0.000241
43 , D ,-14669.707026 , -8581.985611, 0.157576,0.045941
44 , E ,0.553730 , -0.179523, 0.003525,0.000680
44 , H ,-25264.472280 , -16314.268154, 0.202857,0.053659
44 , Q ,0.587227 , -0.045600, 0.005394,0.000894
44 , F ,-13059.052949 , -6946.367109, 0.115854,0.050207
44 , Y ,-42058.174411 , -36168.677478, 0.341920,0.087937
44 , C ,-28639.124588 , -19809.346498, 0.258264,0.066160
44 , N ,-26991.060340 , -19282.306008, 0.270886,0.058901
44 , K ,1.079808 , 0.035099, 0.000363,0.000236
44 , D ,-18541.535980 , -11157.657797, 0.129032,0.071261
45 , E ,0.458279 , -0.158497, 0.006987,0.001683
45 , H ,-24259.004839 , -15828.642450, 0.197143,0.068743
45 , Q ,0.841836 , 0.101599, 0.002197,0.000145
45 , F ,-10186.441316 , -5148.782653, 0.093645,0.049890
45 , Y ,-31152.264754 , -22057.459004, 0.267196,0.069686
45 , C ,-23860.995991 , -15568.552174, 0.191209,0.052216
45 , N ,-21004.869317 , -13062.705755, 0.167102,0.051400
45 , K ,1.133005 , 0.159314, 0.000475,0.000144
45 , D ,-17482.492501 , -10925.089565, 0.053571,0.076779
46 , E ,0.522522 , -0.005972, 0.009302,0.000041
46 , H ,-32019.374836 , -23407.792095, 0.287710,0.067964
46 , Q ,0.581794 , -0.060240, 0.005067,0.000037
46 , F ,-8736.173462 , -4977.125363, 0.101942,0.047219
46 , Y ,-31624.372724 , -24074.550807, 0.433566,0.033192
46 , C ,-26757.217601 , -18505.100834, 0.235294,0.048550
46 , N ,-28837.131378 , -21037.456275, 0.286614,0.059200
46 , K ,0.915459 , 0.180140, 0.001957,0.000032
46 , D ,-18806.065917 , -10345.912080, 0.150794,0.054980
47 , E ,0.739394 , 0.182164, 0.005725,0.000606
47 , H ,-27601.438790 , -18416.994689, 0.167500,0.079202
47 , Q ,1.149133 , 0.241159, 0.000603,0.000527
47 , F ,-6201.139348 , -4187.972864, 0.064426,0.048827
47 , Y ,-27989.418902 , -19522.761381, 0.205811,0.071787
47 , C ,-25990.437162 , -17598.467229, 0.205021,0.069478
47 , N ,-21699.756487 , -13690.018419, 0.162983,0.053312
47 , K ,0.914906 , 0.143876, 0.001674,0.000059
47 , D ,-12390.739136 , -8078.611906, 0.090395,0.047312
48 , E ,-34218.515418 , -37849.322013, 0.250000,0.076705
48 , H ,-42394.527957 , -32860.966991, 0.171429,0.089388
48 , Q ,-27693.056837 , -33043.908560, 0.210526,0.089335
48 , F ,0.024752 , -0.093393, 0.123879,0.028965
48 , Y ,-1.906251 , -0.582812, 1616.071125,0.000058
48 , C ,-28214.919703 , -28173.111196, 0.214286,0.082908
48 , N ,-24.034170 , -25.169141, 0.000091,0.244800
49 , E ,0.696225 , 0.316871, 0.012125,0.001970
49 , H ,-10357.065138 , -5280.875010, 0.047506,0.056797
49 , Q ,0.850396 , 0.628469, 0.013302,0.000483
49 , F ,0.941686 , 0.563565, 0.006824,0.000244
49 , Y ,-6796.204163 , -2475.885590, 0.048638,0.054712
49 , C ,-16749.264764 , -9844.790748, 0.142367,0.049697
49 , N ,-13953.035718 , -8061.700188, 0.143204,0.047010
49 , K ,0.837955 , 0.438175, 0.008259,0.000984
49 , D ,-7972.055765 , -2487.037410, 0.027027,0.059601
50 , E ,0.907268 , 0.547526, 0.007849,0.000190
50 , H ,-7783.999195 , -4918.374053, 0.055000,0.050944
50 , Q ,2.336840 , 1.534364, 0.000048,0.004787
50 , F ,-7380.530619 , -4366.023312, 0.061728,0.068917
50 , Y ,-15284.749754 , -10032.844477, 0.177778,0.042438
50 , C ,-13233.565908 , -8269.687416, 0.155172,0.058275
50 , N ,-7565.762747 , -4469.409661, 0.051020,0.051138
50 , K ,1.546565 , 0.953282, 0.000806,0.001934
50 , D ,-16504.239884 , -11323.381551, 0.098592,0.047411
51 , E ,0.726777 , 0.581850, 0.022107,0.000389
51 , H ,-7755.851176 , -5386.569659, 0.049575,0.048700
51 , Q ,0.918498 , 0.719880, 0.012143,0.000157
51 , F ,-4755.764541 , -2950.322085, 0.047893,0.051705
51 , Y ,-14687.067472 , -9039.921404, 0.121813,0.065010
51 , C ,-9324.208973 , -4977.473309, 0.079701,0.050306
51 , N ,-8810.036844 , -6501.557306, 0.047913,0.048088
51 , K ,0.768316 , 0.619188, 0.019614,0.000191
51 , D ,-8817.392016 , -4904.232538, 0.110112,0.045691
52 , E ,-15900.957232 , -11560.681118, 0.034483,0.050535
52 , H ,0.918410 , 0.794842, 0.014296,0.002963
52 , Q ,-21672.109540 , -13198.464818, 0.129630,0.078989
52 , F ,0.621425 , 0.506723, 0.031279,0.003222
52 , Y ,0.689888 , 0.486413, 0.020557,0.002670
52 , C ,-3960.552327 , -1241.256992, 0.083333,0.072049
52 , N ,1.042620 , 0.852045, 0.009005,0.001549
52 , K ,-6378.859791 , -3627.277178, 0.055556,0.048611
52 , D ,1.887463 , 1.285559, 0.000335,0.007670
53 , E ,-11570.356363 , -5752.447606, 0.101408,0.051432
53 , H ,0.863593 , 0.486621, 0.008322,0.000036
53 , Q ,-23939.284623 , -15498.765662, 0.163333,0.074301
53 , F ,0.586373 , 0.535703, 0.038221,0.000751
53 , Y ,0.817173 , 0.575506, 0.013885,0.000323
53 , C ,-4249.759116 , -3514.106240, 0.026995,0.051691
53 , N ,0.665386 , 0.537952, 0.026272,0.000484
53 , K ,-11411.621433 , -9586.719521, 0.041026,0.048356
53 , D ,0.993222 , 0.500480, 0.004293,0.000087
54 , E ,-22222.277179 , -10655.790316, 0.093750,0.177246
54 , H ,1.123596 , 0.162611, 0.000496,0.004522
54 , Q ,-29490.135133 , -21950.159080, 0.140000,0.076667
54 , F ,2.090532 , 0.778104, 0.000018,0.001883
54 , Y ,1.044654 , 0.537195, 0.003730,0.006328
54 , C ,0.704953 , 0.274601, 0.010244,0.000910
54 , N ,0.899987 , 0.282252, 0.003354,0.000163
54 , K ,-15058.585727 , -8004.235118, 0.205128,0.060706
54 , D ,0.974669 , 0.282889, 0.002167,0.001664
55 , E ,-7505.659309 , -6984.530894, 0.024752,0.048555
55 , H ,-5695.369317 , -5449.210747, 0.033854,0.049064
55 , Q ,-806.848207 , -730.010317, 0.031884,0.052720
55 , F ,0.817077 , 0.812317, 0.024368,0.001553
55 , Y ,0.939041 , 0.916779, 0.016993,0.000830
55 , C ,-4422.114974 , -3120.391754, 0.038265,0.050778
55 , N ,0.919901 , 0.908287, 0.018333,0.000416
55 , K ,-3053.376299 , -638.226009, 0.029412,0.056842
55 , D ,1.406229 , 1.383780, 0.005008,0.000265
56 , E ,0.936076 , 0.471048, 0.005232,0.000416
56 , H ,1.006415 , 0.748782, 0.008458,0.000049
56 , Q ,0.880064 , 0.632559, 0.011762,0.000035
56 , F ,-17073.393147 , -9600.749994, 0.143613,0.052115
56 , Y ,0.816687 , 0.780285, 0.022777,0.000086
56 , C ,0.886182 , 0.798096, 0.017185,0.000052
56 , N ,-4184.179662 , -4053.041240, 0.043011,0.049045
56 , K ,0.900507 , 0.358095, 0.004379,0.000020
56 , D ,0.777420 , 0.580691, 0.017320,0.000211
57 , E ,0.619446 , 0.419470, 0.024571,0.001245
57 , H ,-8656.649079 , -7112.220526, 0.058997,0.046395
57 , Q ,0.664564 , 0.433900, 0.020140,0.000310
57 , F ,0.806127 , 0.652826, 0.017799,0.001108
57 , Y ,-7642.841998 , -6331.372610, 0.050000,0.046636
57 , C ,-8345.216956 , -4256.021981, 0.089059,0.049330
57 , N ,0.698887 , 0.668018, 0.030625,0.000125
57 , K ,0.930130 , 0.856598, 0.015707,0.000625
57 , D ,1.537606 , 0.937751, 0.000820,0.001044
58 , E ,0.524538 , 0.359106, 0.032826,0.001379
58 , H ,-8686.402915 , -7653.184733, 0.064343,0.045643
58 , Q ,0.767444 , 0.522062, 0.015198,0.000108
58 , F ,0.803335 , 0.536710, 0.013236,0.000960
58 , Y ,-7638.940781 , -7470.808888, 0.028571,0.047257
58 , C ,-10122.933710 , -7602.920857, 0.085366,0.045165
58 , N ,0.618588 , 0.543429, 0.033487,0.000139
58 , K ,1.063232 , 1.020543, 0.011789,0.000428
58 , D ,0.897855 , 0.700094, 0.012863,0.000054
59 , E ,0.513691 , 0.264297, 0.026550,0.000318
59 , H ,-16808.496898 , -10093.203704, 0.156250,0.064629
59 , Q ,0.594986 , 0.371886, 0.024286,0.000684
59 , F ,-15287.218861 , -10137.398352, 0.146091,0.044140
59 , Y ,-18314.768945 , -11187.521240, 0.182243,0.047233
59 , C ,-7681.097906 , -3902.868338, 0.068881,0.050782
59 , N ,-17222.927523 , -11285.458665, 0.161538,0.046109
59 , K ,0.504829 , 0.131217, 0.018064,0.000829
59 , D ,-16663.169444 , -11762.357827, 0.156379,0.041368
60 , E ,0.551717 , 0.330001, 0.026599,0.000126
60 , H ,-16285.665560 , -10522.635490, 0.171271,0.043608
60 , Q ,0.646989 , 0.395105, 0.020017,0.000463
60 , F ,-16172.569384 , -10876.505374, 0.168571,0.041668
60 , Y ,-17545.140153 , -10561.826822, 0.153928,0.049084
60 , C ,-9865.161610 , -5625.168104, 0.089723,0.048369
60 , N ,-17133.579237 , -10469.828274, 0.157500,0.047617
60 , K ,0.904047 , 0.321090, 0.003709,0.000361
60 , D ,-20053.573778 , -13174.431976, 0.171521,0.046020
61 , E ,0.740636 , 0.532404, 0.018221,0.000300
61 , H ,-13989.080896 , -8013.548208, 0.127108,0.048694
61 , Q ,0.732932 , 0.508914, 0.017758,0.000145
61 , F ,-11038.538972 , -6835.181657, 0.118329,0.045288
61 , Y ,-14266.204074 , -7937.962270, 0.141068,0.048377
61 , C ,-9402.921478 , -4942.213363, 0.069704,0.051373
61 , N ,-13636.447485 , -8172.418633, 0.130682,0.047372
61 , K ,0.784556 , 0.372362, 0.008923,0.001550
61 , D ,-13619.104704 , -7953.495524, 0.094624,0.050364
62 , E ,0.745180 , 0.496937, 0.016133,0.000129
62 , H ,-14791.064029 , -8480.611532, 0.123560,0.049996
62 , Q ,0.655810 , 0.440458, 0.021655,0.000188
62 , F ,-12752.010362 , -7811.698500, 0.133279,0.045169
62 , Y ,-14492.287666 , -8489.853993, 0.144068,0.047196
62 , C ,-8094.017189 , -3625.995871, 0.069479,0.052410
62 , N ,-12583.490449 , -7069.493492, 0.123112,0.048444
62 , K ,0.704291 , 0.311714, 0.011267,0.000371
62 , D ,-12074.956999 , -6933.556893, 0.087284,0.050063
63 , E ,0.745049 , 0.489494, 0.015824,0.000216
63 , H ,-13359.567954 , -7052.587226, 0.126679,0.050075
63 , Q ,0.641502 , 0.398259, 0.020660,0.000161
63 , F ,-11540.032608 , -7086.593593, 0.128440,0.045074
63 , Y ,-14896.593447 , -8571.165732, 0.139390,0.048532
63 , C ,-8781.758533 , -4446.494699, 0.071339,0.051390
63 , N ,-13489.806454 , -7889.037249, 0.126582,0.047805
63 , K ,0.682502 , 0.299905, 0.012269,0.000923
63 , D ,-12887.747965 , -7605.621132, 0.098018,0.049724
64 , E ,0.753424 , 0.515584, 0.016341,0.000272
64 , H ,-14310.983336 , -7853.191903, 0.130092,0.049902
64 , Q ,0.648710 , 0.422179, 0.021381,0.000331
64 , F ,-12706.766724 , -7873.826423, 0.129199,0.045223
64 , Y ,-14315.486718 , -8177.839859, 0.143754,0.047405
64 , C ,-7714.334054 , -3216.974089, 0.076402,0.051916
64 , N ,-13275.162483 , -7523.239853, 0.129672,0.048091
64 , K ,0.754109 , 0.307497, 0.008405,0.000083
64 , D ,-14472.445164 , -9531.775593, 0.094253,0.048000
65 , E ,0.766491 , 0.523082, 0.015579,0.000115
65 , H ,-13584.006118 , -7615.154063, 0.122475,0.048887
65 , Q ,0.734614 , 0.506849, 0.017507,0.000177
65 , F ,-12126.917231 , -7564.888438, 0.122271,0.045398
65 , Y ,-14374.794024 , -8302.155804, 0.141655,0.047477
65 , C ,-8929.283443 , -4435.630320, 0.068418,0.051866
65 , N ,-12254.575669 , -6801.951036, 0.127660,0.047673
65 , K ,0.719499 , 0.322586, 0.010803,0.000700
65 , D ,-12240.620208 , -6787.299138, 0.089120,0.050666
66 , E ,0.775896 , 0.536048, 0.015410,0.000139
66 , H ,-13412.531439 , -7353.178769, 0.122164,0.049563
66 , Q ,0.722321 , 0.511803, 0.018847,0.000131
66 , F ,-13980.799384 , -8683.700575, 0.119746,0.046268
66 , Y ,-15874.762006 , -9107.445241, 0.141923,0.049383
66 , C ,-8320.712371 , -3837.778414, 0.069741,0.052097
66 , N ,-14013.463672 , -8623.078271, 0.125000,0.047427
66 , K ,0.885376 , 0.447714, 0.006569,0.000603
66 , D ,-11688.636924 , -6461.985553, 0.089568,0.049959
67 , E ,0.780527 , 0.573530, 0.016668,0.000321
67 , H ,-13075.062145 , -6788.720048, 0.122849,0.050670
67 , Q ,0.676546 , 0.476688, 0.021565,0.000221
67 , F ,-12916.011944 , -8158.153697, 0.121914,0.045470
67 , Y ,-14545.226143 , -8507.859770, 0.137667,0.047585
67 , C ,-8459.927796 , -4294.161438, 0.076030,0.050646
67 , N ,-12142.447826 , -6623.486229, 0.120690,0.048691
67 , K ,0.694905 , 0.294843, 0.011234,0.000420
67 , D ,-14349.434370 , -8786.597551, 0.083241,0.050899
68 , E ,0.754099 , 0.519294, 0.016384,0.000056
68 , H ,-14077.910880 , -8179.365628, 0.133373,0.047749
68 , Q ,0.663495 , -0.790863, 0.000007,0.042874
68 , F ,-11390.333896 , -6785.439911, 0.105845,0.047061
68 , Y ,-13443.668260 , -7493.772268, 0.136986,0.048028
68 , C ,-7836.173165 , -3677.106099, 0.071346,0.051454
68 , N ,-13306.213871 , -8107.156786, 0.131969,0.046296
68 , K ,0.702923 , 0.326285, 0.011964,0.001203
68 , D ,-11724.861216 , -6698.398600, 0.078189,0.051197
69 , E ,0.941133 , 0.517380, 0.006083,0.000490
69 , H ,-10507.708321 , -5989.355091, 0.090484,0.048799
69 , Q ,0.738671 , 0.121701, 0.004440,0.000010
69 , F ,-33019.536070 , -25030.521259, 0.375276,0.054564
69 , Y ,-21916.898548 , -14392.245439, 0.239826,0.044596
69 , C ,-25688.261716 , -16952.053296, 0.227086,0.050188
69 , N ,-23467.842103 , -15781.561158, 0.251291,0.045127
69 , K ,1.169410 , 0.416661, 0.001133,0.000025
69 , D ,-14382.817771 , -7319.229742, 0.122881,0.052333
70 , E ,-33696.285939 , -26121.967711, 0.439024,0.045337
70 , H ,1.079355 , 0.064302, 0.000429,0.000062
70 , Q ,-32084.904198 , -23997.406491, 0.426070,0.035420
70 , F ,0.809755 , -0.034327, 0.001421,0.000063
70 , Y ,1.198205 , -0.023383, 0.000127,0.000064
70 , C ,1.075231 , 0.400998, 0.001864,0.000008
70 , N ,0.969041 , 0.166837, 0.001343,0.000019
70 , K ,-32337.572036 , -24298.409387, 0.358974,0.054767
70 , D ,0.945703 , 0.116234, 0.001260,0.000290
72 , H ,1.122513 , 0.062126, 0.000317,0.000102
72 , Q ,-35994.284914 , -28015.047539, 0.448324,0.049951
72 , F ,0.962059 , -0.026340, 0.000574,0.000021
72 , Y ,1.008470 , 0.014911, 0.000522,0.000004
72 , C ,0.712817 , 0.170090, 0.006353,0.000264
72 , N ,1.151519 , 0.242228, 0.000610,0.000118
72 , K ,-32187.827701 , -23893.117439, 0.340619,0.057469
72 , D ,1.280224 , 0.207788, 0.000234,0.000138
73 , E ,-8457.024543 , -4856.045074, 0.103896,0.048027
73 , H ,-8115.395668 , -6373.951482, 0.024138,0.048273
73 , Q ,0.869182 , 0.815604, 0.019167,0.000244
73 , F ,0.722840 , 0.662036, 0.027728,0.000283
73 , Y ,-14305.788293 , -10340.193477, 0.067901,0.046363
73 , C ,-5079.620971 , -4729.125962, 0.031847,0.048526
73 , N ,-14217.408512 , -11867.028329, 0.098592,0.062554
73 , K ,-758.375312 , 1817.542360, 0.025000,0.055156
73 , D ,0.963723 , 0.952302, 0.016766,0.000957
74 , E ,-15332.853184 , -10882.528327, 0.142857,0.043896
74 , H ,0.469112 , 0.388724, 0.046693,0.000371
74 , Q ,-9144.919462 , -6852.221853, 0.074766,0.044985
74 , F ,1.002139 , 0.625068, 0.006027,0.000290
74 , Y ,-12550.331540 , -8962.752818, 0.034826,0.049751
74 , C ,-6365.621344 , -5650.211898, 0.027933,0.047790
74 , N ,-11295.393688 , -10612.648579, 0.070000,0.039475
74 , K ,0.227624 , 0.444233, 0.163241,0.002966
74 , D ,0.655126 , 0.622456, 0.033956,0.000135
75 , E ,-49550.926117 , -44891.079657, 0.336207,0.102668
75 , H ,1.203040 , 0.044031, 0.000178,0.000010
75 , Q ,-34804.800363 , -26587.747642, 0.372881,0.058363
75 , F ,0.986120 , 0.090404, 0.000865,0.000074
75 , Y ,0.746598 , -0.040623, 0.002119,0.000782
75 , C ,1.378342 , 0.002457, 0.000046,0.000193
75 , N ,0.879164 , 0.087956, 0.001632,0.000104
75 , K ,-28597.138269 , -20284.595984, 0.373737,0.035558
75 , D ,1.183529 , 0.119275, 0.000286,0.000248
76 , E ,-38230.939158 , -30589.050928, 0.455446,0.049897
76 , H ,0.940610 , 0.056130, 0.000979,0.000080
76 , Q ,-33522.610059 , -25114.144291, 0.364261,0.056703
76 , F ,1.286781 , 0.200098, 0.000219,0.000549
76 , Y ,0.844675 , 0.018830, 0.001508,0.000854
76 , C ,1.201506 , -0.077232, 0.000096,0.000036
76 , N ,1.096122 , 0.316487, 0.001180,0.000210
76 , K ,-41310.401083 , -34648.830996, 0.287356,0.102656
76 , D ,1.286610 , 0.219490, 0.000242,0.000039
77 , E ,-30868.796329 , -23594.286787, 0.345324,0.052810
77 , H ,1.187193 , 0.093663, 0.000249,0.000041
77 , Q ,-49921.415856 , -44713.070379, 0.398496,0.087583
77 , F ,1.324413 , 0.194542, 0.000169,0.000036
77 , Y ,0.559120 , -0.182283, 0.003312,0.000082
77 , C ,0.778212 , -0.158832, 0.000925,0.000052
77 , N ,0.984428 , 0.102225, 0.000904,0.000155
77 , K ,-34728.662442 , -30086.535500, 0.250000,0.091482
77 , D ,0.529507 , -0.099847, 0.005950,0.000382
78 , E ,-45245.395659 , -39630.948310, 0.389831,0.079934
78 , H ,0.824549 , -0.025135, 0.001388,0.001151
78 , Q ,-35370.766737 , -27519.712992, 0.412639,0.053500
78 , F ,1.447557 , 0.257983, 0.000107,0.000205
78 , Y ,0.549653 , -0.200360, 0.003237,0.000354
78 , C ,1.065779 , -0.136475, 0.000168,0.000008
78 , N ,0.162127 , -0.242915, 0.029020,0.001527
78 , K ,-28866.429866 , -19040.144449, 0.309859,0.091153
78 , D ,1.369768 , 0.143941, 0.000099,0.000371
79 , E ,-49993.895537 , -45044.069408, 0.380435,0.093986
79 , H ,0.904391 , 0.073724, 0.001341,0.000835
79 , Q ,-34298.243814 , -25836.968469, 0.414545,0.039673
79 , F ,1.221801 , 0.137491, 0.000247,0.000008
79 , Y ,0.739502 , -0.034713, 0.002254,0.001874
79 , C ,0.701587 , -0.140797, 0.001657,0.000063
79 , N ,1.424211 , 0.573972, 0.000452,0.009363
79 , K ,-34329.003445 , -24470.817648, 0.311111,0.098519
79 , D ,1.258029 , 0.142562, 0.000202,0.000106
80 , E ,-42602.641544 , -37534.755727, 0.391304,0.046909
80 , H ,0.673830 , -0.040937, 0.003259,0.000729
80 , Q ,-40486.340910 , -34526.879223, 0.420000,0.047259
80 , F ,1.213307 , 0.082066, 0.000198,0.000250
80 , Y ,1.025281 , 0.038995, 0.000507,0.000678
80 , C ,0.899370 , -0.102984, 0.000578,0.000021
80 , N ,0.804674 , 0.072436, 0.002434,0.000045
80 , K ,-27019.847751 , -20770.839459, 0.317073,0.044815
80 , D ,1.355725 , 0.172537, 0.000121,0.001049
81 , E ,-52837.199869 , -48570.512936, 0.404580,0.090030
81 , H ,0.907673 , 0.020028, 0.001026,0.000821
81 , Q ,-33738.266938 , -25324.114602, 0.364821,0.057192
81 , F ,1.184753 , 0.172612, 0.000366,0.000290
81 , Y ,0.773363 , -0.006036, 0.002074,0.000385
81 , C ,1.497417 , -0.000244, 0.000021,0.000192
81 , N ,0.636139 , 0.064169, 0.006619,0.001813
81 , K ,-38355.856688 , -32387.426478, 0.391304,0.046909
81 , D ,1.753622 , 0.324668, 0.000021,0.000282
82 , E ,-45407.017785 , -39251.484898, 0.389831,0.083381
82 , H ,0.773601 , -0.025796, 0.001908,0.001973
82 , Q ,-34920.572796 , -26891.943001, 0.412338,0.051136
82 , F ,1.043537 , 0.097503, 0.000629,0.000102
82 , Y ,0.865204 , -0.031460, 0.001030,0.000025
82 , C ,1.448287 , 0.010541, 0.000031,0.000043
82 , N ,1.127868 , 0.127788, 0.000416,0.000491
82 , K ,-41237.493061 , -34824.303071, 0.320000,0.091700
82 , D ,1.599566 , 0.198754, 0.000030,0.000330
83 , E ,-46219.329367 , -40365.998061, 0.432203,0.074871
83 , H ,1.082658 , 0.075215, 0.000445,0.000264
83 , Q ,-34282.856765 , -26486.912677, 0.419476,0.049101
83 , F ,1.178889 , 0.222577, 0.000482,0.000139
83 , Y ,0.504467 , -0.151928, 0.005451,0.000174
83 , C ,1.132035 , -0.087809, 0.000141,0.000132
83 , N ,1.412064 , 0.366672, 0.000214,0.001207
83 , K ,-66324.358727 , -74838.473473, 0.341772,0.178177
83 , D ,1.282905 , 0.179842, 0.000206,0.000011
84 , E ,-51008.181878 , -45791.128732, 0.401869,0.089615
84 , H ,0.877346 , -0.017995, 0.001022,0.000082
84 , Q ,-34191.449367 , -26017.689818, 0.408935,0.051346
84 , F ,1.500951 , 0.266979, 0.000078,0.000149
84 , Y ,1.237270 , 0.106834, 0.000192,0.000028
84 , C ,1.648524 , 0.015327, 0.000009,0.000111
84 , N ,0.899464 , 0.208028, 0.002459,0.000530
84 , K ,-35455.364133 , -28409.249719, 0.296296,0.091831
84 , D ,1.259752 , 0.215376, 0.000280,0.000008
85 , E ,-43312.736805 , -37035.933810, 0.360000,0.086000
85 , H ,0.512873 , -0.192727, 0.004218,0.000191
85 , Q ,-50325.024982 , -45668.439832, 0.396450,0.090158
85 , F ,1.011454 , 0.010484, 0.000507,0.000152
85 , Y ,0.796688 , -0.057253, 0.001421,0.001484
85 , C ,1.076787 , -0.152117, 0.000142,0.000465
85 , N ,1.077134 , 0.406991, 0.001947,0.012732
85 , K ,-13242.324674 , -8298.193165, 0.315789,0.078947
85 , D ,0.435076 , -0.129838, 0.009191,0.001260
86 , E ,-52881.020453 , -47354.951032, 0.353982,0.105764
86 , H ,1.021502 , 0.071247, 0.000638,0.000152
86 , Q ,-35008.282903 , -26663.588275, 0.369492,0.058412
86 , F ,1.185737 , 0.156319, 0.000337,0.000125
86 , Y ,0.633874 , -0.079179, 0.003536,0.000364
86 , C ,1.124282 , -0.090962, 0.000146,0.000030
86 , N ,1.195299 , 0.250868, 0.000488,0.000056
86 , K ,-46690.530558 , -42309.526178, 0.345679,0.089544
86 , D ,1.655871 , 0.223063, 0.000024,0.000388
87 , E ,-48932.157878 , -43630.185653, 0.401460,0.083915
87 , H ,0.940564 , 0.070124, 0.001057,0.001106
87 , Q ,-34421.101442 , -25972.376318, 0.370149,0.057798
87 , F ,1.303436 , 0.210281, 0.000208,0.000030
87 , Y ,0.973546 , -0.024662, 0.000543,0.000223
87 , C ,1.019304 , -0.058278, 0.000340,0.000007
87 , N ,1.014275 , 0.225801, 0.001341,0.000453
87 , K ,-36350.026414 , -27563.819089, 0.329670,0.065974
87 , D ,2.012701 , 0.239087, 0.000003,0.000672
88 , E ,-49545.793008 , -44754.987684, 0.414414,0.078768
88 , H ,0.746623 , -0.024790, 0.002297,0.001119
88 , Q ,-35402.659000 , -26816.146049, 0.369004,0.061033
88 , F ,1.328595 , 0.236414, 0.000200,0.000347
88 , Y ,0.793579 , -0.090228, 0.001188,0.000084
88 , C ,1.049521 , -0.096252, 0.000230,0.000006
88 , N ,0.881024 , 0.172434, 0.002385,0.002693
88 , K ,-32640.683779 , -24383.829745, 0.376812,0.051320
88 , D ,0.784265 , 0.071593, 0.002743,0.000139
89 , E ,-36471.072977 , -27973.819517, 0.432432,0.050726
89 , H ,0.955400 , -0.024074, 0.000603,0.000010
89 , Q ,-35281.487791 , -26783.490564, 0.372014,0.058218
89 , F ,1.202284 , 0.123639, 0.000262,0.000005
89 , Y ,0.799182 , -0.001791, 0.001819,0.001959
89 , C ,1.186892 , -0.071161, 0.000108,0.000120
89 , N ,0.790207 , 0.070309, 0.002687,0.003880
89 , K ,-48127.961153 , -42252.924368, 0.345238,0.098852
89 , D ,1.726135 , 0.258844, 0.000018,0.000848
90 , E ,-11041.442588 , -6928.358292, 0.141304,0.058404
90 , H ,-8345.079079 , -7394.933471, 0.027491,0.048107
90 , Q ,-1865.662078 , -1323.605591, 0.046512,0.051947
90 , F ,1.003495 , 0.782954, 0.009381,0.000088
90 , Y ,-7506.972732 , -6390.526186, 0.056701,0.046571
90 , C ,0.872239 , 0.810181, 0.018802,0.000510
90 , N ,-4496.376093 , -1623.972055, 0.043011,0.072956
90 , K ,-11420.256927 , -10611.639443, 0.050000,0.040625
90 , D ,-4255.652104 , -3494.193537, 0.033613,0.050614
91 , E ,-48163.223204 , -44196.232904, 0.468750,0.064941
91 , H ,1.091909 , -0.046261, 0.000228,0.000086
91 , Q ,-37548.864381 , -29549.944194, 0.389764,0.062450
91 , F ,1.038959 , 0.135309, 0.000766,0.000049
91 , Y ,0.398290 , -0.115009, 0.013195,0.008950
91 , C ,0.845327 , -0.032337, 0.001176,0.001261
91 , N ,0.415374 , -0.042076, 0.014962,0.000290
91 , K ,-65374.886013 , -61041.743145, 0.346154,0.202663
91 , D ,0.981206 , 0.112720, 0.000984,0.000089
92 , E ,-14112.924015 , -9273.541973, 0.078740,0.049833
92 , H ,-4491.601681 , -3209.141230, 0.060403,0.047723
92 , Q ,-5289.714452 , -5161.855761, 0.017361,0.050694
92 , F ,0.729090 , 0.595098, 0.022769,0.000516
92 , Y ,-10513.183069 , -9219.928319, 0.048889,0.046765
92 , C ,-9134.952976 , -6223.348093, 0.057047,0.048542
92 , N ,-5181.151742 , -3673.787819, 0.046512,0.050044
92 , K ,-7811.479564 , -5436.021096, 0.053763,0.048734
92 , D ,1.106707 , 1.179983, 0.013569,0.000128
93 , E ,-12558.487788 , -7513.339166, 0.080645,0.072407
93 , H ,-1046.218068 , -960.337560, 0.007547,0.052179
93 , Q ,0.730807 , 0.738179, 0.031246,0.000503
93 , F ,0.708926 , 0.561133, 0.023458,0.001770
93 , Y ,-13596.894230 , -10352.577883, 0.051282,0.047995
93 , C ,0.917574 , 0.827548, 0.015592,0.000219
93 , N ,-6833.173087 , -5837.712102, 0.078947,0.043715
93 , K ,-5750.269713 , -4420.003749, 0.033333,0.047500
93 , D ,0.766065 , 0.666577, 0.022623,0.000476
94 , E ,-33661.386676 , -25123.656429, 0.333333,0.059518
94 , H ,1.548447 , 0.357026, 0.000086,0.000395
94 , Q ,-22014.561555 , -14268.938842, 0.176991,0.068032
94 , F ,1.222726 , 0.287178, 0.000488,0.000024
94 , Y ,0.840192 , 0.299572, 0.005068,0.001388
94 , C ,1.236352 , 0.434967, 0.000820,0.000624
94 , N ,1.328027 , 0.465508, 0.000504,0.001336
94 , K ,-32347.647530 , -24437.673808, 0.227273,0.107955
94 , D ,0.687790 , 0.063609, 0.004776,0.000159
95 , E ,-25949.437062 , -18914.223842, 0.175676,0.067994
95 , H ,0.888940 , 0.236020, 0.002880,0.000106
95 , Q ,-18056.968557 , -10357.344618, 0.172932,0.050236
95 , F ,1.013823 , 0.408922, 0.002763,0.000134
95 , Y ,0.882940 , 0.422704, 0.005915,0.002247
95 , C ,0.960622 , 0.482452, 0.004797,0.000364
95 , N ,0.821137 , 0.473303, 0.010172,0.000595
95 , K ,-17624.606121 , -12451.915304, 0.156627,0.101321
95 , D ,0.675235 , 0.272994, 0.011669,0.000436
96 , E ,-24622.203486 , -17066.247866, 0.172662,0.069579
96 , H ,0.944143 , 0.285020, 0.002533,0.000304
96 , Q ,-16364.076939 , -9213.669683, 0.164557,0.048902
96 , F ,1.046366 , 0.386081, 0.002073,0.000163
96 , Y ,0.889982 , 0.485554, 0.007013,0.002503
96 , C ,0.875030 , 0.444556, 0.006845,0.000414
96 , N ,0.749454 , 0.431272, 0.013050,0.000011
96 , K ,-19039.090053 , -13278.745130, 0.176471,0.096747
96 , D ,0.737607 , 0.255159, 0.007636,0.000141
97 , E ,-18665.403405 , -11472.176160, 0.161290,0.049100
97 , H ,0.664939 , 0.216778, 0.009934,0.000271
97 , Q ,-18830.906248 , -11203.781185, 0.131631,0.053078
97 , F ,1.093335 , 0.523496, 0.002663,0.000204
97 , Y ,0.693324 , 0.383577, 0.014993,0.000433
97 , C ,0.977203 , 0.563352, 0.005610,0.000407
97 , N ,1.040393 , 0.826927, 0.008653,0.000426
97 , K ,-19376.669743 , -10785.332406, 0.099379,0.060231
97 , D ,0.915171 , 0.391152, 0.004467,0.000488
98 , E ,-15807.773795 , -8634.023885, 0.156794,0.049582
98 , H ,0.641423 , 0.226837, 0.011802,0.000159
98 , Q ,-16472.993250 , -9615.150008, 0.114964,0.051765
98 , F ,1.065591 , 0.496144, 0.002820,0.000019
98 , Y ,0.783215 , 0.461825, 0.011808,0.000292
98 , C ,0.928627 , 0.558498, 0.007266,0.000130
98 , N ,0.894955 , 0.682067, 0.012351,0.000356
98 , K ,-17211.324927 , -9285.903398, 0.067708,0.060974
98 , D ,0.985428 , 0.437692, 0.003490,0.001082
99 , E ,-55090.369397 , -52935.048120, 0.486842,0.072109
99 , H ,0.936572 , -0.023382, 0.000685,0.000042
99 , Q ,-47604.194690 , -41996.343121, 0.373984,0.089332
99 , F ,1.077697 , 0.205422, 0.000837,0.000300
99 , Y ,0.819263 , 0.091501, 0.002466,0.000768
99 , C ,0.961458 , -0.122219, 0.000353,0.000005
99 , N ,0.801749 , 0.130689, 0.003161,0.000694
99 , K ,-29792.434513 , -23424.207077, 0.216216,0.103360
99 , D ,0.793310 , 0.058096, 0.002479,0.000526
100 , E ,-56111.389685 , -51931.821292, 0.428571,0.094286
100 , H ,1.371956 , 0.153055, 0.000103,0.000047
100 , Q ,-49707.547584 , -44414.470858, 0.366038,0.094226
100 , F ,0.984407 , 0.131457, 0.001064,0.000357
100 , Y ,0.785831 , 0.028443, 0.002287,0.002685
100 , C ,1.191583 , 0.003962, 0.000156,0.000000
100 , N ,0.256798 , -0.093839, 0.032088,0.000464
100 , K ,-42823.660773 , -37423.866844, 0.290323,0.098855
100 , D ,1.137496 , 0.187655, 0.000524,0.000123
101 , E ,-47326.838117 , -42852.102030, 0.402299,0.078346
101 , H ,1.505008 , 0.301630, 0.000089,0.000015
101 , Q ,-51388.067779 , -47204.465717, 0.460377,0.074525
101 , F ,1.068308 , 0.170624, 0.000774,0.001212
101 , Y ,1.412870 , 0.100372, 0.000060,0.000517
101 , C ,1.101289 , 0.434452, 0.001831,0.000361
101 , N ,0.881577 , 0.275430, 0.003596,0.000136
102 , E ,-48501.881764 , -45230.771390, 0.296296,0.099451
102 , H ,1.010522 , 0.157993, 0.001021,0.000356
102 , Q ,-62824.388194 , -77799.839316, 0.487500,0.105156
102 , F ,1.974210 , 0.428220, 0.000009,0.000036
102 , Y ,2.909939 , 0.222324, 0.000000,0.006992
102 , C ,1.243661 , 0.382504, 0.000638,0.002155
102 , N ,0.961142 , 0.449092, 0.004286,0.017400
103 , E ,-20305.994590 , -16486.072188, 0.165049,0.038882
103 , H ,-17.496766 , -18.185779, 0.001128,0.035819
103 , Q ,-10598.987600 , -9334.529718, 0.066456,0.042654
103 , F ,0.637519 , 0.409253, 0.021430,0.000478
103 , Y ,-17739.718807 , -12912.431199, 0.119792,0.044278
103 , C ,-17997.390682 , -16364.730245, 0.094388,0.036686
103 , N ,-12174.434092 , -7526.665798, 0.081633,0.047428
103 , K ,4.367429 , 2.979342, 0.000000,0.015908
103 , D ,-6480.010201 , -5739.679960, 0.072848,0.042410
104 , E ,-17779.641985 , -13204.468046, 0.128440,0.043325
104 , H ,0.227385 , 0.169764, 0.081475,0.000545
104 , Q ,-11096.128052 , -10196.495091, 0.066246,0.042637
104 , F ,0.758602 , 0.505734, 0.015221,0.000344
104 , Y ,-17971.043771 , -13137.526241, 0.113301,0.043474
104 , C ,-17027.209226 , -15924.629216, 0.092417,0.036959
104 , N ,-12266.358652 , -8752.368367, 0.074380,0.045284
104 , K ,2.493136 , 1.859784, 0.000050,0.008833
104 , D ,-7301.477850 , -6805.306103, 0.064103,0.043208
105 , E ,-17803.716423 , -13069.725155, 0.078652,0.048226
105 , H ,0.264047 , 0.216688, 0.077720,0.000527
105 , Q ,-10681.813986 , -8881.948826, 0.063953,0.043292
105 , F ,0.726169 , 0.440205, 0.014858,0.000457
105 , Y ,-15154.225748 , -10535.639293, 0.121053,0.043179
105 , C ,-16903.610160 , -14807.188648, 0.105405,0.037756
105 , N ,-11387.841170 , -8450.659292, 0.066667,0.046576
105 , K ,2.610311 , 1.940681, 0.000035,0.006576
105 , D ,-5231.264853 , -5141.976616, 0.060403,0.043962
106 , E ,-17594.264153 , -13310.025822, 0.142857,0.041633
106 , H ,0.278661 , 0.216743, 0.072859,0.001107
106 , Q ,-9499.027423 , -7945.363220, 0.041543,0.046481
106 , F ,0.536323 , 0.377069, 0.032852,0.000347
106 , Y ,-16137.507597 , -12133.534167, 0.111111,0.041501
106 , C ,-17849.142388 , -16591.505238, 0.097744,0.037917
106 , N ,-16309.779833 , -15683.411520, 0.077519,0.038144
106 , K ,1.136358 , 0.950178, 0.006855,0.007585
106 , D ,-65.664678 , -66.128825, 0.004506,0.038211
107 , E ,-41586.643183 , -36097.367144, 0.400000,0.072336
107 , H ,1.304052 , 0.177592, 0.000179,0.000047
107 , Q ,-51433.641012 , -47687.962448, 0.528112,0.060461
107 , F ,1.470791 , -0.078453, 0.000017,0.001148
107 , Y ,0.838732 , -0.032834, 0.001212,0.000117
107 , C ,1.000443 , 0.280825, 0.001800,0.000004
107 , N ,0.608738 , 0.046973, 0.007164,0.003317
108 , E ,-45259.405979 , -39968.582603, 0.381579,0.082323
108 , H ,1.189554 , 0.096057, 0.000249,0.000054
108 , Q ,-61845.033913 , -78580.601468, 0.533505,0.142237
108 , F ,0.733821 , -0.151059, 0.001311,0.000115
108 , Y ,1.078720 , 0.036960, 0.000372,0.000519
108 , C ,1.025317 , 0.309703, 0.001763,0.000029
108 , N ,0.650305 , 0.162225, 0.008950,0.003958
109 , E ,-45824.488764 , -40522.633327, 0.376623,0.084837
109 , H ,1.121392 , 0.095271, 0.000382,0.000078
109 , Q ,-61887.560682 , -78547.113005, 0.535211,0.137880
109 , F ,0.999537 , -0.120785, 0.000278,0.001306
109 , Y ,1.164807 , 0.067534, 0.000250,0.000765
109 , C ,1.022201 , 0.310971, 0.001807,0.000036
109 , N ,0.650305 , 0.162225, 0.008950,0.003958
110 , E ,-32637.941465 , -25352.202421, 0.416000,0.047851
110 , H ,1.081817 , 0.023254, 0.000343,0.000023
110 , Q ,-36631.586292 , -29129.911353, 0.505774,0.035029
110 , F ,0.936458 , 0.028392, 0.000862,0.000129
110 , Y ,0.919665 , -0.067105, 0.000607,0.000013
110 , C ,0.917539 , 0.209198, 0.002214,0.000071
110 , N ,0.795407 , 0.079438, 0.002556,0.000527
110 , K ,-45530.214116 , -39350.149630, 0.300000,0.102806
110 , D ,1.205012 , 0.139755, 0.000268,0.000419
111 , E ,-4161.168760 , -2033.947833, 0.053448,0.051379
111 , H ,0.957821 , 0.837770, 0.013399,0.000103
111 , Q ,-6653.726043 , -3399.388584, 0.051913,0.051497
111 , F ,0.909401 , 0.494189, 0.006671,0.000053
111 , Y ,0.861799 , 0.807137, 0.019802,0.000101
111 , C ,0.834083 , 0.757769, 0.019922,0.000107
111 , N ,0.898626 , 0.710671, 0.013155,0.000358
111 , K ,-2502.515075 , -1366.458210, 0.037410,0.052300
111 , D ,1.154135 , 0.960947, 0.006866,0.000043
112 , E ,-19952.625631 , -13158.063329, 0.115854,0.051755
112 , H ,0.655515 , 0.334739, 0.015710,0.000099
112 , Q ,-30209.380645 , -22466.724644, 0.403226,0.034641
112 , F ,0.850270 , 0.728357, 0.017292,0.000402
112 , Y ,0.898954 , 0.461569, 0.006128,0.000513
112 , C ,0.929863 , 0.207503, 0.002039,0.000008
112 , N ,0.744480 , 0.411423, 0.012449,0.000048
112 , K ,-16404.063214 , -10056.382937, 0.136187,0.047026
112 , D ,1.154031 , 0.258179, 0.000635,0.000314
113 , E ,-35434.407676 , -28432.826931, 0.509615,0.039324
113 , H ,0.937391 , 0.303888, 0.002818,0.000101
113 , Q ,-33579.990957 , -25401.348502, 0.379571,0.055050
113 , F ,0.742262 , 0.006368, 0.002527,0.000232
113 , Y ,1.214212 , 0.269924, 0.000469,0.000118
113 , C ,1.093314 , 0.340665, 0.001334,0.000035
113 , N ,0.620536 , -0.000777, 0.005296,0.000245
113 , K ,-62011.483960 , -78449.314423, 0.629032,0.067898
113 , D ,0.697149 , 0.036764, 0.003957,0.000362
114 , E ,-28136.744979 , -19624.950465, 0.251466,0.066035
114 , H ,0.820571 , 0.500839, 0.011026,0.000064
114 , Q ,-33546.865016 , -25142.075077, 0.368514,0.057373
114 , F ,0.994295 , 0.362100, 0.002591,0.000077
114 , Y ,0.773128 , 0.372051, 0.009473,0.000222
114 , C ,0.732311 , 0.455509, 0.015292,0.000127
114 , N ,0.792206 , 0.442824, 0.010733,0.000174
114 , K ,-23488.920516 , -15484.199082, 0.175487,0.052370
114 , D ,0.715779 , 0.427966, 0.015256,0.000030
115 , E ,0.901367 , 0.212013, 0.002429,0.001066
115 , H ,-30763.193547 , -21720.463689, 0.289206,0.050314
115 , Q ,0.839594 , 0.352376, 0.006045,0.000031
115 , F ,-3999.971282 , -1794.955368, 0.054466,0.051212
115 , Y ,-23328.016732 , -14642.764766, 0.197227,0.069917
115 , C ,-27607.961604 , -19654.931697, 0.265903,0.060330
115 , N ,-42618.344713 , -37577.154770, 0.409002,0.070025
115 , K ,0.814653 , 0.031411, 0.001910,0.000126
115 , D ,-11789.035562 , -4403.084775, 0.090426,0.058956
116 , E ,1.071703 , 0.481119, 0.002584,0.000952
116 , H ,-30602.749029 , -21765.318007, 0.263267,0.068715
116 , Q ,0.910744 , 0.495457, 0.006684,0.000040
116 , F ,-5754.160379 , -5222.284544, 0.026994,0.049610
116 , Y ,-35993.423289 , -27620.024116, 0.401835,0.056706
116 , C ,-36184.411040 , -27986.011360, 0.404504,0.056233
116 , N ,-34175.943414 , -26194.458407, 0.420650,0.050372
116 , K ,0.951562 , -0.037433, 0.000579,0.000013
116 , D ,-50030.270167 , -45022.415073, 0.412804,0.086190
117 , E ,1.028175 , 0.384096, 0.002290,0.000122
117 , H ,-29643.578683 , -21218.410293, 0.297535,0.060225
117 , Q ,0.861190 , 0.463522, 0.007841,0.000054
117 , F ,-4487.713692 , -4113.556342, 0.038263,0.049825
117 , Y ,-34746.707340 , -26272.530992, 0.397500,0.044067
117 , C ,-32251.009300 , -24025.390680, 0.409299,0.038132
117 , N ,-34251.337140 , -26271.405687, 0.418953,0.050206
117 , K ,0.821418 , -0.097182, 0.000978,0.000046
117 , D ,-34382.836851 , -26076.716561, 0.373591,0.057047
118 , E ,-28688.863056 , -20049.211443, 0.267213,0.064878
118 , H ,1.006233 , 0.099250, 0.000790,0.000003
118 , Q ,-23935.815825 , -15654.901038, 0.202596,0.051120
118 , F ,0.966439 , 0.361529, 0.003028,0.000002
118 , Y ,0.967179 , 0.272496, 0.002111,0.000390
118 , C ,0.943532 , 0.486780, 0.005368,0.000018
118 , N ,0.858327 , 0.404716, 0.006537,0.000003
118 , K ,-23804.716047 , -15218.946242, 0.212465,0.067197
118 , D ,0.855001 , 0.254288, 0.003847,0.000288
119 , E ,0.224828 , -0.209326, 0.022002,0.000291
119 , H ,-27342.191897 , -20960.918213, 0.328932,0.032558
119 , Q ,0.217064 , -0.263620, 0.017972,0.000587
119 , F ,-20379.300397 , -15724.882649, 0.202614,0.036631
119 , Y ,-26967.899677 , -20596.917599, 0.346649,0.031987
119 , C ,-25143.622757 , -18691.503134, 0.292123,0.036263
119 , N ,-24334.335443 , -18094.614941, 0.301075,0.033050
119 , K ,0.309089 , -0.210130, 0.013316,0.000275
119 , D ,-20033.789264 , -14354.203877, 0.195251,0.038929
120 , E ,-11288.017280 , -5170.328341, 0.095541,0.053496
120 , H ,1.139254 , 0.421842, 0.001377,0.000047
120 , Q ,-19488.602481 , -11442.595399, 0.157246,0.052795
120 , F ,0.650461 , 0.533990, 0.027927,0.000208
120 , Y ,1.048807 , 0.638234, 0.004890,0.000117
120 , C ,-1865.353580 , -339.463691, 0.025838,0.055825
120 , N ,0.763696 , 0.330566, 0.008394,0.000222
120 , K ,-8988.265874 , -3301.544339, 0.080214,0.054706
120 , D ,0.799852 , 0.237086, 0.004919,0.000307
122 , H ,-7924.542636 , -4596.256622, 0.081325,0.047762
122 , Q ,0.657437 , 0.494387, 0.024822,0.000216
122 , F ,-9923.452602 , -6504.789225, 0.104167,0.045238
122 , Y ,-14690.161808 , -9488.017250, 0.137163,0.044602
122 , C ,-13260.864834 , -7497.492431, 0.109750,0.049407
122 , N ,-9786.096327 , -6185.327158, 0.091770,0.046399
122 , K ,0.715790 , 0.406252, 0.014310,0.000160
122 , D ,-9528.043813 , -5703.250360, 0.077233,0.048040
123 , E ,1.367642 , -0.093657, 0.000030,0.000190
123 , H ,-22686.509102 , -14641.707711, 0.162258,0.052755
123 , Q ,0.917500 , -0.089576, 0.000551,0.000208
123 , F ,1.000663 , 0.766357, 0.009037,0.000175
123 , Y ,-41699.581170 , -35592.453364, 0.319298,0.091847
123 , C ,-33050.069349 , -24065.260356, 0.299738,0.066833
123 , N ,-43657.921061 , -37725.711215, 0.344262,0.089398
123 , K ,1.122425 , -0.393863, 0.000028,0.000016
123 , D ,-22083.067705 , -15448.089926, 0.162791,0.105800
124 , E ,-26231.648884 , -17333.549012, 0.155172,0.077190
124 , H ,0.477311 , 0.314395, 0.037012,0.000203
124 , Q ,-11032.169101 , -6486.869003, 0.137056,0.045157
124 , F ,0.690558 , 0.395799, 0.015711,0.003696
124 , Y ,0.476763 , 0.263807, 0.032299,0.000537
124 , C ,0.582909 , 0.225300, 0.016260,0.000334
124 , N ,0.452243 , 0.352726, 0.045867,0.002931
124 , K ,-7511.251351 , -6329.306047, 0.214286,0.052721
124 , D ,0.357221 , 0.067554, 0.032645,0.001751
125 , E ,-17133.508752 , -12002.931454, 0.090909,0.046934
125 , H ,0.883875 , 0.599965, 0.010257,0.000980
125 , Q ,-10006.488653 , -5928.837852, 0.071186,0.049532
125 , F ,1.089460 , 0.685652, 0.004546,0.000075
125 , Y ,0.849385 , 0.763734, 0.018772,0.000835
125 , C ,0.841015 , 0.602898, 0.013209,0.000276
125 , N ,1.012123 , 0.747227, 0.008000,0.001826
125 , K ,0.722328 , 0.568320, 0.022156,0.001774
125 , D ,0.691567 , 0.517917, 0.022141,0.001833
126 , E ,-9462.561322 , -8752.699198, 0.037975,0.047829
126 , H ,-21241.282545 , -14324.862134, 0.164659,0.049096
126 , Q ,0.634306 , 0.492657, 0.027378,0.000366
126 , F ,-70728.366290 , -70728.911387, 0.000561,0.043657
126 , Y ,-10810.622042 , -8401.228985, 0.061644,0.045635
126 , C ,-11773.075054 , -9575.836029, 0.078431,0.043303
126 , N ,-16778.994168 , -13113.736129, 0.081081,0.049712
126 , K ,-11844.866392 , -10810.427271, 0.045455,0.042528
126 , D ,-12584.844541 , -11332.025073, 0.111111,0.038704
127 , E ,-10032.766562 , -4570.625518, 0.073171,0.053168
127 , H ,0.695949 , 0.642004, 0.029309,0.000226
127 , Q ,-10186.252843 , -5295.932269, 0.078261,0.070939
127 , F ,1.278926 , 0.750944, 0.001893,0.001558
127 , Y ,0.772161 , 0.694040, 0.023582,0.000613
127 , C ,0.936988 , 0.434832, 0.004748,0.000734
127 , N ,1.008966 , 0.791859, 0.009271,0.000133
127 , K ,-14660.248450 , -7424.085242, 0.140000,0.075067
127 , D ,0.830539 , 0.460317, 0.009308,0.000814
128 , E ,-3973.370702 , -3592.037510, 0.028436,0.052868
128 , H ,-6898.738684 , -1449.478339, 0.091603,0.054129
128 , Q ,1.089102 , 0.727718, 0.005220,0.000208
128 , F ,-9701.351341 , -5450.117005, 0.088571,0.048206
128 , Y ,-19265.364955 , -11507.884701, 0.143617,0.053056
128 , C ,-7912.979479 , -2896.352287, 0.077359,0.052915
128 , N ,-13827.445555 , -7484.983848, 0.108652,0.051904
128 , K ,0.862790 , 0.677112, 0.014419,0.000120
128 , D ,-15711.405143 , -9457.066091, 0.116438,0.051622
129 , E ,0.808431 , 0.681614, 0.019325,0.000614
129 , H ,-6392.452043 , -1023.961280, 0.083643,0.055150
129 , Q ,1.003634 , 0.624043, 0.006056,0.000475
129 , F ,-9827.022994 , -5039.256032, 0.091153,0.050344
129 , Y ,-18380.366959 , -10354.609917, 0.146953,0.053593
129 , C ,-9664.425346 , -4005.967932, 0.066667,0.055031
129 , N ,-12622.441193 , -6486.427179, 0.121324,0.050105
129 , K ,0.971199 , 0.768505, 0.010561,0.000078
129 , D ,-15044.661596 , -8944.937329, 0.127090,0.049650
130 , E ,0.804539 , 0.717052, 0.021408,0.000811
130 , H ,-5728.043898 , -435.004260, 0.076253,0.056268
130 , Q ,0.868694 , 0.567716, 0.010432,0.000079
130 , F ,-6249.462882 , -2478.753764, 0.066667,0.052129
130 , Y ,-18657.388238 , -10738.271727, 0.132075,0.054726
130 , C ,-6340.353901 , -966.254270, 0.069915,0.056322
130 , N ,-14385.844248 , -8264.696422, 0.106667,0.051321
130 , K ,0.937000 , 0.761697, 0.012384,0.000028
130 , D ,-14781.145232 , -8614.039181, 0.093385,0.053578
131 , E ,0.697875 , 0.652557, 0.030103,0.001403
131 , H ,-7669.525958 , -2252.731565, 0.090293,0.053377
131 , Q ,0.942689 , 0.554553, 0.006697,0.000498
131 , F ,-7804.686950 , -4524.457852, 0.086142,0.047897
131 , Y ,-18891.591688 , -11415.582649, 0.131021,0.053125
131 , C ,-8391.346068 , -3532.270922, 0.082960,0.051774
131 , N ,-13009.885034 , -6846.568091, 0.111959,0.051446
131 , K ,0.958953 , 0.778492, 0.011548,0.000099
131 , D ,-13055.247896 , -6838.083806, 0.078603,0.055438
132 , E ,0.787819 , 0.727731, 0.023840,0.002918
132 , H ,-6884.974075 , -1582.725491, 0.078189,0.054982
132 , Q ,0.971223 , 0.587115, 0.006419,0.000166
132 , F ,-10124.402509 , -5448.503650, 0.081233,0.050044
132 , Y ,-19938.598010 , -12278.412743, 0.167521,0.050907
132 , C ,-8525.841777 , -3056.786411, 0.069721,0.054820
132 , N ,-15218.285776 , -8521.261109, 0.103718,0.052974
132 , K ,0.921567 , 0.776866, 0.013864,0.000037
132 , D ,-15033.101245 , -8257.645075, 0.107256,0.054775
133 , E ,0.730744 , 0.654853, 0.026172,0.001294
133 , H ,-9120.098804 , -4119.553200, 0.089463,0.051178
133 , Q ,0.977139 , 0.628158, 0.007015,0.000097
133 , F ,-6229.358621 , -2193.697095, 0.067692,0.052665
133 , Y ,-18727.522850 , -10651.198397, 0.140820,0.054377
133 , C ,-8396.025588 , -3200.485783, 0.081673,0.052907
133 , N ,-14042.359809 , -7469.565065, 0.106122,0.052668
133 , K ,0.967769 , 0.780811, 0.011180,0.000122
133 , D ,-14663.803210 , -8041.703973, 0.109155,0.052826
134 , E ,0.763388 , 0.730599, 0.026803,0.001586
134 , H ,-4365.400563 , 379.180507, 0.081081,0.054848
134 , Q ,1.045503 , 0.699855, 0.005990,0.000136
134 , F ,-10659.259505 , -6346.302756, 0.077348,0.049613
134 , Y ,-19403.013565 , -11738.005309, 0.167488,0.050285
134 , C ,-8127.152529 , -3431.966281, 0.070780,0.052656
134 , N ,-13512.416262 , -6764.953553, 0.115750,0.052416
134 , K ,0.894849 , 0.717725, 0.013647,0.000047
134 , D ,-15197.326891 , -9180.331661, 0.115132,0.050930
135 , E ,-451.050191 , -451.491437, 0.000936,0.053424
135 , H ,-7595.164471 , -1753.672132, 0.094950,0.054315
135 , Q ,0.927623 , 0.597522, 0.008338,0.000151
135 , F ,-7523.092629 , -3488.419591, 0.083333,0.050154
135 , Y ,-17230.749005 , -9786.606368, 0.152801,0.050675
135 , C ,-7413.372446 , -2094.771517, 0.078125,0.054077
135 , N ,-13010.535660 , -6643.292982, 0.106122,0.051843
135 , K ,0.926190 , 0.725445, 0.012004,0.000124
135 , D ,-15400.838292 , -8898.310754, 0.137313,0.049710
136 , E ,0.679483 , 0.638693, 0.032124,0.001431
136 , H ,-7100.906906 , -1230.931016, 0.077236,0.057125
136 , Q ,1.062243 , 0.646108, 0.004663,0.000598
136 , F ,-7034.278948 , -3233.655102, 0.082803,0.049906
136 , Y ,-19724.248114 , -11731.266020, 0.145683,0.053817
136 , C ,-6737.745443 , -2060.366066, 0.072917,0.053510
136 , N ,-15323.394028 , -8432.232336, 0.099558,0.054141
136 , K ,0.963832 , 0.764090, 0.011026,0.000204
136 , D ,-15393.888700 , -8615.443234, 0.082031,0.076207
137 , E ,0.703387 , 0.644584, 0.028651,0.000783
137 , H ,-5151.813875 , 152.380873, 0.079439,0.056446
137 , Q ,0.888680 , 0.581293, 0.009819,0.000359
137 , F ,-6291.295720 , -2821.373727, 0.077206,0.049318
137 , Y ,-19383.918634 , -11774.995641, 0.150495,0.052053
137 , C ,-6458.039359 , -2067.861111, 0.076577,0.052340
137 , N ,-14241.941309 , -7815.298725, 0.103175,0.052877
137 , K ,0.974243 , 0.782036, 0.010793,0.000123
137 , D ,-13946.711368 , -8077.828046, 0.105485,0.051630
138 , E ,0.669498 , 0.390818, 0.017617,0.001274
138 , H ,-7853.805415 , -5661.492773, 0.053381,0.048746
138 , Q ,0.711483 , 0.422727, 0.015432,0.000145
138 , F ,0.895116 , 0.428088, 0.005724,0.000176
138 , Y ,-8556.838809 , -3638.648728, 0.085263,0.051396
138 , C ,-6576.631956 , -3639.554124, 0.045148,0.052039
138 , N ,0.568994 , 0.567465, 0.044589,0.000105
138 , K ,0.728521 , -0.756862, 0.000005,0.043635
138 , D ,-6833.036456 , -5440.006868, 0.035055,0.048456
139 , E ,0.938614 , 0.644956, 0.008934,0.000717
139 , H ,-8070.465026 , -5565.997157, 0.039017,0.050382
139 , Q ,0.843918 , 0.599631, 0.012920,0.000122
139 , F ,0.509360 , 0.329423, 0.032978,0.000370
139 , Y ,-8344.858499 , -5357.773715, 0.062290,0.049406
139 , C ,-6218.464909 , -3749.612067, 0.033372,0.051192
139 , N ,-6554.788180 , -5990.689693, 0.045767,0.047362
139 , K ,0.624269 , 0.579595, 0.035523,0.000470
139 , D ,-7718.091371 , -5295.515462, 0.041958,0.049678
140 , E ,0.368703 , 0.029843, 0.026192,0.002564
140 , H ,-7610.249380 , -4541.754667, 0.069388,0.049079
140 , Q ,0.581898 , 0.327572, 0.022815,0.000803
140 , F ,0.703241 , 0.541809, 0.022622,0.000716
140 , Y ,-13685.117544 , -8953.468357, 0.139535,0.043723
140 , C ,-7710.412034 , -3533.627012, 0.046763,0.053347
140 , N ,-11366.329883 , -10993.126692, 0.097130,0.040253
140 , K ,0.790163 , 0.592390, 0.016649,0.000221
140 , D ,-15030.518785 , -11621.492372, 0.086957,0.046446
141 , E ,0.303931 , -0.027443, 0.029784,0.003191
141 , H ,-8064.405978 , -6338.336097, 0.073438,0.045108
141 , Q ,0.461942 , 0.161451, 0.025178,0.000427
141 , F ,0.678636 , 0.411113, 0.017659,0.000030
141 , Y ,-13410.305358 , -9209.133949, 0.150165,0.041083
141 , C ,-8260.844657 , -6768.403480, 0.048679,0.048202
141 , N ,-13491.276528 , -10768.386911, 0.123894,0.039843
141 , K ,1.080653 , 0.736740, 0.005596,0.000240
141 , D ,-16463.902763 , -13702.503278, 0.150235,0.037212
142 , E ,0.774133 , 0.327381, 0.007938,0.001257
142 , H ,-11937.563187 , -7535.452101, 0.113164,0.045784
142 , Q ,0.577575 , 0.136967, 0.012252,0.000935
142 , F ,0.865268 , 0.455350, 0.007446,0.000700
142 , Y ,-17549.808204 , -11469.044010, 0.219570,0.039136
142 , C ,-12591.027223 , -8344.759438, 0.058233,0.049143
142 , N ,-13403.288672 , -8702.068394, 0.092179,0.049111
142 , K ,0.785593 , 0.402819, 0.009615,0.000469
142 , D ,-17317.258619 , -12572.702264, 0.075377,0.048673
143 , E ,0.999440 , 0.109775, 0.000859,0.000015
143 , H ,-21225.800447 , -13690.461248, 0.169038,0.050113
143 , Q ,0.963447 , 0.214452, 0.001725,0.000045
143 , F ,-26836.852294 , -17889.552206, 0.209552,0.072285
143 , Y ,-17169.553563 , -9747.337610, 0.139929,0.052367
143 , C ,-17069.359113 , -9552.553901, 0.117796,0.054539
143 , N ,-22485.484423 , -14251.022195, 0.181818,0.051840
143 , K ,0.926227 , 0.140675, 0.001573,0.000089
143 , D ,-20109.367444 , -12364.920742, 0.173913,0.067122
