1 , E ,0.615795 , 0.280961, 0.000015,0.000119
1 , H ,0.249445 , 0.847709, 0.123352,0.000353
1 , Q ,0.580637 , 0.220473, 0.000011,0.000110
1 , F ,0.285731 , 0.751878, 0.087635,0.000087
1 , Y ,0.286569 , 1.009897, 0.125027,0.000027
1 , C ,0.099264 , 0.403203, 0.157954,0.000255
1 , N ,0.217978 , 0.758474, 0.134504,0.000254
1 , K ,0.357049 , -0.030605, 0.000017,0.000025
1 , D ,0.357566 , 0.715784, 0.046577,0.000167
2 , E ,0.797372 , 1.009220, 0.001320,0.000413
2 , H ,1.124697 , 0.869088, 0.000002,0.000093
2 , Q ,0.703987 , 0.971424, 0.003502,0.000479
2 , F ,1.214124 , 1.006274, 0.000001,0.000338
2 , Y ,1.031722 , 0.902372, 0.000014,0.000146
2 , C ,1.482165 , 1.326546, 0.000000,0.000397
2 , N ,0.914853 , 0.637849, 0.000006,0.000270
2 , K ,0.670861 , 0.852966, 0.002798,0.000241
2 , D ,1.390693 , 0.980518, 0.000000,0.000177
3 , E ,0.446774 , 0.237506, 0.000270,0.000619
3 , H ,0.334271 , 0.689218, 0.052179,0.000529
3 , Q ,0.695861 , 0.432114, 0.000028,0.000139
3 , F ,0.456650 , 0.461921, 0.003691,0.000241
3 , Y ,0.318018 , 0.580629, 0.042508,0.000123
3 , C ,0.482619 , 0.632236, 0.008547,0.000763
3 , N ,0.402674 , 0.547687, 0.014750,0.000083
3 , K ,0.278731 , 0.155580, 0.002909,0.000213
3 , D ,0.714092 , 0.900217, 0.002015,0.000191
4 , E ,0.730588 , 0.754708, 0.000584,0.000079
4 , H ,0.592321 , 0.785788, 0.005148,0.000066
4 , Q ,0.703685 , 0.773280, 0.001025,0.000063
4 , F ,0.662336 , 0.684342, 0.000951,0.000060
4 , Y ,0.398796 , 0.809930, 0.042776,0.000089
4 , C ,0.606726 , 0.968564, 0.010088,0.000404
4 , N ,0.402851 , 0.801307, 0.040318,0.000132
4 , K ,0.819777 , 0.537448, 0.000009,0.000156
4 , D ,0.369333 , 0.679329, 0.037930,0.000099
5 , E ,0.892290 , 0.907370, 0.000156,0.000073
5 , H ,0.571580 , 0.766893, 0.006137,0.000238
5 , Q ,0.828123 , 0.895455, 0.000390,0.000139
5 , F ,0.926703 , 0.954996, 0.000135,0.000270
5 , Y ,0.431949 , 0.947369, 0.045032,0.000190
5 , C ,0.575979 , 1.005980, 0.015602,0.000201
5 , N ,0.429101 , 0.779832, 0.030476,0.000145
5 , K ,0.876453 , 0.576788, 0.000005,0.000069
5 , D ,0.456938 , 0.797406, 0.024551,0.000165
6 , E ,0.339947 , -0.267537, 0.000000,0.000281
6 , H ,0.988316 , 0.794967, 0.000001,0.043747
6 , Q ,0.378101 , -0.218337, 0.000000,0.000495
6 , F ,0.988822 , 0.802019, 0.000001,0.028255
6 , Y ,0.960992 , 0.711928, 0.000001,0.041377
6 , C ,1.124250 , 1.070734, 0.000001,0.058966
6 , N ,0.948596 , 0.693906, 0.000001,0.030444
6 , K ,0.524985 , -0.135049, 0.000000,0.000237
6 , D ,1.032216 , 0.903662, 0.000001,0.043127
7 , E ,0.379171 , 0.332252, 0.003780,0.000853
7 , H ,0.263226 , 0.514535, 0.054860,0.000572
7 , Q ,0.424823 , 0.279514, 0.000860,0.000230
7 , F ,1.110895 , 1.408682, 0.000112,0.005406
7 , Y ,0.104164 , 0.274131, 0.106875,0.000463
7 , C ,0.202691 , 0.434317, 0.078528,0.000447
7 , N ,1.328685 , 2.030744, 0.000146,0.003694
7 , K ,0.296721 , 0.182535, 0.003018,0.000766
7 , D ,0.337764 , 0.394408, 0.013877,0.000638
8 , E ,0.242482 , 0.274071, 0.020725,0.000880
8 , H ,0.828493 , 0.729000, 0.000080,0.000826
8 , Q ,0.480235 , 0.557603, 0.005620,0.000435
8 , F ,0.439886 , 0.409775, 0.003003,0.000326
8 , Y ,0.851451 , 0.835724, 0.000156,0.000992
8 , C ,1.126896 , 0.933479, 0.000003,0.001597
8 , N ,0.545685 , 0.475046, 0.000889,0.000913
8 , K ,0.827618 , 0.690859, 0.000047,0.001510
8 , D ,1.122887 , 0.908709, 0.000003,0.001259
9 , E ,0.831903 , 1.251916, 0.002944,0.000656
9 , H ,0.884823 , 0.778402, 0.000054,0.000808
9 , Q ,0.688330 , 1.016213, 0.005130,0.000266
9 , F ,0.680454 , 0.396812, 0.000024,0.000803
9 , Y ,0.886358 , 0.716844, 0.000025,0.000536
9 , C ,0.333693 , 0.295010, 0.006669,0.000912
9 , N ,0.661569 , 0.459999, 0.000083,0.000298
9 , K ,1.060143 , 1.372869, 0.000281,0.001164
9 , D ,1.244849 , 0.805137, 0.000000,0.005049
10 , F ,1.291857 , 0.656866, 0.000000,0.008849
10 , Y ,1.135970 , 0.564375, 0.000000,0.008664
10 , K ,-9772.831036 , -16593.367426, 0.250000,0.187500
11 , H ,0.310002 , 0.368858, 0.016602,0.000554
11 , Q ,0.214729 , 0.165014, 0.011469,0.000441
11 , F ,0.169522 , 0.229886, 0.041928,0.000398
11 , Y ,0.473996 , 0.528074, 0.004764,0.000261
11 , C ,1.598260 , 2.641742, 0.000064,0.003892
11 , N ,0.454391 , 0.538374, 0.006777,0.000243
11 , K ,0.367703 , 0.268622, 0.002280,0.000443
11 , D ,0.562993 , 0.462874, 0.000576,0.000507
12 , E ,0.512376 , 0.447002, 0.001239,0.000132
12 , H ,0.540464 , 0.725169, 0.007149,0.000088
12 , Q ,0.788496 , 0.820037, 0.000388,0.000054
12 , F ,0.678469 , 0.659305, 0.000578,0.000206
12 , Y ,0.496671 , 0.833655, 0.018724,0.000112
12 , C ,0.531998 , 0.743613, 0.008645,0.000173
12 , N ,0.677214 , 0.916434, 0.003588,0.000126
12 , K ,0.616106 , 0.502655, 0.000341,0.000187
12 , D ,0.813538 , 0.854615, 0.000355,0.000226
13 , E ,0.363504 , 0.671590, 0.039757,0.000574
13 , H ,0.853479 , 0.338827, 0.000000,0.000256
13 , Q ,0.437223 , 0.854035, 0.034866,0.001004
13 , F ,0.648139 , 0.219808, 0.000002,0.001049
13 , Y ,0.818005 , 0.344663, 0.000000,0.001232
13 , C ,0.681510 , 0.254597, 0.000002,0.000790
13 , N ,0.749443 , 0.222231, 0.000000,0.000825
13 , K ,0.335593 , 0.471064, 0.023166,0.001689
13 , D ,0.911760 , 0.265643, 0.000000,0.000801
14 , E ,0.309750 , 0.593814, 0.049804,0.001206
14 , H ,0.676077 , 0.233294, 0.000002,0.000622
14 , Q ,0.399402 , 0.851638, 0.047725,0.000711
14 , F ,0.681754 , 0.272028, 0.000003,0.000848
14 , Y ,0.736124 , 0.266449, 0.000001,0.000076
14 , C ,0.536770 , 0.223729, 0.000034,0.001324
14 , N ,0.938593 , 0.348755, 0.000000,0.000213
14 , K ,1.393714 , 1.849266, 0.000041,0.004025
14 , D ,0.697835 , 0.163353, 0.000000,0.001332
15 , E ,-0.501307 , -0.649211, 3.404871,0.001868
15 , H ,0.336210 , 0.214578, 0.002828,0.008401
15 , Q ,0.601852 , 1.093927, 0.020901,0.001661
15 , F ,1.162175 , 0.446903, 0.000000,0.004359
15 , Y ,0.896981 , 0.471060, 0.000001,0.001634
15 , C ,-0.038967 , -0.033047, 0.230348,0.007677
15 , N ,0.134120 , 0.083302, 0.027916,0.006040
15 , K ,0.725175 , 0.773612, 0.000781,0.016857
15 , D ,1.542911 , 1.069479, 0.000000,0.008322
16 , E ,0.624778 , 1.155416, 0.015234,0.001855
16 , H ,0.250052 , 0.089934, 0.002025,0.001585
16 , Q ,0.275296 , 0.529215, 0.054045,0.000605
16 , F ,0.778657 , 0.432876, 0.000005,0.001075
16 , Y ,0.672424 , 0.363501, 0.000016,0.000965
16 , C ,1.007098 , 0.659292, 0.000001,0.002597
16 , N ,0.865759 , 0.385545, 0.000000,0.000184
16 , K ,1.416634 , 1.919584, 0.000031,0.007158
16 , D ,0.756544 , 0.356450, 0.000002,0.001192
17 , E ,0.364035 , 0.657327, 0.038438,0.000953
17 , H ,0.951487 , 0.532687, 0.000001,0.000187
17 , Q ,0.360575 , 0.664221, 0.038103,0.000776
17 , F ,1.026708 , 0.537632, 0.000000,0.001378
17 , Y ,0.702117 , 0.413899, 0.000019,0.000377
17 , C ,1.244093 , 0.844583, 0.000000,0.000487
17 , N ,0.926978 , 0.571760, 0.000002,0.001466
17 , K ,0.464079 , 0.637068, 0.010913,0.002084
17 , D ,0.792409 , 0.437769, 0.000004,0.001300
18 , E ,1.341995 , 1.133478, 0.000001,0.000383
18 , H ,0.841150 , 0.982393, 0.000622,0.000104
18 , Q ,0.934967 , 0.630221, 0.000003,0.000244
18 , F ,0.889361 , 0.886867, 0.000133,0.001032
18 , Y ,0.698550 , 0.870108, 0.002181,0.000385
18 , C ,0.588505 , 0.900029, 0.009464,0.000706
18 , N ,0.682688 , 0.858118, 0.002428,0.000093
18 , K ,0.904427 , 0.680821, 0.000012,0.000224
18 , D ,0.802303 , 0.878757, 0.000504,0.000811
19 , E ,0.317390 , 0.606057, 0.048216,0.000556
19 , H ,0.604917 , 0.367578, 0.000072,0.000070
19 , Q ,-1419.175906 , -2031.543758, 0.319355,0.048384
19 , F ,0.999425 , 0.652134, 0.000001,0.000232
19 , Y ,0.591835 , 0.369210, 0.000094,0.000439
19 , C ,0.589162 , 0.211125, 0.000008,0.000346
19 , N ,0.488650 , 0.297283, 0.000291,0.000297
19 , K ,0.405398 , 0.560935, 0.014678,0.000481
19 , D ,0.532079 , 0.286008, 0.000100,0.000245
20 , E ,0.414204 , 0.831249, 0.039813,0.000500
20 , H ,0.789065 , 0.473940, 0.000007,0.000277
20 , Q ,0.199065 , 0.754882, 0.147414,0.000060
20 , F ,0.691181 , 0.372553, 0.000012,0.000363
20 , Y ,0.859804 , 0.389000, 0.000000,0.000482
20 , C ,0.914288 , 0.276575, 0.000000,0.000795
20 , N ,0.775998 , 0.335910, 0.000001,0.000616
20 , K ,0.474515 , 1.059921, 0.042688,0.000151
20 , D ,0.873544 , 0.278594, 0.000000,0.000264
21 , E ,0.124951 , 0.572039, 0.176212,0.000255
21 , H ,0.989615 , 0.597904, 0.000001,0.000137
21 , Q ,-155.689353 , -175.877051, 0.415978,0.021696
21 , F ,0.644942 , 0.325798, 0.000015,0.000335
21 , Y ,0.727856 , 0.294603, 0.000001,0.000045
21 , C ,0.944316 , 0.539968, 0.000001,0.001197
21 , N ,0.941722 , 0.433793, 0.000000,0.000248
21 , K ,0.308256 , 0.906823, 0.098843,0.000699
21 , D ,0.844586 , 0.298370, 0.000000,0.000100
22 , E ,0.851963 , 0.759716, 0.000061,0.001210
22 , H ,0.645003 , 0.689804, 0.001319,0.000522
22 , Q ,0.698769 , 0.532229, 0.000099,0.000578
22 , F ,0.851800 , 0.819121, 0.000141,0.000403
22 , Y ,0.633126 , 0.643926, 0.001076,0.000272
22 , C ,0.674741 , 0.966385, 0.004790,0.000820
22 , N ,0.426973 , 0.530361, 0.009728,0.000261
22 , K ,0.844307 , 0.698957, 0.000045,0.000126
22 , D ,0.813788 , 0.835106, 0.000294,0.000570
23 , E ,0.783040 , 0.766470, 0.000250,0.000293
23 , H ,1.125228 , 1.340237, 0.000095,0.001470
23 , Q ,0.388970 , 0.260279, 0.001405,0.000600
23 , F ,0.789920 , 0.740928, 0.000189,0.000288
23 , Y ,0.636803 , 0.738761, 0.002113,0.000431
23 , C ,0.619153 , 0.990165, 0.009784,0.000506
23 , N ,0.543216 , 0.727173, 0.006761,0.000373
23 , K ,0.617274 , 0.532570, 0.000474,0.000077
23 , D ,0.723693 , 0.790371, 0.000830,0.000240
24 , E ,0.574698 , 0.529312, 0.001003,0.000111
24 , H ,0.499505 , 0.508245, 0.002878,0.000332
24 , Q ,0.387644 , 0.364589, 0.004586,0.001119
24 , F ,0.830953 , 0.732824, 0.000088,0.000144
24 , Y ,0.294970 , 0.277523, 0.009187,0.000834
24 , C ,0.536390 , 0.709416, 0.006733,0.001077
24 , N ,0.406701 , 0.477805, 0.008479,0.000685
24 , K ,0.662547 , 0.535443, 0.000205,0.000773
24 , D ,0.396140 , 0.344245, 0.003233,0.000664
25 , E ,0.565499 , 0.484168, 0.000714,0.000165
25 , H ,0.654295 , 0.781479, 0.002154,0.000479
25 , Q ,0.657039 , 0.395125, 0.000029,0.002174
25 , F ,0.612768 , 0.581447, 0.000858,0.000164
25 , Y ,0.568403 , 0.627968, 0.002483,0.001035
25 , C ,0.892518 , 1.195529, 0.000776,0.002649
25 , N ,0.322992 , 0.553512, 0.037549,0.000510
25 , K ,0.685168 , 0.602610, 0.000286,0.000212
25 , D ,0.582750 , 0.580739, 0.001361,0.000287
26 , E ,0.652633 , 0.572632, 0.000389,0.000287
26 , H ,0.374680 , 0.586643, 0.024910,0.000302
26 , Q ,1.006837 , 0.623366, 0.000001,0.002102
26 , F ,0.715166 , 0.705170, 0.000475,0.000495
26 , Y ,0.420950 , 0.569791, 0.013287,0.000612
26 , C ,0.361118 , 0.726712, 0.046336,0.000238
26 , N ,0.405440 , 0.596335, 0.018396,0.000152
26 , K ,0.817167 , 0.706178, 0.000081,0.000466
26 , D ,0.358308 , 0.545408, 0.024767,0.000159
27 , E ,0.514857 , 0.466618, 0.001461,0.000192
27 , H ,0.720299 , 0.776863, 0.000772,0.000727
27 , Q ,0.569496 , 0.420817, 0.000314,0.000251
27 , F ,0.669621 , 0.727174, 0.001235,0.001147
27 , Y ,0.347396 , 0.329948, 0.006768,0.001076
27 , C ,0.588929 , 0.807186, 0.005970,0.000190
27 , N ,0.281300 , 0.380423, 0.025965,0.000424
27 , K ,0.695466 , 0.537159, 0.000110,0.000456
27 , D ,0.621836 , 0.549605, 0.000491,0.000425
29 , E ,0.564350 , 0.485982, 0.000744,0.000286
29 , H ,0.308733 , 0.482594, 0.033020,0.000736
29 , Q ,0.764962 , 0.467841, 0.000009,0.000754
29 , F ,0.626599 , 0.624440, 0.000975,0.000711
29 , Y ,0.345042 , 0.520130, 0.025832,0.000861
29 , C ,0.418113 , 0.797480, 0.035151,0.000699
29 , N ,0.386789 , 0.567504, 0.019717,0.000372
29 , K ,0.716935 , 0.612856, 0.000181,0.000403
29 , D ,0.427892 , 0.607080, 0.015167,0.000752
30 , E ,-242.520041 , -271.638080, 0.205645,0.032756
30 , H ,0.674494 , 0.094074, 0.000000,0.000835
30 , Q ,-409.386410 , -519.946171, 0.407767,0.033606
30 , F ,0.605118 , 0.220904, 0.000006,0.000181
30 , Y ,0.472003 , 0.046843, 0.000005,0.000106
30 , C ,0.370906 , -0.161207, 0.000001,0.000070
30 , N ,0.665202 , 0.204839, 0.000001,0.000551
30 , K ,0.345843 , 0.946146, 0.081189,0.001004
30 , D ,0.767436 , 0.269621, 0.000000,0.000049
31 , E ,0.115673 , 0.686245, 0.208328,0.000086
31 , H ,0.739637 , 0.080675, 0.000000,0.001051
31 , Q ,-5195.936935 , -8997.889370, 0.453020,0.073786
31 , F ,0.708888 , 0.236901, 0.000001,0.000362
31 , Y ,0.748609 , 0.046633, 0.000000,0.000374
31 , C ,0.598326 , -0.091415, 0.000000,0.000248
31 , N ,0.686956 , 0.148189, 0.000000,0.000476
31 , K ,0.218186 , 0.697709, 0.120722,0.000504
31 , D ,0.854553 , 0.362635, 0.000000,0.000359
32 , E ,-564.851890 , -708.909956, 0.225000,0.042756
32 , H ,0.919375 , 0.093136, 0.000000,0.000054
32 , Q ,-5315.444513 , -9217.064364, 0.450820,0.079515
32 , F ,0.793841 , 0.258095, 0.000000,0.000370
32 , Y ,0.749177 , 0.067342, 0.000000,0.000028
32 , C ,0.536710 , -0.160087, 0.000000,0.000026
32 , N ,0.730825 , 0.156262, 0.000000,0.000435
32 , K ,0.219692 , 0.732371, 0.126602,0.000696
32 , D ,0.730671 , 0.299162, 0.000001,0.000206
33 , E ,0.116220 , 0.696110, 0.210924,0.000180
33 , H ,0.811866 , 0.067699, 0.000000,0.000285
33 , Q ,-25.603239 , -24.148161, 0.429752,0.022135
33 , F ,0.870800 , 0.297369, 0.000000,0.000265
33 , Y ,0.698027 , 0.067302, 0.000000,0.000283
33 , C ,0.459746 , -0.179052, 0.000000,0.000032
33 , N ,0.726090 , 0.167368, 0.000000,0.000176
33 , K ,1.308434 , 1.701188, 0.000009,0.016366
33 , D ,0.732835 , 0.294899, 0.000001,0.000183
34 , E ,-591.028952 , -743.811770, 0.224670,0.041452
34 , H ,0.998718 , 0.693619, 0.000001,0.046020
34 , Q ,-1175.909428 , -1710.976362, 0.451737,0.047405
34 , F ,0.736468 , 0.237565, 0.000000,0.000259
34 , Y ,0.799298 , 0.102525, 0.000000,0.000103
34 , C ,0.480596 , -0.175550, 0.000000,0.000025
34 , N ,0.557779 , 0.091917, 0.000002,0.000107
34 , K ,0.212563 , 0.671394, 0.120367,0.000492
34 , D ,0.827464 , 0.339215, 0.000000,0.000210
35 , E ,-265.971702 , -300.058609, 0.198198,0.034567
35 , H ,1.012678 , 0.122827, 0.000000,0.000107
35 , Q ,-5360.766401 , -9305.563214, 0.441860,0.078346
35 , F ,0.802259 , 0.258924, 0.000000,0.000222
35 , Y ,0.928960 , 0.644191, 0.000002,0.041068
35 , C ,0.377450 , -0.167038, 0.000001,0.000136
35 , N ,0.799005 , 0.174793, 0.000000,0.000271
35 , K ,0.222401 , 0.706293, 0.118791,0.000574
35 , D ,0.816967 , 0.338397, 0.000000,0.000170
36 , E ,0.370795 , 0.520099, 0.019228,0.000302
36 , H ,0.657779 , 0.726143, 0.001416,0.000308
36 , Q ,0.344183 , 0.686894, 0.048584,0.000160
36 , F ,0.742049 , 0.558883, 0.000057,0.000370
36 , Y ,0.648191 , 0.553795, 0.000349,0.000107
36 , C ,0.861008 , 0.518204, 0.000003,0.000982
36 , N ,0.623670 , 0.577943, 0.000656,0.000150
36 , K ,0.344106 , 0.481708, 0.021463,0.000628
36 , D ,0.680040 , 0.711810, 0.000890,0.000100
37 , E ,-408.822746 , -469.861865, 0.142105,0.048262
37 , H ,0.750674 , 0.074796, 0.000000,0.002972
37 , Q ,-1287.483925 , -1876.770326, 0.394619,0.055011
37 , F ,0.790443 , 0.257341, 0.000000,0.000138
37 , Y ,0.522611 , 0.030939, 0.000001,0.000642
37 , C ,0.593393 , -0.145270, 0.000000,0.000333
37 , N ,0.880782 , 0.273235, 0.000000,0.000179
37 , K ,0.297053 , 0.968370, 0.109904,0.000283
37 , D ,0.921021 , 0.397095, 0.000000,0.000164
38 , E ,0.859126 , 0.784042, 0.000074,0.000781
38 , H ,0.316612 , 0.407113, 0.019507,0.000861
38 , Q ,0.539294 , 0.509954, 0.001452,0.000337
38 , F ,0.572006 , 0.715690, 0.004489,0.000330
38 , Y ,0.455854 , 0.632913, 0.011819,0.000601
38 , C ,0.520134 , 0.562254, 0.003185,0.000294
38 , N ,0.408951 , 0.553738, 0.014067,0.000683
38 , K ,0.535668 , 0.419374, 0.000576,0.000456
38 , D ,0.444463 , 0.568773, 0.009640,0.000734
39 , E ,0.692783 , 0.620309, 0.000292,0.000363
39 , H ,0.472593 , 0.700251, 0.014114,0.000258
39 , Q ,1.013895 , 0.741061, 0.000003,0.000271
39 , F ,0.705832 , 0.946162, 0.002952,0.000460
39 , Y ,0.370647 , 0.624086, 0.030557,0.000623
39 , C ,0.800457 , 0.981736, 0.001048,0.000186
39 , N ,0.487247 , 0.713253, 0.012842,0.000201
39 , K ,0.589022 , 0.500643, 0.000563,0.000251
39 , D ,1.522557 , 1.856954, 0.000007,0.003310
40 , E ,-211.405078 , -240.630971, 0.276382,0.034686
40 , H ,0.911615 , 0.178654, 0.000000,0.000413
40 , Q ,-145.546061 , -148.435559, 0.223881,0.043440
40 , F ,0.843873 , 0.359173, 0.000000,0.000506
40 , Y ,1.032181 , 0.241984, 0.000000,0.000109
40 , C ,1.548370 , 0.902751, 0.000000,0.001486
40 , N ,1.136564 , 0.405974, 0.000000,0.000319
40 , K ,0.113601 , 0.587739, 0.187788,0.000217
40 , D ,0.862137 , 0.207252, 0.000000,0.001472
41 , E ,0.835743 , 0.379000, 0.000000,0.001093
41 , H ,0.427396 , 0.807076, 0.033776,0.000646
41 , Q ,0.824225 , 0.376394, 0.000001,0.000824
41 , F ,0.578097 , 0.730279, 0.004471,0.000162
41 , Y ,0.377855 , 0.852886, 0.055262,0.000137
41 , C ,0.546519 , 0.934295, 0.016492,0.000083
41 , N ,0.481698 , 0.858316, 0.023661,0.000157
41 , K ,0.569363 , 0.213896, 0.000013,0.000225
41 , D ,0.455300 , 0.655538, 0.014038,0.000461
42 , E ,0.701359 , 0.291170, 0.000002,0.000737
42 , H ,0.417527 , 0.865226, 0.041963,0.000087
42 , Q ,1.003421 , 0.397408, 0.000000,0.000184
42 , F ,0.503391 , 0.690360, 0.009326,0.000210
42 , Y ,0.326685 , 0.852858, 0.080402,0.000126
42 , C ,0.275990 , 0.650771, 0.076653,0.000378
42 , N ,0.380491 , 0.830882, 0.051858,0.000117
42 , K ,0.768167 , 0.286185, 0.000000,0.000112
42 , D ,0.569829 , 0.843609, 0.009326,0.000316
43 , E ,0.653299 , 0.252137, 0.000004,0.000180
43 , H ,0.367944 , 0.766348, 0.049007,0.000316
43 , Q ,0.948993 , 0.367610, 0.000000,0.000156
43 , F ,0.479491 , 0.660884, 0.010631,0.000170
43 , Y ,0.291608 , 0.756169, 0.085818,0.000128
43 , C ,1.004419 , 1.868685, 0.002357,0.004610
43 , N ,0.372268 , 0.790153, 0.050100,0.000120
43 , K ,0.752471 , 0.276965, 0.000001,0.000098
43 , D ,0.686830 , 0.977030, 0.004313,0.000453
44 , E ,0.898396 , 0.349066, 0.000000,0.000493
44 , H ,0.395789 , 0.804101, 0.043103,0.000080
44 , Q ,0.740482 , 0.305877, 0.000001,0.000267
44 , F ,0.424000 , 0.540595, 0.010783,0.000211
44 , Y ,0.346667 , 0.877577, 0.073002,0.000491
44 , C ,1.710586 , 3.150950, 0.000117,0.004886
44 , N ,0.284145 , 0.643543, 0.070615,0.000249
44 , K ,0.650196 , 0.242894, 0.000003,0.000427
44 , D ,0.736410 , 1.101580, 0.004264,0.000129
45 , E ,0.825175 , 0.354172, 0.000000,0.000967
45 , H ,0.440173 , 0.810873, 0.030173,0.000558
45 , Q ,0.820173 , 0.378184, 0.000001,0.001039
45 , F ,0.580318 , 0.707461, 0.003764,0.000177
45 , Y ,0.365636 , 0.808151, 0.055596,0.000153
45 , C ,0.510673 , 0.907967, 0.021275,0.000217
45 , N ,0.434537 , 0.763458, 0.027008,0.000072
45 , K ,0.616672 , 0.244182, 0.000008,0.000432
45 , D ,0.464547 , 0.647851, 0.012361,0.000310
46 , E ,0.729428 , 0.300523, 0.000001,0.000500
46 , H ,0.238616 , 0.779256, 0.119318,0.000319
46 , Q ,0.507589 , 0.174625, 0.000026,0.000166
46 , F ,0.394346 , 0.524080, 0.014243,0.000410
46 , Y ,0.205492 , 0.833503, 0.155900,0.000087
46 , C ,0.239874 , 0.532830, 0.076153,0.000206
46 , N ,0.289515 , 0.831862, 0.095697,0.000103
46 , K ,0.752284 , 0.301950, 0.000001,0.000570
46 , D ,0.641750 , 0.986025, 0.007500,0.000279
47 , E ,0.441234 , 0.224900, 0.000275,0.000302
47 , H ,0.538023 , 0.942157, 0.018026,0.000497
47 , Q ,0.740831 , 0.343090, 0.000003,0.000108
47 , F ,0.620359 , 0.703897, 0.002108,0.000372
47 , Y ,0.498647 , 1.092623, 0.037067,0.000781
47 , C ,2.027100 , 3.316965, 0.000010,0.005782
47 , N ,0.359197 , 0.689156, 0.042277,0.000150
47 , K ,0.645782 , 0.257278, 0.000005,0.000623
47 , D ,0.724367 , 0.913504, 0.001960,0.000419
48 , Q ,2.434641 , 2.812137, 0.000000,0.033035
48 , F ,0.633154 , 0.196159, 0.000003,0.005506
48 , Y ,0.086221 , 0.049329, 0.055777,0.004867
48 , K ,-4256.142676 , -6687.318427, 0.238095,0.092971
48 , D ,-0.172934 , -0.035361, 3.173847,0.004080
49 , E ,0.839228 , 0.609019, 0.000017,0.000495
49 , H ,0.675188 , 0.858197, 0.002676,0.000187
49 , Q ,0.778006 , 0.666205, 0.000108,0.000100
49 , F ,0.771565 , 0.522505, 0.000021,0.000175
49 , Y ,0.726847 , 0.935117, 0.002135,0.000171
49 , C ,0.516705 , 0.764876, 0.011098,0.000467
49 , N ,0.435823 , 0.615926, 0.014374,0.000132
49 , K ,0.565260 , 0.327969, 0.000095,0.000241
49 , D ,0.708992 , 0.768902, 0.000924,0.000266
50 , E ,0.959028 , 0.713717, 0.000005,0.001397
50 , H ,0.531062 , 0.788109, 0.010112,0.001321
50 , Q ,1.041416 , 0.847206, 0.000006,0.001618
50 , F ,0.687841 , 0.855976, 0.002111,0.001574
50 , Y ,0.335454 , 0.532557, 0.031143,0.000980
50 , C ,0.151147 , 0.063268, 0.033516,0.008117
50 , N ,0.546730 , 0.726962, 0.006471,0.001845
50 , K ,0.915498 , 0.791804, 0.000033,0.000381
50 , D ,0.383904 , 0.530152, 0.017073,0.000499
51 , E ,0.730058 , 0.558200, 0.000076,0.000168
51 , H ,0.580973 , 0.699956, 0.003564,0.000241
51 , Q ,0.879761 , 0.769139, 0.000050,0.000282
51 , F ,0.638596 , 0.767922, 0.002524,0.000137
51 , Y ,0.448450 , 0.712421, 0.019121,0.000262
51 , C ,0.535092 , 0.719419, 0.007477,0.000500
51 , N ,0.606138 , 0.701348, 0.002576,0.000141
51 , K ,0.826807 , 0.682741, 0.000052,0.000223
51 , D ,0.561786 , 0.769482, 0.006936,0.000089
52 , E ,0.558528 , 0.675057, 0.004503,0.002642
52 , H ,0.045733 , 0.017367, 0.107825,0.008518
52 , Q ,0.360355 , 0.665986, 0.040771,0.003579
52 , F ,2.140821 , 1.991520, 0.000000,0.003130
52 , Y ,0.361313 , 0.299059, 0.004619,0.009720
52 , K ,0.133984 , 0.152595, 0.054671,0.005270
52 , D ,0.950691 , 0.644341, 0.000003,0.004841
53 , E ,0.572813 , 0.789949, 0.006793,0.000067
53 , H ,0.914316 , 0.608075, 0.000004,0.000111
53 , Q ,0.515191 , 0.888643, 0.018971,0.000595
53 , F ,0.574558 , 0.505391, 0.000754,0.000078
53 , Y ,0.795821 , 0.638104, 0.000057,0.000053
53 , C ,0.702738 , 0.734045, 0.000775,0.000130
53 , N ,0.714279 , 0.513303, 0.000058,0.000155
53 , K ,0.650944 , 0.820875, 0.002860,0.000245
53 , D ,0.786333 , 0.497346, 0.000011,0.000160
54 , E ,0.302589 , 0.495038, 0.038895,0.001909
54 , H ,1.333293 , 0.680335, 0.000000,0.007755
54 , Q ,1.314185 , 2.348179, 0.000795,0.002159
54 , F ,0.998931 , 0.572621, 0.000000,0.002130
54 , Y ,0.768162 , 0.425094, 0.000005,0.000560
54 , K ,0.129894 , 0.226855, 0.085312,0.003318
54 , D ,0.878529 , 0.310504, 0.000000,0.013483
55 , E ,0.992147 , 1.168628, 0.000226,0.000715
55 , H ,0.610517 , 0.614527, 0.001209,0.000640
55 , Q ,0.743073 , 0.759980, 0.000482,0.000312
55 , F ,0.593892 , 0.568862, 0.001045,0.000968
55 , Y ,0.923002 , 0.925360, 0.000107,0.000218
55 , C ,1.120882 , 1.112382, 0.000018,0.001775
55 , N ,0.890235 , 0.832659, 0.000077,0.000338
55 , K ,0.772463 , 0.799858, 0.000431,0.000229
55 , D ,0.867949 , 0.851637, 0.000144,0.000723
56 , E ,0.950239 , 0.722793, 0.000008,0.000297
56 , H ,0.640853 , 0.505932, 0.000231,0.000181
56 , Q ,0.631159 , 0.524443, 0.000339,0.000237
56 , F ,0.473151 , 0.744429, 0.016867,0.000051
56 , Y ,0.705208 , 0.675896, 0.000430,0.000063
56 , C ,0.790348 , 0.776534, 0.000264,0.000163
56 , N ,0.723620 , 0.716198, 0.000460,0.000063
56 , K ,0.866163 , 0.520448, 0.000002,0.000468
56 , D ,0.599684 , 0.503068, 0.000480,0.000117
57 , E ,0.437595 , 0.360507, 0.001819,0.000420
57 , H ,0.449552 , 0.505548, 0.006008,0.000169
57 , Q ,0.910932 , 0.759168, 0.000026,0.000616
57 , F ,0.516754 , 0.450648, 0.001212,0.000187
57 , Y ,0.559536 , 0.670338, 0.003902,0.000466
57 , C ,0.591227 , 0.683004, 0.002691,0.000797
57 , N ,0.541057 , 0.565631, 0.002347,0.000171
57 , K ,0.543943 , 0.446535, 0.000686,0.000559
57 , D ,0.789975 , 0.663935, 0.000085,0.000515
58 , E ,0.374086 , 0.303276, 0.003122,0.000267
58 , H ,1.129003 , 1.080614, 0.000011,0.001642
58 , Q ,0.468556 , 0.411330, 0.001845,0.000321
58 , F ,0.608755 , 0.484413, 0.000323,0.000327
58 , Y ,0.666637 , 0.739373, 0.001365,0.000204
58 , C ,0.807805 , 0.923016, 0.000638,0.000144
58 , N ,0.647800 , 0.614796, 0.000613,0.000562
58 , K ,0.585492 , 0.548902, 0.000986,0.000423
58 , D ,0.521049 , 0.412560, 0.000695,0.000320
59 , E ,0.473321 , 0.361408, 0.000959,0.000290
59 , H ,0.291472 , 0.421932, 0.029193,0.000336
59 , Q ,0.429950 , 0.307388, 0.001134,0.000114
59 , F ,0.311220 , 0.491717, 0.032285,0.000251
59 , Y ,0.249108 , 0.439251, 0.050601,0.000281
59 , C ,0.505538 , 0.597576, 0.005205,0.000378
59 , N ,0.381188 , 0.554597, 0.020027,0.000370
59 , K ,0.377863 , 0.198488, 0.000706,0.000077
59 , D ,0.425550 , 0.580573, 0.013422,0.000185
60 , E ,0.452332 , 0.327764, 0.000958,0.000171
60 , H ,1.730619 , 2.198528, 0.000005,0.004789
60 , Q ,0.449696 , 0.328799, 0.001013,0.000041
60 , F ,0.362694 , 0.530771, 0.021798,0.000137
60 , Y ,1.842176 , 2.493522, 0.000005,0.005795
60 , C ,0.631752 , 0.729786, 0.002135,0.000220
60 , N ,0.444730 , 0.638609, 0.014288,0.000385
60 , K ,0.481250 , 0.286382, 0.000296,0.000185
60 , D ,1.699703 , 2.133723, 0.000006,0.004149
61 , E ,0.707735 , 0.535869, 0.000089,0.000187
61 , H ,0.383820 , 0.534495, 0.017406,0.000199
61 , Q ,0.574642 , 0.427399, 0.000309,0.000141
61 , F ,0.343785 , 0.501944, 0.023677,0.000120
61 , Y ,0.340464 , 0.525683, 0.027716,0.000399
61 , C ,0.601802 , 0.691770, 0.002533,0.000164
61 , N ,0.465074 , 0.631432, 0.010830,0.000246
61 , K ,0.493539 , 0.318858, 0.000367,0.000291
61 , D ,1.088379 , 1.321364, 0.000122,0.001355
62 , E ,0.558693 , 0.410558, 0.000343,0.000093
62 , H ,0.356653 , 0.507032, 0.020856,0.000092
62 , Q ,0.600694 , 0.445785, 0.000234,0.000164
62 , F ,0.350770 , 0.531858, 0.025289,0.000137
62 , Y ,0.364280 , 0.559284, 0.024755,0.000566
62 , C ,0.619000 , 0.725662, 0.002518,0.000342
62 , N ,0.546408 , 0.741653, 0.007137,0.000249
62 , K ,0.485309 , 0.313477, 0.000404,0.000274
62 , D ,0.456201 , 0.599030, 0.010163,0.000116
63 , E ,0.621224 , 0.454756, 0.000176,0.000121
63 , H ,0.371916 , 0.522088, 0.018783,0.000067
63 , Q ,0.580885 , 0.421973, 0.000256,0.000113
63 , F ,0.350640 , 0.532711, 0.025339,0.000145
63 , Y ,0.388713 , 0.594700, 0.022165,0.000528
63 , C ,0.612602 , 0.716802, 0.002583,0.000213
63 , N ,0.523913 , 0.714569, 0.008188,0.000249
63 , K ,0.466639 , 0.294253, 0.000458,0.000222
63 , D ,1.145618 , 1.459009, 0.000122,0.001543
64 , E ,0.562844 , 0.404311, 0.000291,0.000046
64 , H ,0.400114 , 0.554919, 0.015937,0.000250
64 , Q ,0.554115 , 0.407550, 0.000361,0.000049
64 , F ,1.087914 , 1.393501, 0.000200,0.002819
64 , Y ,0.340689 , 0.522089, 0.027152,0.000267
64 , C ,0.604579 , 0.699272, 0.002559,0.000170
64 , N ,0.506172 , 0.679163, 0.008448,0.000181
64 , K ,0.434199 , 0.279152, 0.000716,0.000230
64 , D ,0.465560 , 0.610585, 0.009608,0.000121
65 , E ,0.639117 , 0.467730, 0.000142,0.000257
65 , H ,0.381307 , 0.532694, 0.017773,0.000083
65 , Q ,0.573453 , 0.418662, 0.000284,0.000170
65 , F ,1.157047 , 1.614062, 0.000202,0.002193
65 , Y ,1.194349 , 1.593117, 0.000152,0.002861
65 , C ,0.588877 , 0.680457, 0.002820,0.000272
65 , N ,0.484631 , 0.662985, 0.010122,0.000165
65 , K ,0.433708 , 0.271820, 0.000658,0.000146
65 , D ,0.446292 , 0.583079, 0.010509,0.000046
66 , E ,0.612326 , 0.470152, 0.000251,0.000199
66 , H ,0.379408 , 0.532073, 0.018105,0.000123
66 , Q ,0.540762 , 0.405687, 0.000457,0.000104
66 , F ,1.662795 , 2.187587, 0.000006,0.003212
66 , Y ,0.339884 , 0.527478, 0.028011,0.000371
66 , C ,0.596177 , 0.687160, 0.002662,0.000110
66 , N ,0.513130 , 0.678894, 0.007714,0.000155
66 , K ,0.492242 , 0.317408, 0.000372,0.000165
66 , D ,0.471322 , 0.615741, 0.009226,0.000061
67 , E ,0.568075 , 0.420351, 0.000321,0.000047
67 , H ,0.361065 , 0.503064, 0.019349,0.000186
67 , Q ,0.516588 , 0.391071, 0.000608,0.000155
67 , F ,0.327965 , 0.489024, 0.026590,0.000185
67 , Y ,0.350047 , 0.535713, 0.025922,0.000396
67 , C ,0.631178 , 0.727455, 0.002116,0.000250
67 , N ,0.503361 , 0.671053, 0.008377,0.000165
67 , K ,0.492945 , 0.313146, 0.000345,0.000209
67 , D ,0.445055 , 0.581901, 0.010664,0.000086
68 , E ,0.590626 , 0.437066, 0.000257,0.000120
68 , H ,0.362155 , 0.504405, 0.019255,0.000176
68 , Q ,0.509788 , 0.378699, 0.000592,0.000107
68 , F ,0.334510 , 0.495566, 0.025494,0.000141
68 , Y ,0.370931 , 0.555233, 0.022580,0.000549
68 , C ,0.580081 , 0.682851, 0.003255,0.000206
68 , N ,0.506666 , 0.686000, 0.008735,0.000208
68 , K ,0.506030 , 0.332700, 0.000351,0.000269
68 , D ,0.420128 , 0.553714, 0.012465,0.000164
69 , E ,0.582451 , 0.447619, 0.000348,0.000251
69 , H ,0.482639 , 0.615666, 0.007967,0.000133
69 , Q ,0.536111 , 0.250478, 0.000052,0.000181
69 , F ,0.148747 , 0.582895, 0.153694,0.000265
69 , Y ,0.197263 , 0.461808, 0.087742,0.000064
69 , C ,0.437277 , 0.776485, 0.027562,0.000734
69 , N ,0.272994 , 0.620409, 0.071601,0.000056
69 , K ,0.591281 , 0.299727, 0.000035,0.000194
69 , D ,0.417616 , 0.610779, 0.017223,0.000086
70 , E ,-1629.597891 , -2310.489303, 0.140969,0.063673
70 , H ,1.033861 , 0.346673, 0.000000,0.000080
70 , Q ,0.140287 , 0.858791, 0.213381,0.000441
70 , F ,0.975168 , 0.217683, 0.000000,0.000102
70 , Y ,0.727621 , 0.153802, 0.000000,0.000214
70 , C ,0.515034 , 0.244792, 0.000077,0.000878
70 , N ,0.962206 , 0.386758, 0.000000,0.000566
70 , K ,0.313476 , 1.037081, 0.107994,0.000478
70 , D ,1.103929 , 0.383395, 0.000000,0.000210
71 , E ,-2216.289820 , -3388.862132, 0.200000,0.100000
72 , E ,-626.318567 , -785.712487, 0.149153,0.047685
72 , H ,0.899743 , 0.307272, 0.000000,0.002032
72 , Q ,-570.880400 , -720.149659, 0.225806,0.044370
72 , F ,0.639981 , 0.146072, 0.000001,0.000969
72 , Y ,1.103444 , 0.246573, 0.000000,0.000064
72 , C ,1.116346 , 0.476082, 0.000000,0.000911
72 , N ,0.894856 , 0.340239, 0.000000,0.000749
72 , K ,0.250759 , 0.798976, 0.117602,0.000157
72 , D ,0.825806 , 0.302113, 0.000000,0.000265
73 , E ,0.515971 , 0.727286, 0.009785,0.000574
73 , H ,0.593596 , 0.607728, 0.001429,0.000375
73 , Q ,1.433863 , 1.542590, 0.000005,0.000799
73 , F ,0.560635 , 0.489916, 0.000842,0.000214
73 , Y ,0.485674 , 0.553552, 0.004955,0.000357
73 , C ,0.780866 , 0.837974, 0.000493,0.001203
73 , N ,0.672406 , 0.684658, 0.000784,0.000409
73 , K ,1.053417 , 0.997894, 0.000024,0.000959
73 , D ,0.530895 , 0.521509, 0.001915,0.000195
74 , E ,0.246662 , 0.384059, 0.039324,0.000975
74 , H ,0.514920 , 0.542026, 0.002894,0.000147
74 , Q ,0.503483 , 0.507596, 0.002621,0.000147
74 , F ,0.542845 , 0.424595, 0.000531,0.001134
74 , Y ,0.345510 , 0.397764, 0.012033,0.000230
74 , C ,0.642558 , 0.682455, 0.001286,0.000834
74 , N ,0.347455 , 0.302563, 0.005045,0.000371
74 , K ,0.517191 , 0.525199, 0.002455,0.000866
74 , D ,0.233606 , 0.228010, 0.016641,0.000548
75 , E ,-476.639594 , -549.702505, 0.156250,0.044525
75 , H ,1.001509 , 0.315149, 0.000000,0.000251
75 , Q ,-415.315845 , -483.209682, 0.182432,0.051669
75 , F ,0.862240 , 0.304506, 0.000000,0.000432
75 , Y ,0.658224 , 0.174819, 0.000001,0.000363
75 , C ,0.378722 , 0.025533, 0.000031,0.000544
75 , N ,0.874887 , 0.315186, 0.000000,0.002553
75 , K ,0.393936 , 0.860722, 0.050114,0.000588
75 , D ,0.874466 , 0.275208, 0.000000,0.000375
76 , E ,-1795.423584 , -2558.925723, 0.158273,0.062126
76 , H ,0.992910 , 0.322264, 0.000000,0.000244
76 , Q ,-272.060462 , -310.815718, 0.174497,0.039142
76 , F ,0.943641 , 0.311238, 0.000000,0.000365
76 , Y ,0.590423 , 0.137789, 0.000002,0.000351
76 , C ,0.643973 , 0.078013, 0.000000,0.000182
76 , N ,1.515262 , 0.578835, 0.000000,0.001906
76 , K ,0.399985 , 0.873227, 0.049196,0.001146
76 , D ,0.544074 , 0.180649, 0.000013,0.001049
77 , E ,-625.972158 , -783.302898, 0.135417,0.045600
77 , H ,0.816162 , 0.245426, 0.000000,0.000920
77 , Q ,-441.580884 , -510.810778, 0.131579,0.052035
77 , F ,0.641904 , 0.209926, 0.000002,0.002330
77 , Y ,0.745792 , 0.165104, 0.000000,0.000768
77 , C ,0.929391 , 0.055400, 0.000000,0.001181
77 , N ,0.950039 , 0.358505, 0.000000,0.000518
77 , K ,0.457522 , 0.995565, 0.042000,0.001144
77 , D ,0.876802 , 0.298891, 0.000000,0.000812
78 , E ,-1674.997063 , -2390.921614, 0.150794,0.062799
78 , H ,0.843447 , 0.266115, 0.000000,0.002174
78 , Q ,-263.093874 , -295.291747, 0.186567,0.049942
78 , F ,0.902662 , 0.335888, 0.000000,0.001141
78 , Y ,0.809773 , 0.202179, 0.000000,0.000913
78 , C ,0.699690 , 0.090471, 0.000000,0.000373
78 , N ,1.149829 , 0.415820, 0.000000,0.002027
78 , K ,0.445215 , 1.001573, 0.047027,0.001687
78 , D ,0.729686 , 0.233738, 0.000000,0.000804
79 , E ,-586.019350 , -726.849586, 0.142857,0.044858
79 , H ,0.942070 , 0.333341, 0.000000,0.000677
79 , Q ,0.167661 , 0.884287, 0.197726,0.000354
79 , F ,0.935564 , 0.330732, 0.000000,0.000344
79 , Y ,0.685129 , 0.182791, 0.000000,0.000234
79 , C ,0.618871 , 0.111843, 0.000001,0.000233
79 , N ,1.198271 , 0.504468, 0.000000,0.001161
79 , K ,0.345131 , 0.732731, 0.055885,0.001547
79 , D ,0.588535 , 0.182274, 0.000005,0.000576
80 , E ,1.517749 , 2.047693, 0.000010,0.037446
80 , H ,1.001533 , 0.321064, 0.000000,0.000610
80 , Q ,1.334605 , 1.749346, 0.000010,0.028548
80 , F ,0.657986 , 0.223506, 0.000002,0.002117
80 , Y ,0.647707 , 0.189633, 0.000001,0.000075
80 , C ,0.884925 , 0.151707, 0.000000,0.000171
80 , N ,1.061616 , 0.386611, 0.000000,0.000814
80 , K ,1.902058 , 2.860993, 0.000015,0.021003
80 , D ,0.831530 , 0.286042, 0.000000,0.001307
81 , E ,-413.820234 , -476.433551, 0.172185,0.045557
81 , H ,1.190883 , 0.385867, 0.000000,0.000128
81 , Q ,-382.111999 , -443.116247, 0.197183,0.049147
81 , F ,0.893475 , 0.294148, 0.000000,0.000097
81 , Y ,0.939298 , 0.266699, 0.000000,0.000148
81 , C ,0.776157 , 0.085888, 0.000000,0.000736
81 , N ,0.892132 , 0.319508, 0.000000,0.000804
81 , K ,0.701266 , 1.476680, 0.016711,0.001172
81 , D ,0.711004 , 0.228962, 0.000001,0.001206
82 , E ,-1744.955700 , -2492.715832, 0.139860,0.062904
82 , H ,1.096880 , 0.367250, 0.000000,0.000033
82 , Q ,-419.682817 , -487.956949, 0.161491,0.054425
82 , F ,0.858538 , 0.293102, 0.000000,0.004178
82 , Y ,0.657714 , 0.156906, 0.000001,0.000221
82 , C ,0.744147 , 0.112997, 0.000000,0.003182
82 , N ,0.740373 , 0.262846, 0.000001,0.003766
82 , K ,0.318255 , 0.728746, 0.067077,0.000676
82 , D ,0.839522 , 0.298268, 0.000000,0.001753
83 , E ,-1716.833427 , -2437.964593, 0.192000,0.058347
83 , H ,1.261290 , 0.431148, 0.000000,0.000651
83 , Q ,-396.107460 , -461.864780, 0.197452,0.052010
83 , F ,1.077051 , 0.353075, 0.000000,0.000576
83 , Y ,0.811393 , 0.256178, 0.000000,0.000328
83 , C ,0.876175 , 0.123476, 0.000000,0.000204
83 , N ,1.046194 , 0.379294, 0.000000,0.000772
83 , K ,0.322622 , 0.866171, 0.083360,0.001132
83 , D ,0.522124 , 0.153708, 0.000013,0.001394
84 , E ,-1673.220913 , -2372.685584, 0.180451,0.059152
84 , H ,1.098087 , 0.341996, 0.000000,0.000255
84 , Q ,0.212693 , 0.912927, 0.163987,0.000285
84 , F ,0.745261 , 0.234870, 0.000000,0.002291
84 , Y ,0.765440 , 0.209104, 0.000000,0.000267
84 , C ,0.732916 , 0.117376, 0.000000,0.000616
84 , N ,1.257312 , 0.421476, 0.000000,0.001411
84 , K ,0.347480 , 0.857484, 0.069293,0.000508
84 , D ,0.904806 , 0.327395, 0.000000,0.001124
85 , E ,-540.811849 , -661.074023, 0.130435,0.042428
85 , H ,0.995347 , 0.253556, 0.000000,0.005384
85 , Q ,0.289794 , 1.275198, 0.147402,0.001519
85 , F ,0.882395 , 0.224242, 0.000000,0.001029
85 , Y ,0.581769 , 0.116657, 0.000002,0.000025
85 , C ,0.890110 , 0.076898, 0.000000,0.001683
85 , N ,0.395985 , 0.126112, 0.000146,0.001389
85 , K ,0.495470 , 1.030669, 0.036543,0.001334
85 , D ,0.769148 , 0.203718, 0.000000,0.001018
86 , E ,-1365.718297 , -1917.046765, 0.169118,0.056102
86 , H ,1.127232 , 0.389614, 0.000000,0.000288
86 , Q ,-252.974753 , -286.511583, 0.196078,0.037122
86 , F ,0.975097 , 0.350639, 0.000000,0.002215
86 , Y ,0.804293 , 0.251754, 0.000000,0.001062
86 , C ,0.843375 , 0.124054, 0.000000,0.000407
86 , N ,0.928143 , 0.344876, 0.000000,0.007157
86 , K ,0.336693 , 0.732910, 0.059120,0.002246
86 , D ,0.679575 , 0.208132, 0.000001,0.000780
87 , E ,-1773.217515 , -2525.909341, 0.181208,0.057325
87 , H ,1.032354 , 0.348995, 0.000000,0.000212
87 , Q ,-268.006991 , -305.269719, 0.215116,0.036594
87 , F ,0.965978 , 0.333202, 0.000000,0.001187
87 , Y ,0.493375 , 0.101493, 0.000009,0.001085
87 , C ,0.630173 , 0.096674, 0.000000,0.000061
87 , N ,0.880474 , 0.313721, 0.000000,0.003704
87 , K ,0.302947 , 0.711489, 0.069836,0.000407
87 , D ,0.885840 , 0.315845, 0.000000,0.002082
88 , E ,-467.223525 , -538.362634, 0.154472,0.044154
88 , H ,0.824973 , 0.248200, 0.000000,0.000544
88 , Q ,-442.946369 , -516.230592, 0.178344,0.050560
88 , F ,0.885010 , 0.315541, 0.000000,0.001448
88 , Y ,0.645105 , 0.155217, 0.000001,0.000574
88 , C ,0.802505 , 0.156158, 0.000000,0.000097
88 , N ,0.854367 , 0.298028, 0.000000,0.004416
88 , K ,0.367547 , 0.837946, 0.058393,0.000480
88 , D ,0.564917 , 0.149994, 0.000004,0.000433
89 , E ,-1720.864535 , -2444.882203, 0.161765,0.059977
89 , H ,1.274476 , 0.430696, 0.000000,0.000089
89 , Q ,-424.672693 , -494.871781, 0.174699,0.052502
89 , F ,0.830658 , 0.294462, 0.000000,0.001804
89 , Y ,0.600704 , 0.155770, 0.000002,0.001096
89 , C ,1.107746 , 0.187271, 0.000000,0.000945
89 , N ,0.908777 , 0.362653, 0.000000,0.003289
89 , K ,0.366439 , 0.820013, 0.056385,0.000825
89 , D ,0.705073 , 0.207685, 0.000000,0.001089
90 , E ,0.476898 , 0.617013, 0.008508,0.000312
90 , H ,1.146017 , 1.192683, 0.000022,0.001282
90 , Q ,0.606561 , 0.648384, 0.001709,0.000484
90 , F ,0.826201 , 0.662251, 0.000042,0.000281
90 , Y ,0.598810 , 0.668186, 0.002121,0.001069
90 , C ,0.874594 , 0.910552, 0.000215,0.000541
90 , N ,0.811838 , 0.788079, 0.000203,0.000207
90 , K ,0.533246 , 0.557109, 0.002528,0.000304
90 , D ,0.670679 , 0.724696, 0.001172,0.000565
91 , E ,-1795.798592 , -2584.695101, 0.192000,0.064405
91 , H ,0.700355 , 0.152829, 0.000000,0.000326
91 , Q ,-667.115252 , -840.717574, 0.183824,0.047835
91 , F ,0.659419 , 0.170848, 0.000001,0.001858
91 , Y ,0.618857 , 0.082577, 0.000000,0.000332
91 , C ,1.079224 , 0.239004, 0.000000,0.000403
91 , N ,0.695184 , 0.212770, 0.000001,0.000682
91 , K ,0.390186 , 0.740621, 0.040627,0.001565
91 , D ,0.803927 , 0.250241, 0.000000,0.001336
92 , E ,0.636575 , 0.769563, 0.002577,0.000382
92 , H ,0.778016 , 0.851110, 0.000593,0.000433
92 , Q ,0.746515 , 0.693928, 0.000228,0.000685
92 , F ,0.840246 , 0.730213, 0.000068,0.000475
92 , Y ,0.332512 , 0.368195, 0.011606,0.000518
92 , C ,0.684979 , 0.752161, 0.001149,0.000655
92 , N ,0.807770 , 0.814809, 0.000273,0.000662
92 , K ,0.503864 , 0.519290, 0.002867,0.000885
92 , D ,0.467738 , 0.465124, 0.003312,0.000992
93 , E ,0.468913 , 0.627765, 0.009945,0.000805
93 , H ,0.826234 , 0.743437, 0.000103,0.000319
93 , Q ,0.868055 , 0.940185, 0.000287,0.000770
93 , F ,0.481639 , 0.406013, 0.001418,0.000831
93 , Y ,0.532503 , 0.602309, 0.003599,0.000219
93 , C ,0.768829 , 0.744222, 0.000279,0.000846
93 , N ,0.598795 , 0.563563, 0.000881,0.000413
93 , K ,0.514213 , 0.510502, 0.002373,0.001836
93 , D ,0.718532 , 0.622922, 0.000204,0.000255
94 , E ,0.245649 , 0.630158, 0.094225,0.001901
94 , H ,0.821523 , 0.348672, 0.000000,0.000169
94 , Q ,0.438617 , 0.730901, 0.023353,0.000679
94 , F ,0.925040 , 0.391760, 0.000000,0.000479
94 , Y ,0.744368 , 0.374299, 0.000004,0.000200
94 , C ,1.172772 , 0.705904, 0.000000,0.000288
94 , N ,0.924494 , 0.434935, 0.000000,0.000864
94 , K ,0.424903 , 0.789607, 0.033043,0.003870
94 , D ,0.571225 , 0.257445, 0.000027,0.000276
95 , E ,0.336527 , 0.626291, 0.043618,0.001360
95 , H ,0.546995 , 0.279509, 0.000066,0.000344
95 , Q ,0.421572 , 0.710244, 0.025227,0.000319
95 , F ,0.863670 , 0.395540, 0.000000,0.000109
95 , Y ,0.664103 , 0.375946, 0.000023,0.000384
95 , C ,1.005565 , 0.662180, 0.000001,0.000102
95 , N ,0.831061 , 0.494104, 0.000003,0.000480
95 , K ,0.440416 , 0.748131, 0.024448,0.001271
95 , D ,0.600032 , 0.313883, 0.000034,0.000225
96 , E ,0.245726 , 0.526607, 0.071982,0.001108
96 , H ,0.686410 , 0.348865, 0.000009,0.000184
96 , Q ,0.606708 , 0.976435, 0.010293,0.000398
96 , F ,0.933607 , 0.459409, 0.000000,0.000225
96 , Y ,0.689200 , 0.410850, 0.000022,0.000505
96 , C ,0.854247 , 0.564868, 0.000007,0.000223
96 , N ,1.019716 , 0.674484, 0.000001,0.000598
96 , K ,1.463553 , 2.042603, 0.000042,0.006301
96 , D ,0.630773 , 0.315911, 0.000017,0.000814
97 , E ,0.302305 , 0.639191, 0.058364,0.000532
97 , H ,1.008887 , 0.531959, 0.000000,0.000683
97 , Q ,0.615055 , 0.996282, 0.009959,0.000497
97 , F ,0.895100 , 0.454412, 0.000001,0.000747
97 , Y ,0.447845 , 0.288784, 0.000637,0.000306
97 , C ,0.746030 , 0.509632, 0.000028,0.000274
97 , N ,1.073235 , 0.692415, 0.000000,0.000794
97 , K ,0.335985 , 0.611992, 0.039482,0.000711
97 , D ,0.560425 , 0.292880, 0.000058,0.001098
98 , E ,0.327827 , 0.676541, 0.052261,0.000633
98 , H ,1.181183 , 0.637995, 0.000000,0.000719
98 , Q ,0.532478 , 0.861134, 0.014240,0.000410
98 , F ,0.884134 , 0.439753, 0.000001,0.000365
98 , Y ,0.968064 , 0.620302, 0.000001,0.000839
98 , C ,0.709205 , 0.486271, 0.000045,0.000230
98 , N ,1.020463 , 0.685672, 0.000001,0.000533
98 , K ,0.235758 , 0.405217, 0.049921,0.000736
98 , D ,0.635925 , 0.375003, 0.000042,0.000584
99 , E ,-1663.668781 , -2377.564090, 0.129412,0.062561
99 , H ,0.855320 , 0.278690, 0.000000,0.001272
99 , Q ,-644.340677 , -805.100301, 0.176000,0.043632
99 , F ,0.972644 , 0.326674, 0.000000,0.000726
99 , Y ,0.827507 , 0.204990, 0.000000,0.000138
99 , C ,0.763861 , 0.174654, 0.000000,0.000156
99 , N ,0.908560 , 0.318821, 0.000000,0.000855
99 , K ,0.393008 , 0.824119, 0.046203,0.006371
99 , D ,0.660328 , 0.211900, 0.000002,0.002033
100 , E ,-1900.704550 , -2718.608356, 0.123711,0.069260
100 , H ,1.229484 , 0.395011, 0.000000,0.000142
100 , Q ,-307.843075 , -348.122200, 0.184358,0.034456
100 , F ,0.878346 , 0.281903, 0.000000,0.000310
100 , Y ,0.638895 , 0.183771, 0.000001,0.000282
100 , C ,0.840047 , 0.232760, 0.000000,0.000193
100 , N ,1.005467 , 0.371400, 0.000000,0.000342
100 , K ,0.647956 , 1.252138, 0.016272,0.001618
100 , D ,0.564838 , 0.237786, 0.000022,0.000694
101 , E ,-1552.459432 , -2185.984275, 0.117021,0.061830
101 , H ,1.054744 , 0.383512, 0.000000,0.001408
101 , Q ,-1132.183859 , -1491.242843, 0.228188,0.062685
101 , F ,1.055023 , 0.331971, 0.000000,0.001110
101 , Y ,0.998806 , 0.379505, 0.000000,0.000735
101 , C ,0.674108 , 0.371182, 0.000018,0.000399
101 , N ,1.006120 , 0.504043, 0.000000,0.001829
101 , K ,0.385126 , 0.976358, 0.067439,0.001535
101 , D ,1.107244 , 0.448595, 0.000000,0.000888
102 , E ,-1489.714986 , -2105.873045, 0.156250,0.063477
102 , H ,1.209291 , 0.483051, 0.000000,0.018185
102 , Q ,-3986.280095 , -6559.348824, 0.205128,0.083826
102 , F ,1.031913 , 0.277088, 0.000000,0.002720
102 , Y ,0.870355 , 0.255722, 0.000000,0.000571
102 , C ,0.641991 , 0.282650, 0.000009,0.001908
102 , N ,0.325111 , 0.179089, 0.002393,0.006439
102 , K ,0.594208 , 1.147782, 0.020085,0.003891
102 , D ,1.059049 , 0.450207, 0.000000,0.009258
103 , E ,0.106277 , 0.179359, 0.066823,0.000213
103 , H ,0.231292 , 0.296688, 0.027035,0.000658
103 , Q ,0.331639 , 0.350609, 0.009955,0.000342
103 , F ,0.413741 , 0.296353, 0.001345,0.000208
103 , Y ,0.243481 , 0.324023, 0.027897,0.000823
103 , C ,0.426781 , 0.583314, 0.013014,0.000297
103 , N ,0.281111 , 0.261805, 0.010002,0.000432
103 , K ,0.418476 , 0.420390, 0.004558,0.000426
103 , D ,0.105356 , 0.093486, 0.032979,0.001057
104 , E ,0.865315 , 1.148806, 0.000562,0.003486
104 , H ,0.275265 , 0.367126, 0.024679,0.000653
104 , Q ,0.360330 , 0.365548, 0.007314,0.000329
104 , F ,0.318272 , 0.208749, 0.002813,0.000316
104 , Y ,1.204612 , 1.766708, 0.000191,0.002347
104 , C ,0.521804 , 0.700232, 0.007705,0.000187
104 , N ,0.391655 , 0.399522, 0.005834,0.000783
104 , K ,0.278684 , 0.288533, 0.013716,0.000570
104 , D ,0.756367 , 0.392333, 0.000002,0.003566
105 , E ,0.120698 , 0.173363, 0.055704,0.000294
105 , H ,0.320858 , 0.421494, 0.018576,0.000507
105 , Q ,0.313236 , 0.337808, 0.011981,0.000178
105 , F ,0.544905 , 0.354388, 0.000170,0.000892
105 , Y ,0.190225 , 0.246248, 0.034117,0.000748
105 , C ,0.448499 , 0.610933, 0.011566,0.000342
105 , N ,0.383447 , 0.392679, 0.006140,0.000630
105 , K ,0.411481 , 0.413606, 0.004929,0.000318
105 , D ,0.751141 , 0.404851, 0.000003,0.003872
106 , E ,0.125774 , 0.202754, 0.062062,0.000352
106 , H ,0.192003 , 0.241611, 0.031916,0.000915
106 , Q ,0.287478 , 0.289911, 0.011808,0.000403
106 , F ,0.263439 , 0.156809, 0.004058,0.000325
106 , Y ,0.949874 , 0.693236, 0.000002,0.004675
106 , C ,0.343931 , 0.463924, 0.019591,0.000437
106 , N ,0.370982 , 0.376587, 0.006360,0.000647
106 , K ,0.228665 , 0.262374, 0.023710,0.000463
106 , D ,0.698887 , 0.361234, 0.000004,0.003148
107 , E ,-1558.214682 , -2189.015505, 0.148148,0.058742
107 , H ,0.973580 , 0.288715, 0.000000,0.000321
107 , Q ,-577.832097 , -730.193761, 0.251613,0.043163
107 , F ,0.978703 , 0.762461, 0.000003,0.039047
107 , Y ,0.957549 , 0.231983, 0.000000,0.000892
107 , C ,0.694066 , 0.278561, 0.000002,0.000823
107 , N ,0.536416 , 0.257214, 0.000059,0.001574
107 , K ,0.335813 , 0.978914, 0.091695,0.001588
107 , D ,0.701483 , 0.245240, 0.000001,0.000353
108 , E ,-291.658519 , -327.873922, 0.153846,0.036471
108 , H ,0.961839 , 0.268359, 0.000000,0.000421
108 , Q ,-570.513919 , -723.254940, 0.275591,0.041354
108 , F ,1.151603 , 0.222932, 0.000000,0.000496
108 , Y ,0.836713 , 0.190521, 0.000000,0.003860
108 , C ,0.695114 , 0.262416, 0.000002,0.000653
108 , N ,0.772240 , 0.294280, 0.000000,0.000774
108 , K ,0.269740 , 0.703205, 0.090166,0.002229
108 , D ,0.730801 , 0.271144, 0.000001,0.000934
109 , E ,-477.783850 , -550.653381, 0.127907,0.048743
109 , H ,0.983235 , 0.270925, 0.000000,0.000364
109 , Q ,-570.518006 , -724.826190, 0.282258,0.042062
109 , F ,0.885434 , 0.184897, 0.000000,0.001396
109 , Y ,0.813628 , 0.176598, 0.000000,0.004614
109 , C ,0.645716 , 0.232093, 0.000003,0.000841
109 , N ,0.822681 , 0.313168, 0.000000,0.001057
109 , K ,0.312843 , 0.797723, 0.080060,0.002435
109 , D ,0.687583 , 0.238424, 0.000001,0.000378
110 , E ,0.264208 , 0.876997, 0.122320,0.001187
110 , H ,0.750691 , 0.211673, 0.000000,0.000099
110 , Q ,0.142526 , 1.064993, 0.239725,0.000034
110 , F ,0.763834 , 0.421221, 0.000000,0.027046
110 , Y ,0.953237 , 0.702814, 0.000002,0.040086
110 , C ,0.739500 , 0.256853, 0.000001,0.001275
110 , N ,0.859225 , 0.314092, 0.000000,0.002145
110 , K ,1.133572 , 1.346311, 0.000008,0.027383
110 , D ,0.789648 , 0.242822, 0.000000,0.000138
111 , E ,0.702278 , 0.726517, 0.000724,0.000053
111 , H ,0.952869 , 0.872774, 0.000040,0.000069
111 , Q ,0.602154 , 0.668358, 0.002129,0.000094
111 , F ,0.717521 , 0.470576, 0.000031,0.000373
111 , Y ,0.777541 , 0.749205, 0.000255,0.000272
111 , C ,0.796964 , 0.716107, 0.000124,0.000512
111 , N ,0.820892 , 0.653878, 0.000043,0.000101
111 , K ,0.827974 , 0.812795, 0.000191,0.000222
111 , D ,0.822645 , 0.721262, 0.000086,0.000211
112 , E ,0.453028 , 0.655590, 0.014235,0.000250
112 , H ,0.713256 , 0.485654, 0.000039,0.000380
112 , Q ,0.213050 , 0.560125, 0.097583,0.000113
112 , F ,0.545776 , 0.558718, 0.002091,0.000171
112 , Y ,0.627854 , 0.456511, 0.000154,0.000149
112 , C ,0.558442 , 0.292701, 0.000064,0.000218
112 , N ,0.601698 , 0.430368, 0.000187,0.000190
112 , K ,0.434168 , 0.592797, 0.012631,0.000247
112 , D ,0.542339 , 0.256138, 0.000049,0.000093
113 , E ,-588.619934 , -740.960616, 0.226230,0.043918
113 , H ,0.725533 , 0.414734, 0.000011,0.000655
113 , Q ,0.240986 , 0.804038, 0.121647,0.000436
113 , F ,0.654180 , 0.207068, 0.000001,0.000100
113 , Y ,0.864159 , 0.384209, 0.000000,0.000346
113 , C ,1.161039 , 0.650001, 0.000000,0.000330
113 , N ,0.805863 , 0.264149, 0.000000,0.000091
113 , K ,0.069971 , 0.837560, 0.268552,0.000200
113 , D ,0.742241 , 0.308363, 0.000001,0.000419
114 , E ,1.398075 , 2.221320, 0.000161,0.002802
114 , H ,0.662601 , 0.526493, 0.000192,0.000138
114 , Q ,0.281103 , 0.717445, 0.084545,0.000059
114 , F ,0.754324 , 0.394804, 0.000004,0.000070
114 , Y ,0.630256 , 0.429190, 0.000104,0.000068
114 , C ,0.659697 , 0.507606, 0.000160,0.000335
114 , N ,0.586038 , 0.421530, 0.000230,0.000053
114 , K ,0.308695 , 0.662615, 0.059324,0.000101
114 , D ,0.463428 , 0.395309, 0.001707,0.000142
115 , E ,0.683359 , 0.357888, 0.000012,0.000272
115 , H ,0.392836 , 0.915851, 0.056252,0.000366
115 , Q ,0.582267 , 0.314098, 0.000053,0.000346
115 , F ,0.609037 , 0.674684, 0.002016,0.000220
115 , Y ,0.458372 , 0.881699, 0.031642,0.000255
115 , C ,0.313949 , 0.629884, 0.052892,0.000311
115 , N ,0.081711 , 0.450703, 0.188508,0.000088
115 , K ,0.618044 , 0.203616, 0.000003,0.000066
115 , D ,0.499957 , 0.822516, 0.017256,0.000200
116 , E ,0.986669 , 0.599165, 0.000001,0.000142
116 , H ,1.342683 , 2.736781, 0.000985,0.004426
116 , Q ,0.726934 , 0.510298, 0.000044,0.000092
116 , F ,0.765590 , 0.731743, 0.000267,0.000040
116 , Y ,0.222412 , 0.758011, 0.131913,0.000182
116 , C ,0.147886 , 0.590718, 0.159554,0.000074
116 , N ,0.086259 , 0.481830, 0.193846,0.000092
116 , K ,0.340302 , 0.044621, 0.000113,0.000183
116 , D ,0.239305 , 0.782714, 0.123401,0.000404
117 , E ,1.080008 , 0.626846, 0.000000,0.000051
117 , H ,0.397622 , 0.889502, 0.051767,0.000086
117 , Q ,0.807975 , 0.572940, 0.000020,0.000144
117 , F ,0.687474 , 0.680557, 0.000607,0.000101
117 , Y ,0.252357 , 0.889819, 0.131918,0.000020
117 , C ,0.143437 , 0.600744, 0.166834,0.000225
117 , N ,0.091778 , 0.569541, 0.211370,0.000409
117 , K ,0.904501 , 0.711388, 0.000000,0.022736
117 , D ,0.338612 , 1.066089, 0.098149,0.000381
118 , E ,0.461413 , 1.023247, 0.042841,0.000069
118 , H ,0.853907 , 0.276048, 0.000000,0.000068
118 , Q ,0.465243 , 0.921046, 0.032518,0.000032
118 , F ,0.829156 , 0.463620, 0.000003,0.000025
118 , Y ,0.804529 , 0.384037, 0.000001,0.000067
118 , C ,0.700517 , 0.429230, 0.000024,0.000134
118 , N ,0.756595 , 0.487863, 0.000018,0.000079
118 , K ,0.436378 , 0.894217, 0.039052,0.000145
118 , D ,0.741366 , 0.356996, 0.000003,0.000040
119 , E ,0.069133 , -0.079994, 0.005503,0.000290
119 , H ,2.047274 , 4.710954, 0.000100,0.008304
119 , Q ,0.512723 , -0.045118, 0.000000,0.001373
119 , F ,0.132145 , 0.252561, 0.071510,0.000198
119 , Y ,2.172356 , 8.127644, 0.000662,0.006720
119 , C ,1.830418 , 2.752895, 0.000012,0.006900
119 , N ,1.630585 , 2.329887, 0.000010,0.008884
119 , K ,0.509457 , -0.049141, 0.000000,0.000945
119 , D ,0.144903 , 0.303140, 0.077873,0.000320
120 , E ,0.639994 , 0.863358, 0.004345,0.000264
120 , H ,0.939887 , 0.556224, 0.000001,0.000045
120 , Q ,0.511732 , 0.810552, 0.014756,0.000138
120 , F ,0.749667 , 0.616407, 0.000103,0.000132
120 , Y ,0.765839 , 0.519432, 0.000023,0.000095
120 , C ,0.917754 , 0.957457, 0.000161,0.000571
120 , N ,0.728586 , 0.450921, 0.000018,0.000099
120 , K ,0.497590 , 0.631129, 0.007045,0.000157
120 , D ,0.911197 , 0.475648, 0.000001,0.000161
122 , H ,0.529654 , 0.664714, 0.005580,0.000400
122 , Q ,0.539248 , 0.460515, 0.000879,0.000195
122 , F ,0.459614 , 0.602304, 0.009725,0.000252
122 , Y ,0.364129 , 0.531312, 0.021636,0.000250
122 , C ,0.407542 , 0.638586, 0.021891,0.000020
122 , N ,0.430026 , 0.509743, 0.008136,0.000137
122 , K ,0.674726 , 0.471098, 0.000074,0.000198
122 , D ,0.482548 , 0.596306, 0.006938,0.000130
123 , E ,0.845486 , 0.133172, 0.000000,0.000200
123 , H ,0.321666 , 0.604242, 0.045397,0.000108
123 , Q ,0.606160 , 0.128373, 0.000001,0.000285
123 , F ,0.722145 , 0.576426, 0.000110,0.000393
123 , Y ,0.252094 , 0.830325, 0.122570,0.000292
123 , C ,0.280336 , 0.693478, 0.080998,0.000119
123 , N ,0.147132 , 0.638750, 0.171080,0.000076
123 , K ,0.383418 , -0.150991, 0.000001,0.000097
123 , D ,0.401588 , 0.645156, 0.024077,0.000279
124 , E ,0.341603 , 0.480869, 0.021471,0.001375
124 , H ,0.474023 , 0.396189, 0.001429,0.000342
124 , Q ,0.434236 , 0.627023, 0.014883,0.001092
124 , F ,0.722133 , 0.549453, 0.000077,0.000600
124 , Y ,1.099516 , 0.943350, 0.000005,0.001096
124 , C ,0.418820 , 0.289075, 0.001092,0.000892
124 , N ,0.382912 , 0.306794, 0.002741,0.001185
124 , K ,1.452817 , 1.752404, 0.000012,0.002594
124 , D ,0.697500 , 0.465752, 0.000042,0.000535
125 , E ,0.435096 , 0.623639, 0.014597,0.000928
125 , H ,0.797471 , 0.630207, 0.000051,0.000419
125 , Q ,0.905793 , 1.167628, 0.000757,0.000231
125 , F ,0.934593 , 0.596952, 0.000002,0.000492
125 , Y ,0.589656 , 0.533590, 0.000723,0.000893
125 , C ,1.074639 , 0.787690, 0.000001,0.002495
125 , N ,0.833681 , 0.681291, 0.000046,0.000761
125 , K ,0.675656 , 0.590792, 0.000294,0.000589
125 , D ,0.546159 , 0.407495, 0.000417,0.000286
126 , E ,0.323188 , 0.316030, 0.008998,0.000835
126 , H ,1.567492 , 2.239329, 0.000025,0.005818
126 , Q ,0.706042 , 0.579704, 0.000110,0.001721
126 , F ,0.662126 , 0.682836, 0.000809,0.001212
126 , Y ,0.435370 , 0.571452, 0.010890,0.001024
126 , C ,0.277460 , 0.381163, 0.026279,0.000864
126 , N ,1.196776 , 1.314729, 0.000020,0.003581
126 , K ,0.440006 , 0.397233, 0.002624,0.000903
126 , D ,0.381129 , 0.467807, 0.011716,0.000928
127 , E ,0.678187 , 0.877619, 0.002768,0.000820
127 , H ,0.588928 , 0.569109, 0.001145,0.000352
127 , Q ,1.166523 , 1.420884, 0.000087,0.001693
127 , F ,1.100658 , 0.804135, 0.000001,0.000514
127 , Y ,0.620081 , 0.571330, 0.000667,0.000410
127 , C ,1.171100 , 0.803478, 0.000000,0.000539
127 , N ,0.693959 , 0.529890, 0.000103,0.000704
127 , K ,0.576040 , 0.694436, 0.003713,0.000669
127 , D ,0.795836 , 0.563640, 0.000019,0.001232
128 , E ,0.864477 , 0.762366, 0.000063,0.000423
128 , H ,0.739287 , 0.984885, 0.002396,0.000314
128 , Q ,1.088999 , 0.814794, 0.000002,0.000570
128 , F ,0.680256 , 0.875170, 0.002731,0.000389
128 , Y ,0.380422 , 0.618939, 0.026631,0.000265
128 , C ,0.587107 , 0.755893, 0.004663,0.000219
128 , N ,0.471686 , 0.685580, 0.013340,0.000300
128 , K ,0.894825 , 0.767278, 0.000038,0.000217
128 , D ,0.474824 , 0.662912, 0.011639,0.000746
129 , E ,0.994035 , 0.898352, 0.000026,0.000374
129 , H ,0.692572 , 0.915652, 0.003005,0.000298
129 , Q ,0.972761 , 0.728681, 0.000005,0.000071
129 , F ,0.621585 , 0.806185, 0.003956,0.000204
129 , Y ,0.337380 , 0.586337, 0.036486,0.000192
129 , C ,0.808457 , 0.981056, 0.000945,0.000174
129 , N ,0.473459 , 0.685363, 0.013096,0.000187
129 , K ,0.881215 , 0.754354, 0.000043,0.000095
129 , D ,0.381871 , 0.568216, 0.021444,0.000187
130 , E ,1.077118 , 0.982453, 0.000013,0.001013
130 , H ,0.780688 , 1.023890, 0.001759,0.000243
130 , Q ,1.156031 , 0.874836, 0.000001,0.000114
130 , F ,0.725710 , 0.937535, 0.002152,0.000575
130 , Y ,0.372107 , 0.617633, 0.028693,0.000130
130 , C ,0.838339 , 1.056448, 0.000989,0.000262
130 , N ,0.600068 , 0.856457, 0.006762,0.000276
130 , K ,0.946366 , 0.810039, 0.000023,0.000184
130 , D ,1.758649 , 2.269090, 0.000005,0.007295
131 , E ,0.913017 , 0.823358, 0.000051,0.001223
131 , H ,0.715362 , 0.969216, 0.002989,0.000230
131 , Q ,0.978891 , 0.763904, 0.000007,0.000258
131 , F ,0.640967 , 0.820357, 0.003359,0.000359
131 , Y ,0.405812 , 0.665542, 0.024422,0.000321
131 , C ,0.765563 , 0.958868, 0.001476,0.000463
131 , N ,0.558216 , 0.805991, 0.008589,0.000157
131 , K ,0.875722 , 0.741808, 0.000041,0.000201
131 , D ,0.912004 , 1.238743, 0.000776,0.001682
132 , E ,0.850999 , 0.779463, 0.000095,0.000816
132 , H ,0.825738 , 1.057434, 0.001185,0.000311
132 , Q ,1.044691 , 0.782608, 0.000003,0.000317
132 , F ,0.577232 , 0.738640, 0.004837,0.000193
132 , Y ,0.420980 , 0.673135, 0.021602,0.000261
132 , C ,0.760818 , 0.938384, 0.001418,0.000441
132 , N ,0.483151 , 0.709377, 0.013196,0.000385
132 , K ,0.841476 , 0.724166, 0.000064,0.000219
132 , D ,0.380615 , 0.586341, 0.023460,0.000835
133 , E ,0.990951 , 0.903687, 0.000026,0.001279
133 , H ,0.837025 , 1.090293, 0.001221,0.000398
133 , Q ,0.966330 , 0.741854, 0.000007,0.000359
133 , F ,0.625537 , 0.813966, 0.003947,0.000147
133 , Y ,0.367001 , 0.616397, 0.030438,0.000143
133 , C ,0.693916 , 0.837962, 0.001868,0.000461
133 , N ,0.609968 , 0.868879, 0.006366,0.000213
133 , K ,0.962434 , 0.819078, 0.000019,0.000108
133 , D ,0.364821 , 0.535380, 0.022161,0.000302
134 , E ,0.966204 , 0.877216, 0.000033,0.000972
134 , H ,0.734809 , 0.944762, 0.002023,0.000194
134 , Q ,1.176280 , 0.884516, 0.000001,0.000248
134 , F ,0.611114 , 0.795871, 0.004300,0.000216
134 , Y ,0.346538 , 0.586383, 0.033175,0.000134
134 , C ,0.803058 , 0.974693, 0.000977,0.000387
134 , N ,0.516525 , 0.729267, 0.009548,0.000725
134 , K ,0.756486 , 0.628418, 0.000107,0.000410
134 , D ,0.352213 , 0.534530, 0.025633,0.000228
135 , E ,0.772995 , 0.720830, 0.000210,0.000156
135 , H ,0.634184 , 0.855206, 0.004452,0.000263
135 , Q ,0.944599 , 0.725849, 0.000009,0.000205
135 , F ,0.703263 , 0.910807, 0.002490,0.000330
135 , Y ,1.400794 , 2.222958, 0.000163,0.002186
135 , C ,0.568572 , 0.707099, 0.004433,0.000231
135 , N ,0.516191 , 0.733318, 0.009991,0.000130
135 , K ,0.866922 , 0.732737, 0.000044,0.000241
135 , D ,0.449411 , 0.644590, 0.014138,0.000551
136 , E ,0.808059 , 0.733430, 0.000126,0.001334
136 , H ,0.721290 , 0.938768, 0.002353,0.000393
136 , Q ,0.944718 , 0.712466, 0.000008,0.000256
136 , F ,0.732821 , 0.936318, 0.001961,0.000146
136 , Y ,0.374244 , 0.647412, 0.031704,0.000052
136 , C ,0.771147 , 0.953071, 0.001324,0.000172
136 , N ,0.407054 , 0.600790, 0.018897,0.000353
136 , K ,0.873522 , 0.739867, 0.000042,0.000230
136 , D ,0.423265 , 0.602945, 0.015714,0.000253
137 , E ,0.886782 , 0.803872, 0.000064,0.000683
137 , H ,0.781374 , 1.049233, 0.001997,0.000255
137 , Q ,0.961361 , 0.741230, 0.000008,0.000365
137 , F ,0.649111 , 0.820110, 0.003015,0.000384
137 , Y ,0.355499 , 0.594236, 0.031188,0.000185
137 , C ,0.716190 , 0.911889, 0.002139,0.000121
137 , N ,0.523583 , 0.735722, 0.009330,0.000215
137 , K ,0.897673 , 0.767919, 0.000037,0.000189
137 , D ,0.489354 , 0.668902, 0.009957,0.000856
138 , E ,0.463407 , 0.344596, 0.000943,0.000185
138 , H ,0.633601 , 0.673267, 0.001358,0.000129
138 , Q ,0.567650 , 0.459499, 0.000516,0.000137
138 , F ,0.691488 , 0.422703, 0.000026,0.000119
138 , Y ,0.372621 , 0.472844, 0.013819,0.000212
138 , C ,0.708168 , 0.739412, 0.000720,0.000253
138 , N ,0.696293 , 0.666773, 0.000456,0.000176
138 , K ,0.562610 , 0.471312, 0.000640,0.000179
138 , D ,0.706475 , 0.669306, 0.000391,0.000128
139 , E ,0.934312 , 0.751936, 0.000013,0.000714
139 , H ,0.499205 , 0.540609, 0.003725,0.000238
139 , Q ,0.804534 , 0.682910, 0.000078,0.000173
139 , F ,0.789214 , 0.486247, 0.000009,0.000082
139 , Y ,0.301309 , 0.411440, 0.023990,0.000245
139 , C ,0.507317 , 0.536481, 0.003114,0.000244
139 , N ,0.708617 , 0.676372, 0.000406,0.000130
139 , K ,0.698482 , 0.607716, 0.000240,0.000140
139 , D ,0.735040 , 0.690598, 0.000293,0.000243
140 , E ,0.623350 , 0.504256, 0.000312,0.000240
140 , H ,0.569208 , 0.590511, 0.001884,0.000099
140 , Q ,0.715645 , 0.563859, 0.000108,0.000229
140 , F ,0.679515 , 0.428890, 0.000037,0.000128
140 , Y ,0.972846 , 1.187626, 0.000258,0.001071
140 , C ,0.524460 , 0.535073, 0.002350,0.000173
140 , N ,0.587634 , 0.559702, 0.001033,0.000251
140 , K ,0.628718 , 0.528073, 0.000365,0.000152
140 , D ,0.656027 , 0.629929, 0.000624,0.000308
141 , E ,0.567100 , 0.453238, 0.000491,0.000138
141 , H ,0.659620 , 0.629010, 0.000583,0.000176
141 , Q ,0.516446 , 0.434805, 0.001014,0.000209
141 , F ,0.634243 , 0.356285, 0.000032,0.000444
141 , Y ,0.412011 , 0.500302, 0.009800,0.000101
141 , C ,0.510687 , 0.506149, 0.002212,0.000499
141 , N ,0.674847 , 0.626628, 0.000447,0.000115
141 , K ,0.779430 , 0.667398, 0.000104,0.000155
141 , D ,0.577331 , 0.532010, 0.000959,0.000197
142 , E ,0.585945 , 0.393623, 0.000159,0.000220
142 , H ,0.409946 , 0.516700, 0.011246,0.000350
142 , Q ,0.483220 , 0.294424, 0.000324,0.000449
142 , F ,1.033015 , 0.700424, 0.000001,0.000232
142 , Y ,0.318135 , 0.502691, 0.031453,0.000163
142 , C ,0.441902 , 0.520966, 0.007486,0.000105
142 , N ,1.028544 , 1.238030, 0.000154,0.001387
142 , K ,0.538826 , 0.363967, 0.000263,0.000326
142 , D ,0.715421 , 0.804528, 0.001053,0.000155
143 , E ,0.606551 , 0.170521, 0.000002,0.000093
143 , H ,0.430449 , 0.761421, 0.027827,0.000034
143 , Q ,0.591604 , 0.229175, 0.000010,0.000181
143 , F ,0.451476 , 0.873932, 0.032660,0.000023
143 , Y ,1.828793 , 2.990341, 0.000041,0.003393
143 , C ,0.627362 , 0.887450, 0.005699,0.000222
143 , N ,0.379636 , 0.721741, 0.039505,0.000139
143 , K ,0.827908 , 0.315757, 0.000000,0.000088
143 , D ,0.506228 , 0.915593, 0.022439,0.000145
