1 , E ,0.707882 , 0.306882, 0.000009,0.000169
1 , H ,-174.685593 , -162.690221, 0.197531,0.021784
1 , Q ,0.514037 , 0.188153, 0.000073,0.000112
1 , F ,2.185570 , 4.976017, 0.000111,0.009484
1 , Y ,-237.349933 , -234.557766, 0.174089,0.030664
1 , C ,0.252901 , 0.791576, 0.121442,0.000200
1 , N ,-258.555451 , -253.657888, 0.152964,0.028010
1 , K ,0.371368 , -0.015500, 0.000045,0.000169
1 , D ,2.309197 , 4.321479, 0.000015,0.008105
2 , E ,0.684741 , 0.893220, 0.004162,0.000359
2 , H ,1.204111 , 0.896118, 0.000002,0.000268
2 , Q ,0.997565 , 1.330696, 0.000909,0.000749
2 , F ,0.936960 , 0.734136, 0.000029,0.000823
2 , Y ,1.042331 , 0.920409, 0.000032,0.000189
2 , C ,1.153735 , 1.030999, 0.000014,0.000315
2 , N ,0.873254 , 0.581877, 0.000016,0.000503
2 , K ,0.732099 , 0.941316, 0.003007,0.000170
2 , D ,0.957993 , 0.659493, 0.000009,0.000143
3 , E ,0.555543 , 0.316455, 0.000199,0.000161
3 , H ,0.310195 , 0.684134, 0.067219,0.000317
3 , Q ,0.541578 , 0.313365, 0.000253,0.000296
3 , F ,0.389458 , 0.360091, 0.005829,0.000316
3 , Y ,0.340367 , 0.616213, 0.044377,0.000092
3 , C ,1.191259 , 1.468480, 0.000131,0.001743
3 , N ,0.465164 , 0.661516, 0.015225,0.000170
3 , K ,0.944075 , 0.482134, 0.000001,0.001343
3 , D ,0.664438 , 0.859436, 0.004235,0.000092
4 , E ,0.712004 , 0.763773, 0.001334,0.000137
4 , H ,0.597653 , 0.814436, 0.007499,0.000115
4 , Q ,0.665071 , 0.717267, 0.001840,0.000082
4 , F ,0.767876 , 0.797920, 0.000771,0.000116
4 , Y ,0.321668 , 0.692873, 0.064283,0.000072
4 , C ,0.692291 , 1.051543, 0.007259,0.000277
4 , N ,0.415502 , 0.780878, 0.039201,0.000070
4 , K ,0.738945 , 0.457696, 0.000041,0.000070
4 , D ,0.442442 , 0.784407, 0.031300,0.000126
5 , E ,0.882387 , 0.912602, 0.000340,0.000039
5 , H ,0.629774 , 0.862746, 0.006549,0.000199
5 , Q ,0.778221 , 0.823558, 0.000787,0.000064
5 , F ,0.705118 , 0.730122, 0.001150,0.000033
5 , Y ,0.483964 , 1.034859, 0.041828,0.000081
5 , C ,0.534692 , 0.941383, 0.022366,0.000089
5 , N ,0.451116 , 0.836777, 0.033428,0.000148
5 , K ,0.979172 , 0.626043, 0.000004,0.000122
5 , D ,0.564388 , 1.019888, 0.021461,0.000211
6 , E ,0.899635 , 0.589444, 0.000000,0.041901
6 , H ,0.867259 , 0.501428, 0.000001,0.047434
6 , Q ,0.433689 , -0.326293, 0.000000,0.000259
6 , F ,-61.663359 , -60.512867, 0.456186,0.012707
6 , Y ,-44.825366 , -41.398042, 0.593750,0.005493
6 , C ,0.963057 , 0.687900, 0.000001,0.051624
6 , N ,0.881898 , 0.531523, 0.000001,0.033136
6 , K ,0.596064 , -0.097007, 0.000000,0.000202
6 , D ,-44.411693 , -43.436345, 0.583062,0.005796
7 , E ,0.493074 , 0.341528, 0.000744,0.001447
7 , H ,0.210063 , 0.355020, 0.056308,0.000582
7 , Q ,0.274968 , 0.152215, 0.004384,0.000470
7 , F ,0.299129 , 0.530730, 0.047979,0.000263
7 , Y ,0.148028 , 0.366069, 0.102591,0.000322
7 , C ,1.772984 , 3.297004, 0.000129,0.005167
7 , N ,1.463387 , 2.380581, 0.000168,0.005442
7 , K ,0.604199 , 0.346854, 0.000103,0.000703
7 , D ,0.297331 , 0.419944, 0.030840,0.000742
8 , E ,0.235689 , 0.264048, 0.025741,0.001037
8 , H ,1.276088 , 1.110386, 0.000004,0.000466
8 , Q ,0.379693 , 0.410335, 0.010306,0.000903
8 , F ,0.393560 , 0.377724, 0.006613,0.000431
8 , Y ,0.912472 , 0.846645, 0.000125,0.000409
8 , C ,0.674404 , 0.639216, 0.000887,0.000450
8 , N ,0.933824 , 0.878869, 0.000115,0.000925
8 , K ,0.464243 , 0.382254, 0.002274,0.000853
8 , D ,0.929403 , 0.680316, 0.000016,0.001788
9 , E ,0.439089 , 0.744045, 0.027986,0.000427
9 , H ,0.997874 , 0.767651, 0.000014,0.001140
9 , Q ,1.061002 , 1.504334, 0.000935,0.001080
9 , F ,0.941276 , 0.645034, 0.000010,0.001369
9 , Y ,2.150934 , 1.875708, 0.000000,0.001601
9 , C ,1.226968 , 0.984717, 0.000003,0.002474
9 , N ,0.959645 , 0.665996, 0.000009,0.000867
9 , K ,0.441176 , 0.603211, 0.015270,0.000576
9 , D ,0.752153 , 0.437815, 0.000025,0.000970
10 , E ,-0.631811 , -1.222892, 2.153191,0.001195
10 , F ,-0.033548 , -0.328213, 0.003532,0.009139
10 , Y ,0.000000 , -0.000000, 0.166667,0.000000
11 , H ,0.355426 , 0.396353, 0.013109,0.000478
11 , Q ,0.294999 , 0.204240, 0.005860,0.000482
11 , F ,1.280302 , 1.285211, 0.000010,0.002577
11 , Y ,0.376727 , 0.401111, 0.010078,0.000281
11 , C ,0.298237 , 0.381556, 0.024705,0.000632
11 , N ,0.492082 , 0.547453, 0.005939,0.000150
11 , K ,0.542530 , 0.440797, 0.001097,0.000242
11 , D ,0.502557 , 0.394639, 0.001355,0.000336
12 , E ,0.584687 , 0.513453, 0.001149,0.000142
12 , H ,0.609613 , 0.798465, 0.005968,0.000119
12 , Q ,0.865563 , 0.905944, 0.000407,0.000123
12 , F ,0.614378 , 0.587642, 0.001384,0.000170
12 , Y ,0.539154 , 0.855919, 0.016063,0.000153
12 , C ,0.540162 , 0.795112, 0.012646,0.000100
12 , N ,0.559094 , 0.766954, 0.009047,0.000110
12 , K ,0.692520 , 0.568168, 0.000329,0.000092
12 , D ,0.735234 , 0.786662, 0.001128,0.000151
13 , E ,0.437543 , 0.939202, 0.047839,0.000122
13 , H ,0.858329 , 0.305992, 0.000000,0.001770
13 , Q ,0.446098 , 0.884040, 0.040051,0.000147
13 , F ,0.775626 , 0.241485, 0.000001,0.000485
13 , Y ,0.571387 , 0.170679, 0.000017,0.000684
13 , C ,0.503440 , 0.190829, 0.000090,0.000652
13 , N ,0.740439 , 0.172077, 0.000000,0.001183
13 , K ,0.414384 , 0.689941, 0.029913,0.003198
13 , D ,1.000838 , 0.317046, 0.000000,0.002171
14 , E ,0.501389 , 1.024148, 0.036446,0.000152
14 , H ,0.900505 , 0.277695, 0.000000,0.001243
14 , Q ,0.403403 , 0.795415, 0.045088,0.000406
14 , F ,0.711967 , 0.251057, 0.000003,0.001075
14 , Y ,0.600177 , 0.188954, 0.000012,0.001356
14 , C ,0.635195 , 0.305570, 0.000036,0.000364
14 , N ,0.680116 , 0.162647, 0.000001,0.000519
14 , K ,0.387751 , 0.648013, 0.032791,0.000244
14 , D ,1.159990 , 0.345588, 0.000000,0.000559
15 , Q ,1.380110 , 2.817147, 0.002168,0.000149
15 , F ,0.569423 , 0.317068, 0.000195,0.006632
15 , Y ,0.980844 , 0.525708, 0.000001,0.003807
15 , C ,0.863132 , 0.748173, 0.000151,0.003504
15 , N ,-0.461782 , -0.379492, 9.909965,0.001274
16 , E ,0.334529 , 0.664695, 0.054238,0.001337
16 , H ,0.777278 , 0.363755, 0.000005,0.002195
16 , Q ,0.320480 , 0.687754, 0.062769,0.000747
16 , F ,0.864443 , 0.483900, 0.000005,0.001075
16 , Y ,0.902880 , 0.506136, 0.000003,0.000477
16 , C ,0.834047 , 0.588434, 0.000034,0.000302
16 , N ,0.668013 , 0.332465, 0.000029,0.000643
16 , K ,1.351968 , 2.068974, 0.000257,0.004002
16 , D ,0.899070 , 0.383118, 0.000001,0.000392
17 , E ,0.338255 , 0.659175, 0.057037,0.002525
17 , H ,0.640077 , 0.374956, 0.000088,0.000909
17 , Q ,0.475440 , 0.868534, 0.029012,0.000622
17 , F ,0.685431 , 0.329942, 0.000020,0.000770
17 , Y ,1.048611 , 0.673933, 0.000002,0.001735
17 , C ,0.875718 , 0.558889, 0.000011,0.000445
17 , N ,0.855380 , 0.455471, 0.000004,0.003341
17 , K ,0.355458 , 0.531958, 0.028016,0.001765
17 , D ,0.878161 , 0.493160, 0.000005,0.000232
18 , E ,0.924319 , 0.756595, 0.000047,0.000646
18 , H ,0.702436 , 0.831652, 0.002345,0.000334
18 , Q ,0.869502 , 0.557112, 0.000012,0.000810
18 , F ,0.916800 , 0.992998, 0.000379,0.000231
18 , Y ,0.852986 , 1.010692, 0.000997,0.000131
18 , C ,0.745043 , 1.180387, 0.006991,0.000103
18 , N ,0.620771 , 0.771675, 0.004626,0.000062
18 , K ,0.859425 , 0.602356, 0.000026,0.000307
18 , D ,0.829880 , 0.870253, 0.000540,0.000492
19 , E ,1.866828 , 3.217779, 0.000060,0.004478
19 , H ,0.780648 , 0.471203, 0.000020,0.000328
19 , Q ,-1835.570192 , -2539.152899, 0.392157,0.041487
19 , F ,0.873641 , 0.576469, 0.000014,0.000075
19 , Y ,0.741533 , 0.463293, 0.000039,0.000190
19 , C ,0.581992 , 0.208481, 0.000025,0.000178
19 , N ,0.743941 , 0.427401, 0.000020,0.000849
19 , K ,0.324135 , 0.413316, 0.020700,0.000599
19 , D ,0.629125 , 0.313958, 0.000048,0.000199
20 , E ,0.413203 , 0.860126, 0.048579,0.000142
20 , H ,0.853601 , 0.501052, 0.000008,0.000298
20 , Q ,-409.965057 , -434.531467, 0.149091,0.032465
20 , F ,0.571673 , 0.310932, 0.000136,0.000122
20 , Y ,0.671793 , 0.325960, 0.000024,0.000145
20 , C ,1.175174 , 0.321346, 0.000000,0.000164
20 , N ,0.856807 , 0.285308, 0.000000,0.000128
20 , K ,0.485716 , 1.216894, 0.056583,0.000387
20 , D ,0.917721 , 0.279250, 0.000000,0.000162
21 , E ,-200.846676 , -181.161932, 0.233553,0.026495
21 , H ,0.731644 , 0.420218, 0.000028,0.000114
21 , Q ,-0.121129 , 0.455798, 0.414275,0.000068
21 , F ,0.682446 , 0.371747, 0.000035,0.000244
21 , Y ,0.881464 , 0.368619, 0.000001,0.000076
21 , C ,1.119372 , 0.634990, 0.000000,0.000486
21 , N ,0.864627 , 0.382608, 0.000001,0.000236
21 , K ,-886.050050 , -1058.934310, 0.135037,0.050632
21 , D ,1.091373 , 0.335462, 0.000000,0.000934
22 , E ,0.902763 , 0.801344, 0.000094,0.000681
22 , H ,1.008447 , 1.106393, 0.000225,0.000154
22 , Q ,0.542866 , 0.394710, 0.000661,0.000410
22 , F ,0.759316 , 0.688126, 0.000358,0.000152
22 , Y ,0.395915 , 0.412965, 0.008493,0.000423
22 , C ,0.527650 , 0.828514, 0.016519,0.002140
22 , N ,0.526510 , 0.668581, 0.008085,0.000066
22 , K ,0.499163 , 0.427817, 0.002052,0.000316
22 , D ,0.670112 , 0.681589, 0.001323,0.000166
23 , E ,0.477043 , 0.454628, 0.003609,0.000186
23 , H ,0.383971 , 0.479217, 0.015564,0.000511
23 , Q ,0.630251 , 0.392210, 0.000132,0.000976
23 , F ,0.755481 , 0.731304, 0.000541,0.000132
23 , Y ,0.813022 , 0.952026, 0.001117,0.000354
23 , C ,0.499519 , 0.774181, 0.017917,0.000591
23 , N ,0.481922 , 0.634810, 0.011374,0.000309
23 , K ,0.713751 , 0.598156, 0.000315,0.000044
23 , D ,0.602229 , 0.647737, 0.002530,0.000264
24 , E ,0.664026 , 0.635078, 0.000959,0.001531
24 , H ,0.412501 , 0.405430, 0.006369,0.000256
24 , Q ,0.772706 , 0.577939, 0.000085,0.000475
24 , F ,0.742039 , 0.662601, 0.000373,0.000108
24 , Y ,0.365197 , 0.360362, 0.008581,0.000561
24 , C ,0.454952 , 0.599964, 0.013174,0.000554
24 , N ,1.234106 , 1.382246, 0.000041,0.001897
24 , K ,0.852958 , 0.733919, 0.000117,0.000324
24 , D ,0.353756 , 0.302552, 0.006173,0.000401
25 , E ,0.464035 , 0.385705, 0.002345,0.000351
25 , H ,0.636583 , 0.728350, 0.002721,0.000796
25 , Q ,0.403254 , 0.264833, 0.001806,0.000385
25 , F ,0.596565 , 0.588395, 0.001861,0.000585
25 , Y ,0.428178 , 0.434228, 0.006546,0.000560
25 , C ,0.471232 , 0.714806, 0.018763,0.000338
25 , N ,0.921550 , 1.316406, 0.001306,0.002307
25 , K ,0.522277 , 0.466016, 0.001973,0.000046
25 , D ,0.542437 , 0.537163, 0.002700,0.000173
26 , E ,0.805817 , 0.714182, 0.000212,0.000298
26 , H ,0.276428 , 0.448872, 0.044596,0.000201
26 , Q ,0.863037 , 0.625606, 0.000027,0.001501
26 , F ,0.725248 , 0.740230, 0.000921,0.000413
26 , Y ,0.524618 , 0.752332, 0.012330,0.000369
26 , C ,0.307100 , 0.589485, 0.056085,0.000365
26 , N ,0.426865 , 0.605297, 0.018433,0.000350
26 , K ,0.738477 , 0.633196, 0.000299,0.000287
26 , D ,0.359165 , 0.562795, 0.030815,0.000755
27 , E ,0.557391 , 0.470649, 0.001151,0.000331
27 , H ,0.971373 , 0.911383, 0.000072,0.001021
27 , Q ,0.908982 , 0.631258, 0.000013,0.001566
27 , F ,0.742818 , 0.740219, 0.000689,0.001118
27 , Y ,0.754133 , 0.790173, 0.000878,0.000431
27 , C ,0.421067 , 0.547198, 0.014619,0.000519
27 , N ,0.426979 , 0.562868, 0.014558,0.000669
27 , K ,0.671694 , 0.573770, 0.000497,0.000160
27 , D ,0.807476 , 0.728452, 0.000216,0.000554
29 , E ,0.677688 , 0.601105, 0.000581,0.000586
29 , H ,0.445460 , 0.692467, 0.021508,0.000531
29 , Q ,0.510250 , 0.318733, 0.000497,0.000183
29 , F ,0.657381 , 0.660829, 0.001332,0.000370
29 , Y ,0.533459 , 0.760398, 0.011582,0.000126
29 , C ,1.764614 , 2.941335, 0.000071,0.006029
29 , N ,0.369161 , 0.528679, 0.024039,0.000403
29 , K ,0.807097 , 0.696013, 0.000176,0.000244
29 , D ,0.252795 , 0.429752, 0.052133,0.000371
30 , E ,-372.430304 , -402.514657, 0.322581,0.025442
30 , H ,0.538872 , 0.072333, 0.000006,0.000239
30 , Q ,-1605.679937 , -2227.789598, 0.431310,0.044422
30 , F ,0.645643 , 0.188371, 0.000004,0.000124
30 , Y ,0.865068 , 0.141222, 0.000000,0.000652
30 , C ,0.862845 , -0.062490, 0.000000,0.000633
30 , N ,0.814542 , 0.273115, 0.000001,0.000644
30 , K ,0.241777 , 0.715989, 0.115493,0.000481
30 , D ,0.392894 , 0.071335, 0.000135,0.000668
31 , E ,-369.668723 , -397.905432, 0.239382,0.032853
31 , H ,0.817231 , 0.077658, 0.000000,0.001434
31 , Q ,-1689.011781 , -2351.600983, 0.444795,0.041218
31 , F ,0.418063 , 0.109177, 0.000141,0.000247
31 , Y ,1.015941 , 0.122301, 0.000000,0.000093
31 , C ,0.681494 , -0.160416, 0.000000,0.000475
31 , N ,0.599816 , 0.118930, 0.000004,0.000038
31 , K ,-491.636247 , -522.100653, 0.114754,0.034985
31 , D ,0.753492 , 0.289695, 0.000003,0.000148
32 , E ,-808.542935 , -971.176895, 0.248555,0.041598
32 , H ,0.770169 , 0.060330, 0.000000,0.001286
32 , Q ,-1738.563003 , -2420.063873, 0.434599,0.042562
32 , F ,0.463969 , 0.091576, 0.000041,0.000165
32 , Y ,0.694656 , 0.066180, 0.000000,0.002551
32 , C ,0.583119 , -0.202434, 0.000000,0.000030
32 , N ,1.027043 , 0.218181, 0.000000,0.000397
32 , K ,-471.616819 , -503.177636, 0.138462,0.032284
32 , D ,0.890276 , 0.372427, 0.000001,0.000110
33 , E ,-208.030903 , -206.822240, 0.264368,0.025477
33 , H ,0.773588 , 0.059383, 0.000000,0.001549
33 , Q ,-217.493423 , -221.069915, 0.434426,0.018667
33 , F ,0.570810 , 0.142145, 0.000010,0.000083
33 , Y ,1.035584 , 0.135730, 0.000000,0.000205
33 , C ,0.619467 , -0.183811, 0.000000,0.000217
33 , N ,0.892983 , 0.653225, 0.000000,0.025443
33 , K ,1.464543 , 1.476405, 0.000001,0.013852
33 , D ,0.774095 , 0.312219, 0.000002,0.000102
34 , E ,-787.806961 , -939.696303, 0.214953,0.042231
34 , H ,0.589700 , 0.010112, 0.000001,0.000540
34 , Q ,-6603.184484 , -10974.531571, 0.412955,0.072948
34 , F ,0.458412 , 0.099422, 0.000053,0.000215
34 , Y ,0.993765 , 0.111633, 0.000000,0.000175
34 , C ,0.685869 , -0.174151, 0.000000,0.000592
34 , N ,0.820389 , 0.165659, 0.000000,0.000927
34 , K ,-266.991950 , -261.297711, 0.155405,0.026198
34 , D ,0.769465 , 0.322715, 0.000003,0.000295
35 , E ,-384.929045 , -415.278733, 0.230415,0.034518
35 , H ,0.733737 , 0.045666, 0.000000,0.000438
35 , Q ,-6365.965004 , -10560.126653, 0.435115,0.066371
35 , F ,0.462016 , 0.109254, 0.000059,0.000190
35 , Y ,0.955986 , 0.123499, 0.000000,0.000255
35 , C ,0.691900 , -0.176003, 0.000000,0.000540
35 , N ,0.774173 , 0.174207, 0.000000,0.000940
35 , K ,-501.472425 , -537.250240, 0.129252,0.032783
35 , D ,0.744896 , 0.283992, 0.000003,0.000150
36 , E ,0.558939 , 0.762354, 0.008716,0.000609
36 , H ,0.782880 , 0.855871, 0.000927,0.000426
36 , Q ,0.408802 , 0.867209, 0.050960,0.000119
36 , F ,0.651021 , 0.502493, 0.000313,0.000334
36 , Y ,0.788498 , 0.658530, 0.000170,0.000336
36 , C ,0.839644 , 0.509436, 0.000011,0.000337
36 , N ,0.663154 , 0.597177, 0.000724,0.000198
36 , K ,0.493987 , 0.701399, 0.013805,0.000360
36 , D ,0.599197 , 0.613480, 0.002094,0.000235
37 , E ,-1670.998823 , -2104.467978, 0.241758,0.061446
37 , H ,0.694272 , 0.044747, 0.000000,0.000194
37 , Q ,-602.835698 , -733.773349, 0.386667,0.037284
37 , F ,0.537354 , 0.119055, 0.000014,0.000132
37 , Y ,0.859941 , 0.088525, 0.000000,0.000150
37 , C ,0.529600 , -0.186197, 0.000000,0.000043
37 , N ,0.748616 , 0.184036, 0.000000,0.001134
37 , K ,0.321107 , 0.854653, 0.091569,0.002212
37 , D ,0.544050 , 0.200720, 0.000049,0.000364
38 , E ,0.652338 , 0.657293, 0.001397,0.000298
38 , H ,0.551608 , 0.622265, 0.003951,0.000868
38 , Q ,0.639496 , 0.589115, 0.000939,0.000272
38 , F ,0.657454 , 0.855484, 0.004517,0.000806
38 , Y ,0.527066 , 0.699673, 0.009471,0.000136
38 , C ,0.707907 , 0.757886, 0.001325,0.000391
38 , N ,0.540617 , 0.689534, 0.007649,0.000561
38 , K ,0.801739 , 0.599093, 0.000070,0.000514
38 , D ,0.530892 , 0.734953, 0.010618,0.000256
39 , E ,0.784018 , 0.736401, 0.000361,0.000614
39 , H ,1.587356 , 2.139617, 0.000028,0.004279
39 , Q ,1.086833 , 0.782418, 0.000003,0.000490
39 , F ,0.580365 , 0.796331, 0.008188,0.000329
39 , Y ,0.300024 , 0.535480, 0.049107,0.000072
39 , C ,0.574042 , 0.771427, 0.007982,0.000305
39 , N ,0.590310 , 0.887087, 0.011014,0.000279
39 , K ,0.754096 , 0.667025, 0.000325,0.000619
39 , D ,1.210171 , 1.593280, 0.000173,0.002354
40 , E ,-138.124960 , -129.388800, 0.326829,0.032419
40 , H ,0.581552 , 0.065126, 0.000002,0.000504
40 , Q ,-723.493780 , -875.116370, 0.270833,0.041395
40 , F ,0.819684 , 0.309684, 0.000001,0.000333
40 , Y ,0.789286 , 0.190980, 0.000000,0.001071
40 , C ,1.081058 , 0.516750, 0.000000,0.001166
40 , N ,0.885695 , 0.270379, 0.000000,0.000905
40 , K ,-366.546145 , -391.927018, 0.195266,0.033556
40 , D ,0.849970 , 0.137161, 0.000000,0.000181
41 , E ,0.840163 , 0.343188, 0.000001,0.000209
41 , H ,0.473209 , 0.883056, 0.031817,0.000579
41 , Q ,0.799941 , 0.309781, 0.000001,0.000115
41 , F ,0.741588 , 0.880161, 0.001879,0.000322
41 , Y ,0.310161 , 0.743850, 0.077733,0.000089
41 , C ,0.444598 , 0.800831, 0.032106,0.000229
41 , N ,0.405849 , 0.729608, 0.036158,0.000411
41 , K ,0.665829 , 0.233977, 0.000007,0.000518
41 , D ,0.916024 , 1.324172, 0.002118,0.000307
42 , E ,0.882403 , 0.280776, 0.000000,0.001489
42 , H ,0.474339 , 0.942750, 0.036416,0.000339
42 , Q ,0.827787 , 0.324534, 0.000001,0.000320
42 , F ,1.844042 , 2.403404, 0.000009,0.004725
42 , Y ,-433.015895 , -458.612290, 0.153614,0.031316
42 , C ,0.362615 , 0.855668, 0.067979,0.000371
42 , N ,0.391044 , 0.900535, 0.060984,0.000292
42 , K ,0.899965 , 0.675087, 0.000000,0.022055
42 , D ,0.621793 , 0.901196, 0.008598,0.000245
43 , E ,0.970519 , 0.296410, 0.000000,0.000819
43 , H ,0.445100 , 0.936664, 0.044985,0.000029
43 , Q ,0.776978 , 0.303264, 0.000002,0.000121
43 , F ,0.645481 , 0.855072, 0.005202,0.000384
43 , Y ,-417.020052 , -442.927172, 0.167131,0.030703
43 , C ,0.359295 , 0.868824, 0.070994,0.000552
43 , N ,0.351072 , 0.831069, 0.070426,0.000154
43 , K ,0.515925 , 0.123777, 0.000024,0.000188
43 , D ,0.520141 , 0.799443, 0.016215,0.000219
44 , E ,0.517988 , 0.131366, 0.000027,0.000519
44 , H ,0.444250 , 0.938739, 0.044993,0.000085
44 , Q ,0.857255 , 0.346196, 0.000001,0.000673
44 , F ,0.530696 , 0.748314, 0.011294,0.000388
44 , Y ,-411.514266 , -436.243633, 0.139535,0.033349
44 , C ,0.287642 , 0.674473, 0.079667,0.000271
44 , N ,0.275868 , 0.688500, 0.088514,0.000111
44 , K ,0.454181 , 0.079612, 0.000041,0.000048
44 , D ,0.608692 , 0.963028, 0.012299,0.000090
45 , E ,0.545506 , 0.240875, 0.000090,0.000171
45 , H ,0.393552 , 0.738361, 0.041548,0.000384
45 , Q ,0.765864 , 0.295700, 0.000002,0.000136
45 , F ,0.805986 , 0.965844, 0.001351,0.000267
45 , Y ,0.316251 , 0.798141, 0.081585,0.000117
45 , C ,0.471933 , 0.774402, 0.023329,0.000244
45 , N ,0.499915 , 0.890835, 0.025542,0.000069
45 , K ,0.644149 , 0.239201, 0.000011,0.000329
45 , D ,0.862910 , 1.251081, 0.002764,0.000365
46 , E ,0.578432 , 0.203678, 0.000023,0.001436
46 , H ,0.195303 , 0.659242, 0.137195,0.000387
46 , Q ,0.719300 , 0.209013, 0.000001,0.001294
46 , F ,0.468835 , 0.616735, 0.011906,0.000245
46 , Y ,-166.882048 , -156.841535, 0.248188,0.020027
46 , C ,0.344565 , 0.718607, 0.056155,0.000805
46 , N ,0.222613 , 0.645618, 0.115554,0.000124
46 , K ,0.430146 , 0.137021, 0.000174,0.000373
46 , D ,0.586285 , 0.933724, 0.013291,0.001672
47 , E ,0.678997 , 0.289984, 0.000011,0.001497
47 , H ,0.411608 , 0.791056, 0.041289,0.000096
47 , Q ,0.734383 , 0.291445, 0.000004,0.000052
47 , F ,0.527459 , 0.611603, 0.005734,0.000065
47 , Y ,0.350615 , 0.823544, 0.069097,0.000056
47 , C ,0.463084 , 0.866475, 0.033399,0.000505
47 , N ,0.382601 , 0.720900, 0.042891,0.000404
47 , K ,0.652005 , 0.269066, 0.000015,0.000175
47 , D ,0.526921 , 0.698400, 0.009580,0.000208
48 , Y ,-0.178192 , -0.111997, 0.798021,0.002590
48 , K ,-35950.013137 , -76435.618369, 0.266667,0.262222
48 , D ,1.141148 , 0.302908, 0.000000,0.007511
49 , E ,0.712480 , 0.509419, 0.000125,0.000086
49 , H ,1.506448 , 1.920101, 0.000046,0.002231
49 , Q ,0.724508 , 0.617623, 0.000319,0.000236
49 , F ,0.781048 , 0.569861, 0.000074,0.000252
49 , Y ,1.551678 , 1.890346, 0.000015,0.001831
49 , C ,0.557727 , 0.779059, 0.009289,0.000465
49 , N ,0.434170 , 0.638263, 0.019689,0.000233
49 , K ,0.574175 , 0.340197, 0.000199,0.000298
49 , D ,0.810341 , 0.867528, 0.000709,0.000288
50 , E ,0.923222 , 0.680724, 0.000021,0.000396
50 , H ,0.293999 , 0.394506, 0.030913,0.001121
50 , Q ,0.600122 , 0.536576, 0.001123,0.000307
50 , F ,0.383950 , 0.534611, 0.021783,0.000761
50 , Y ,0.346032 , 0.633057, 0.045277,0.001108
50 , C ,0.592161 , 0.851052, 0.009537,0.002026
50 , N ,0.531089 , 0.693374, 0.008702,0.000240
50 , K ,0.990054 , 0.859954, 0.000040,0.000843
50 , D ,0.674328 , 1.013856, 0.007380,0.000767
51 , E ,0.628732 , 0.468352, 0.000344,0.000076
51 , H ,0.544340 , 0.652807, 0.005938,0.000211
51 , Q ,0.689799 , 0.585407, 0.000418,0.000066
51 , F ,0.597803 , 0.696887, 0.003921,0.000069
51 , Y ,0.527642 , 0.799162, 0.014515,0.000133
51 , C ,0.721594 , 0.955252, 0.003622,0.000636
51 , N ,0.550793 , 0.616092, 0.004283,0.000160
51 , K ,0.754005 , 0.593076, 0.000150,0.000228
51 , D ,0.492349 , 0.650158, 0.010986,0.000074
52 , E ,0.388858 , 0.481727, 0.016133,0.001271
52 , H ,0.472946 , 0.280976, 0.000714,0.004421
52 , Q ,0.354793 , 0.534128, 0.034156,0.005046
52 , F ,0.493933 , 0.403783, 0.001988,0.000872
52 , Y ,0.297869 , 0.266405, 0.012743,0.003059
52 , C ,1.001164 , 1.213162, 0.000752,0.010833
52 , N ,0.990232 , 0.667976, 0.000004,0.009879
52 , K ,0.348718 , 0.374786, 0.013837,0.001330
52 , D ,0.510916 , 0.386379, 0.001228,0.002246
53 , E ,0.645991 , 0.882439, 0.006014,0.000221
53 , H ,0.898834 , 0.606856, 0.000013,0.000054
53 , Q ,2.154539 , 3.651759, 0.000024,0.006036
53 , F ,0.578389 , 0.509994, 0.001205,0.000129
53 , Y ,0.790781 , 0.622280, 0.000112,0.000086
53 , C ,0.821813 , 0.845842, 0.000502,0.000103
53 , N ,0.612379 , 0.461116, 0.000416,0.000129
53 , K ,0.496710 , 0.656680, 0.010474,0.000260
53 , D ,0.909307 , 0.576946, 0.000008,0.000046
54 , E ,0.820087 , 1.510153, 0.009584,0.002969
54 , H ,0.739058 , 0.298402, 0.000004,0.003310
54 , Q ,1.333324 , 2.208508, 0.000594,0.007566
54 , F ,0.313777 , 0.114742, 0.002080,0.009773
54 , Y ,1.017639 , 0.676974, 0.000004,0.008489
54 , K ,0.689033 , 1.075690, 0.008354,0.003209
54 , D ,0.522002 , 0.177743, 0.000062,0.008419
55 , E ,0.638474 , 0.712123, 0.002528,0.000139
55 , H ,0.706820 , 0.681659, 0.000737,0.001058
55 , Q ,0.579054 , 0.572330, 0.002153,0.000541
55 , F ,0.642126 , 0.642259, 0.001481,0.000516
55 , Y ,0.612183 , 0.634890, 0.002168,0.000319
55 , C ,1.124903 , 1.169079, 0.000069,0.000564
55 , N ,0.848883 , 0.746950, 0.000143,0.000101
55 , K ,0.803514 , 0.897066, 0.000877,0.000532
55 , D ,0.816019 , 0.717852, 0.000189,0.000288
56 , E ,0.661942 , 0.463507, 0.000183,0.000243
56 , H ,1.062607 , 0.884805, 0.000016,0.000115
56 , Q ,0.948894 , 0.782086, 0.000038,0.000162
56 , F ,0.434629 , 0.749917, 0.029887,0.000131
56 , Y ,0.764670 , 0.754524, 0.000569,0.000257
56 , C ,0.918986 , 0.845277, 0.000114,0.000413
56 , N ,0.708500 , 0.725436, 0.001038,0.000043
56 , K ,0.745897 , 0.453842, 0.000034,0.000049
56 , D ,0.826321 , 0.701181, 0.000133,0.000390
57 , E ,0.435688 , 0.365210, 0.003252,0.000301
57 , H ,0.603698 , 0.648070, 0.002650,0.000363
57 , Q ,0.539939 , 0.410757, 0.000844,0.000403
57 , F ,0.933656 , 0.771301, 0.000044,0.000390
57 , Y ,0.495611 , 0.550750, 0.005763,0.000191
57 , C ,1.079166 , 1.264567, 0.000209,0.001054
57 , N ,0.580972 , 0.586837, 0.002309,0.000295
57 , K ,0.790125 , 0.648697, 0.000145,0.000178
57 , D ,0.853920 , 0.706365, 0.000090,0.000153
58 , E ,0.950190 , 0.761973, 0.000023,0.001390
58 , H ,0.683645 , 0.704681, 0.001242,0.000090
58 , Q ,0.578227 , 0.519706, 0.001348,0.000191
58 , F ,0.877527 , 0.650583, 0.000032,0.000325
58 , Y ,0.467238 , 0.527301, 0.007239,0.000320
58 , C ,0.615890 , 0.658805, 0.002321,0.000231
58 , N ,0.707811 , 0.676914, 0.000703,0.000283
58 , K ,0.494440 , 0.488128, 0.003743,0.000229
58 , D ,0.668525 , 0.526460, 0.000316,0.000316
59 , E ,0.594983 , 0.445209, 0.000481,0.000307
59 , H ,0.483322 , 0.669600, 0.013348,0.000111
59 , Q ,0.448157 , 0.310089, 0.001326,0.000285
59 , F ,0.229241 , 0.400846, 0.056650,0.000183
59 , Y ,0.295959 , 0.516880, 0.048015,0.000197
59 , C ,0.507417 , 0.579740, 0.006011,0.000291
59 , N ,0.454603 , 0.686265, 0.019288,0.000223
59 , K ,0.475571 , 0.258472, 0.000435,0.000357
59 , D ,0.350895 , 0.512784, 0.027380,0.000162
60 , E ,0.663784 , 0.513062, 0.000305,0.000065
60 , H ,0.422610 , 0.580638, 0.017273,0.000233
60 , Q ,0.567528 , 0.434042, 0.000664,0.000256
60 , F ,0.306658 , 0.503361, 0.040720,0.000084
60 , Y ,1.169351 , 1.627501, 0.000327,0.002289
60 , C ,0.699697 , 0.795756, 0.001903,0.000185
60 , N ,0.380348 , 0.573396, 0.025818,0.000090
60 , K ,0.610508 , 0.333869, 0.000089,0.000312
60 , D ,0.392042 , 0.555948, 0.021145,0.000095
61 , E ,0.629895 , 0.490464, 0.000431,0.000142
61 , H ,0.445088 , 0.612693, 0.015596,0.000210
61 , Q ,0.564732 , 0.432651, 0.000711,0.000132
61 , F ,0.362864 , 0.523590, 0.025109,0.000232
61 , Y ,0.342949 , 0.517718, 0.030207,0.000242
61 , C ,0.668916 , 0.801105, 0.002936,0.000079
61 , N ,0.470313 , 0.664109, 0.014986,0.000018
61 , K ,0.570921 , 0.347801, 0.000233,0.000054
61 , D ,0.473581 , 0.628958, 0.012122,0.000118
62 , E ,0.724417 , 0.551295, 0.000161,0.000181
62 , H ,0.440441 , 0.600759, 0.015486,0.000266
62 , Q ,0.576698 , 0.428621, 0.000551,0.000161
62 , F ,1.639488 , 2.288555, 0.000027,0.003951
62 , Y ,0.330221 , 0.501780, 0.032304,0.000241
62 , C ,0.675004 , 0.813855, 0.002947,0.000202
62 , N ,0.493204 , 0.703432, 0.013906,0.000039
62 , K ,0.542683 , 0.330885, 0.000318,0.000074
62 , D ,0.426678 , 0.571598, 0.015506,0.000141
63 , E ,0.625348 , 0.474204, 0.000390,0.000170
63 , H ,0.441954 , 0.607176, 0.015706,0.000334
63 , Q ,0.543317 , 0.414328, 0.000845,0.000191
63 , F ,0.363583 , 0.546194, 0.027685,0.000235
63 , Y ,0.339318 , 0.510480, 0.030457,0.000260
63 , C ,0.638120 , 0.770278, 0.003632,0.000232
63 , N ,0.480631 , 0.681740, 0.014521,0.000060
63 , K ,0.648766 , 0.387216, 0.000089,0.000107
63 , D ,0.471869 , 0.624597, 0.012127,0.000093
64 , E ,0.694339 , 0.526616, 0.000207,0.000247
64 , H ,0.455900 , 0.644909, 0.016039,0.000060
64 , Q ,0.531034 , 0.396648, 0.000862,0.000195
64 , F ,0.352086 , 0.547649, 0.031212,0.000125
64 , Y ,0.370517 , 0.547414, 0.025865,0.000251
64 , C ,0.682995 , 0.818669, 0.002723,0.000201
64 , N ,0.449575 , 0.640646, 0.016839,0.000020
64 , K ,0.581169 , 0.341990, 0.000176,0.000194
64 , D ,1.785952 , 2.139002, 0.000005,0.005372
65 , E ,0.660475 , 0.518337, 0.000342,0.000175
65 , H ,0.428680 , 0.589850, 0.016760,0.000151
65 , Q ,0.538013 , 0.406367, 0.000845,0.000074
65 , F ,0.366334 , 0.551868, 0.027399,0.000145
65 , Y ,0.346071 , 0.519365, 0.029467,0.000344
65 , C ,0.679365 , 0.811577, 0.002731,0.000052
65 , N ,0.536706 , 0.759205, 0.011157,0.000098
65 , K ,0.543642 , 0.330169, 0.000310,0.000150
65 , D ,0.387050 , 0.520296, 0.018826,0.000084
66 , E ,0.621566 , 0.473425, 0.000415,0.000170
66 , H ,0.489201 , 0.679960, 0.013165,0.000136
66 , Q ,0.531708 , 0.399056, 0.000870,0.000108
66 , F ,0.381255 , 0.561787, 0.024384,0.000098
66 , Y ,0.361052 , 0.529063, 0.026329,0.000283
66 , C ,0.647568 , 0.760004, 0.003026,0.000182
66 , N ,0.497312 , 0.702919, 0.013302,0.000063
66 , K ,0.603844 , 0.362950, 0.000152,0.000071
66 , D ,0.422375 , 0.548888, 0.014546,0.000105
67 , E ,0.650780 , 0.509388, 0.000366,0.000359
67 , H ,0.461314 , 0.636341, 0.014559,0.000260
67 , Q ,0.967386 , 0.726250, 0.000013,0.000583
67 , F ,0.343910 , 0.508077, 0.028617,0.000197
67 , Y ,0.345002 , 0.516489, 0.029516,0.000223
67 , C ,0.705722 , 0.851848, 0.002474,0.000191
67 , N ,0.481105 , 0.663216, 0.013223,0.000122
67 , K ,0.626351 , 0.377319, 0.000120,0.000050
67 , D ,0.418971 , 0.552829, 0.015433,0.000118
68 , E ,0.675323 , 0.534688, 0.000315,0.000256
68 , H ,0.490354 , 0.660562, 0.011789,0.000161
68 , Q ,0.586008 , 0.444769, 0.000562,0.000087
68 , F ,0.348814 , 0.514582, 0.027847,0.000246
68 , Y ,0.358546 , 0.528723, 0.026974,0.000239
68 , C ,0.683380 , 0.812721, 0.002627,0.000106
68 , N ,0.474505 , 0.669791, 0.014700,0.000042
68 , K ,0.594940 , 0.357014, 0.000167,0.000065
68 , D ,0.464390 , 0.617991, 0.012780,0.000036
69 , E ,0.610233 , 0.453234, 0.000404,0.000208
69 , H ,1.656366 , 2.039244, 0.000012,0.002950
69 , Q ,0.640013 , 0.313880, 0.000038,0.000157
69 , F ,1.478184 , 2.869798, 0.000521,0.010048
69 , Y ,2.269209 , 3.991716, 0.000018,0.010670
69 , C ,0.364605 , 0.732952, 0.051503,0.000105
69 , N ,2.217794 , 3.686530, 0.000013,0.009207
69 , K ,1.022869 , 0.608196, 0.000001,0.000542
69 , D ,0.376037 , 0.628109, 0.033398,0.000383
70 , E ,-510.864911 , -561.432974, 0.176768,0.044939
70 , H ,0.931757 , 0.284133, 0.000000,0.001798
70 , Q ,-354.890141 , -334.687778, 0.237569,0.042718
70 , F ,0.769836 , 0.166501, 0.000000,0.000143
70 , Y ,0.888012 , 0.193860, 0.000000,0.000028
70 , C ,0.682794 , 0.348903, 0.000027,0.001185
70 , N ,1.028125 , 0.393622, 0.000000,0.000101
70 , K ,-932.907413 , -1112.860354, 0.128342,0.046520
70 , D ,0.857794 , 0.276589, 0.000000,0.000130
71 , Y ,0.564077 , 0.194446, 0.000034,0.006962
71 , K ,-14365.493557 , -23484.139107, 0.250000,0.187500
72 , H ,0.943523 , 0.238491, 0.000000,0.001556
72 , Q ,-851.470443 , -1030.215029, 0.202186,0.051136
72 , F ,0.846973 , 0.202193, 0.000000,0.000509
72 , Y ,0.884990 , 0.226609, 0.000000,0.000040
72 , C ,0.590128 , 0.304489, 0.000094,0.001157
72 , N ,0.709958 , 0.269900, 0.000005,0.000229
72 , K ,-481.324838 , -515.427018, 0.125506,0.034815
72 , D ,0.867042 , 0.323355, 0.000000,0.000102
73 , E ,0.912318 , 1.251762, 0.001527,0.001354
73 , H ,0.856825 , 0.895986, 0.000431,0.000422
73 , Q ,0.760587 , 0.772196, 0.000657,0.000820
73 , F ,0.671503 , 0.610089, 0.000678,0.000601
73 , Y ,0.467575 , 0.562711, 0.009159,0.000236
73 , C ,0.737638 , 0.755861, 0.000841,0.000243
73 , N ,0.453290 , 0.391254, 0.002897,0.000901
73 , K ,1.049757 , 1.057098, 0.000082,0.001849
73 , D ,0.779968 , 0.784583, 0.000574,0.000308
74 , E ,1.363465 , 1.642057, 0.000034,0.004543
74 , H ,0.707845 , 0.742261, 0.001166,0.000481
74 , Q ,0.597751 , 0.607814, 0.002189,0.000733
74 , F ,0.463461 , 0.339142, 0.001449,0.000267
74 , Y ,0.341540 , 0.355658, 0.011736,0.000720
74 , C ,0.738712 , 0.766211, 0.000891,0.001090
74 , N ,0.465630 , 0.436553, 0.003710,0.000365
74 , K ,0.706505 , 0.784707, 0.001562,0.000673
74 , D ,0.298887 , 0.250006, 0.008814,0.000378
75 , E ,0.331284 , 1.651887, 0.149588,0.003554
75 , H ,0.940874 , 0.258545, 0.000000,0.000277
75 , Q ,-2175.020856 , -2959.849149, 0.150838,0.068891
75 , F ,1.011016 , 0.343192, 0.000000,0.001535
75 , Y ,0.742343 , 0.159731, 0.000000,0.001213
75 , C ,1.022037 , 0.228065, 0.000000,0.000623
75 , N ,0.888894 , 0.313765, 0.000000,0.000492
75 , K ,0.449796 , 1.047595, 0.053911,0.000679
75 , D ,0.821462 , 0.276293, 0.000001,0.000589
76 , E ,-234.213807 , -231.817154, 0.152542,0.031624
76 , H ,0.826973 , 0.206483, 0.000000,0.000116
76 , Q ,-888.402397 , -1069.911316, 0.197802,0.048998
76 , F ,1.127755 , 0.381022, 0.000000,0.000241
76 , Y ,0.710180 , 0.166791, 0.000001,0.001556
76 , C ,1.082755 , 0.269199, 0.000000,0.002174
76 , N ,0.972650 , 0.354774, 0.000000,0.000248
76 , K ,0.513928 , 1.115834, 0.039394,0.001520
76 , D ,0.835608 , 0.247418, 0.000000,0.000331
77 , E ,-759.307744 , -893.402516, 0.145833,0.044596
77 , H ,0.967764 , 0.229599, 0.000000,0.000873
77 , Q ,0.160588 , 0.815908, 0.193160,0.000478
77 , F ,0.896244 , 0.259648, 0.000000,0.000289
77 , Y ,0.747702 , 0.164775, 0.000000,0.000455
77 , C ,0.760279 , 0.112632, 0.000000,0.001385
77 , N ,0.760653 , 0.251007, 0.000001,0.000938
77 , K ,1.585110 , 3.726552, 0.001000,0.007084
77 , D ,0.921844 , 0.308551, 0.000000,0.001710
78 , E ,-857.296989 , -1021.087277, 0.173077,0.043870
78 , H ,0.708897 , 0.160746, 0.000001,0.000083
78 , Q ,-2217.393885 , -3046.786001, 0.240741,0.059328
78 , F ,0.893900 , 0.337775, 0.000000,0.000211
78 , Y ,0.722387 , 0.094341, 0.000000,0.000275
78 , C ,0.896445 , 0.208645, 0.000000,0.001315
78 , N ,0.813739 , 0.317608, 0.000001,0.001098
78 , K ,1.970547 , 4.230799, 0.000241,0.005241
78 , D ,0.956855 , 0.256251, 0.000000,0.001011
79 , E ,-241.694710 , -236.237034, 0.173077,0.035281
79 , H ,1.113542 , 0.353031, 0.000000,0.001471
79 , Q ,-307.581315 , -304.862810, 0.148571,0.041580
79 , F ,1.124126 , 0.394310, 0.000000,0.000065
79 , Y ,0.803122 , 0.175521, 0.000000,0.000138
79 , C ,1.116782 , 0.223706, 0.000000,0.000730
79 , N ,0.736307 , 0.288556, 0.000004,0.000756
79 , K ,0.359673 , 0.831812, 0.066755,0.000208
79 , D ,0.986296 , 0.297141, 0.000000,0.000245
80 , E ,-2134.481524 , -2895.001724, 0.148148,0.070264
80 , H ,0.928219 , 0.259887, 0.000000,0.001343
80 , Q ,0.174135 , 0.897975, 0.200999,0.000080
80 , F ,0.712146 , 0.152877, 0.000001,0.000173
80 , Y ,0.803503 , 0.215216, 0.000000,0.001412
80 , C ,0.707576 , 0.122811, 0.000000,0.002303
80 , N ,1.170654 , 0.486807, 0.000000,0.000836
80 , K ,1.196473 , 2.953760, 0.005084,0.010180
80 , D ,0.967475 , 0.298955, 0.000000,0.000558
81 , E ,-2200.020573 , -3012.364019, 0.124031,0.067003
81 , H ,0.766339 , 0.175093, 0.000000,0.000230
81 , Q ,-946.500632 , -1138.016972, 0.161290,0.052362
81 , F ,1.185334 , 0.397102, 0.000000,0.001251
81 , Y ,1.030722 , 0.244647, 0.000000,0.000535
81 , C ,1.092165 , 0.275774, 0.000000,0.002385
81 , N ,1.012545 , 0.330842, 0.000000,0.000689
81 , K ,0.336468 , 0.793083, 0.072746,0.000518
81 , D ,0.943185 , 0.284426, 0.000000,0.000058
82 , E ,-278.240880 , -278.406061, 0.165289,0.037989
82 , H ,0.917553 , 0.228790, 0.000000,0.000267
82 , Q ,-829.244676 , -993.900670, 0.195980,0.046110
82 , F ,1.112224 , 0.407259, 0.000000,0.000690
82 , Y ,0.689676 , 0.168369, 0.000001,0.000871
82 , C ,0.943333 , 0.237187, 0.000000,0.001052
82 , N ,0.700374 , 0.250246, 0.000004,0.000526
82 , K ,0.349378 , 0.828277, 0.071359,0.000725
82 , D ,0.836699 , 0.246576, 0.000000,0.000267
83 , E ,-258.565402 , -254.620343, 0.136752,0.030207
83 , H ,1.023616 , 0.250299, 0.000000,0.000173
83 , Q ,-2445.619275 , -3351.079652, 0.141304,0.076776
83 , F ,0.827865 , 0.271570, 0.000000,0.002015
83 , Y ,0.989800 , 0.237954, 0.000000,0.003224
83 , C ,1.309202 , 0.310497, 0.000000,0.000354
83 , N ,0.574863 , 0.217080, 0.000033,0.000266
83 , K ,-997.483186 , -1181.938701, 0.088235,0.050497
83 , D ,1.199438 , 0.401839, 0.000000,0.000634
84 , E ,-380.972019 , -406.741655, 0.179487,0.033487
84 , H ,0.930448 , 0.204987, 0.000000,0.000372
84 , Q ,-842.597867 , -1013.927504, 0.236842,0.043954
84 , F ,1.039942 , 0.327479, 0.000000,0.000619
84 , Y ,0.783164 , 0.175333, 0.000000,0.000308
84 , C ,1.313644 , 0.321107, 0.000000,0.000266
84 , N ,0.882271 , 0.326360, 0.000000,0.000545
84 , K ,0.489377 , 1.034177, 0.039206,0.002558
84 , D ,0.875422 , 0.273601, 0.000000,0.000069
85 , E ,-848.144703 , -1003.450758, 0.153846,0.042653
85 , H ,0.961452 , 0.180159, 0.000000,0.000917
85 , Q ,-2237.614564 , -3086.216793, 0.202020,0.068803
85 , F ,1.060373 , 0.347653, 0.000000,0.002170
85 , Y ,0.921485 , 0.249476, 0.000000,0.001623
85 , C ,0.619938 , 0.097627, 0.000002,0.000888
85 , N ,1.134475 , 0.416722, 0.000000,0.002329
85 , K ,-919.054267 , -1074.424632, 0.142857,0.041649
85 , D ,0.899777 , 0.295305, 0.000000,0.003520
86 , E ,-235.284516 , -231.732552, 0.137405,0.033594
86 , H ,0.806328 , 0.161758, 0.000000,0.000308
86 , Q ,-922.256014 , -1108.117204, 0.208556,0.045440
86 , F ,1.120458 , 0.387572, 0.000000,0.000473
86 , Y ,0.838697 , 0.196692, 0.000000,0.000200
86 , C ,1.144137 , 0.282402, 0.000000,0.000321
86 , N ,1.016686 , 0.377782, 0.000000,0.000349
86 , K ,0.401853 , 0.874702, 0.053662,0.001312
86 , D ,1.039962 , 0.323214, 0.000000,0.000091
87 , E ,-1892.337387 , -2559.635654, 0.176471,0.059436
87 , H ,0.953335 , 0.257176, 0.000000,0.000036
87 , Q ,-900.309708 , -1080.753454, 0.206897,0.044911
87 , F ,0.780460 , 0.252457, 0.000001,0.001943
87 , Y ,0.751098 , 0.146865, 0.000000,0.001335
87 , C ,1.310299 , 0.343236, 0.000000,0.000578
87 , N ,0.622644 , 0.236099, 0.000017,0.000961
87 , K ,0.324848 , 0.841338, 0.083778,0.001756
87 , D ,1.130665 , 0.319856, 0.000000,0.000131
88 , E ,-748.631312 , -885.008903, 0.133858,0.047771
88 , H ,1.168649 , 0.310520, 0.000000,0.000097
88 , Q ,-898.757880 , -1081.702001, 0.206704,0.047314
88 , F ,0.932984 , 0.313638, 0.000000,0.000610
88 , Y ,0.851276 , 0.212000, 0.000000,0.004280
88 , C ,0.991939 , 0.207765, 0.000000,0.000498
88 , N ,0.651937 , 0.216190, 0.000007,0.000542
88 , K ,0.403817 , 0.939974, 0.058717,0.001859
88 , D ,0.936360 , 0.305916, 0.000000,0.000928
89 , E ,0.292730 , 1.341683, 0.153453,0.001916
89 , H ,0.824261 , 0.191643, 0.000000,0.000089
89 , Q ,-885.593163 , -1064.410811, 0.215470,0.044718
89 , F ,1.309106 , 0.447167, 0.000000,0.000147
89 , Y ,0.866239 , 0.228380, 0.000000,0.002343
89 , C ,1.032901 , 0.246525, 0.000000,0.000526
89 , N ,0.950882 , 0.353771, 0.000000,0.000793
89 , K ,-788.923413 , -919.240225, 0.112500,0.038164
89 , D ,0.909880 , 0.263228, 0.000000,0.000055
90 , E ,0.296618 , 0.380243, 0.026774,0.001136
90 , H ,0.667320 , 0.680029, 0.001353,0.000369
90 , Q ,0.560098 , 0.606500, 0.003598,0.000209
90 , F ,0.775709 , 0.644149, 0.000177,0.000511
90 , Y ,0.505280 , 0.555568, 0.005101,0.000252
90 , C ,0.698540 , 0.670468, 0.000780,0.000100
90 , N ,0.706172 , 0.654049, 0.000593,0.000788
90 , K ,0.468695 , 0.518688, 0.006722,0.000399
90 , D ,0.814121 , 0.840106, 0.000528,0.000571
91 , E ,-806.676940 , -969.246482, 0.200000,0.047654
91 , H ,0.856284 , 0.216564, 0.000000,0.000640
91 , Q ,-2073.288635 , -2824.452581, 0.164474,0.064621
91 , F ,0.669019 , 0.184811, 0.000003,0.000745
91 , Y ,0.684647 , 0.090244, 0.000000,0.000765
91 , C ,0.789863 , 0.131265, 0.000000,0.000336
91 , N ,0.986939 , 0.386549, 0.000000,0.001142
91 , K ,-725.802285 , -838.443383, 0.089286,0.043607
91 , D ,0.892530 , 0.252700, 0.000000,0.001339
92 , E ,0.488741 , 0.641156, 0.011104,0.001049
92 , H ,0.510301 , 0.540928, 0.004498,0.000259
92 , Q ,0.571971 , 0.507507, 0.001229,0.002374
92 , F ,0.979731 , 0.956323, 0.000106,0.000850
92 , Y ,1.085758 , 1.318858, 0.000200,0.001664
92 , C ,0.484468 , 0.543311, 0.006407,0.000207
92 , N ,0.798826 , 0.791639, 0.000390,0.000977
92 , K ,0.755600 , 0.722399, 0.000512,0.000387
92 , D ,0.545377 , 0.639753, 0.005232,0.000379
93 , E ,0.413645 , 0.559565, 0.017782,0.001080
93 , H ,0.924737 , 0.839597, 0.000096,0.000877
93 , Q ,0.626263 , 0.675290, 0.002350,0.000177
93 , F ,1.282796 , 1.122954, 0.000004,0.000760
93 , Y ,0.750785 , 0.892042, 0.001706,0.000576
93 , C ,0.751026 , 0.729859, 0.000586,0.000275
93 , N ,0.740999 , 0.653525, 0.000345,0.001293
93 , K ,0.863758 , 0.915520, 0.000453,0.000965
93 , D ,1.147765 , 1.017964, 0.000014,0.001038
94 , E ,0.305571 , 0.836295, 0.094535,0.001018
94 , H ,0.868790 , 0.313744, 0.000000,0.000083
94 , Q ,0.472051 , 0.904541, 0.033632,0.000324
94 , F ,1.016288 , 0.440881, 0.000000,0.000596
94 , Y ,0.704448 , 0.346039, 0.000017,0.000215
94 , C ,0.930041 , 0.528909, 0.000003,0.000439
94 , N ,0.853376 , 0.422098, 0.000003,0.001418
94 , K ,0.544451 , 1.035195, 0.026444,0.000623
94 , D ,0.874198 , 0.375003, 0.000001,0.000768
95 , E ,0.310994 , 0.700056, 0.071098,0.000277
95 , H ,0.790933 , 0.426229, 0.000010,0.000515
95 , Q ,1.634015 , 2.348458, 0.000040,0.005536
95 , F ,0.963977 , 0.447386, 0.000000,0.000172
95 , Y ,0.541705 , 0.307776, 0.000233,0.000227
95 , C ,0.768771 , 0.467484, 0.000026,0.000231
95 , N ,1.130735 , 0.724317, 0.000001,0.000949
95 , K ,1.819005 , 2.842673, 0.000034,0.004987
95 , D ,0.560623 , 0.257562, 0.000078,0.000477
96 , E ,0.328516 , 0.720391, 0.065440,0.000114
96 , H ,0.773356 , 0.434776, 0.000016,0.000345
96 , Q ,0.403633 , 0.684338, 0.031922,0.000397
96 , F ,0.893987 , 0.433371, 0.000001,0.000340
96 , Y ,0.675359 , 0.414189, 0.000075,0.000472
96 , C ,1.093506 , 0.669457, 0.000001,0.000690
96 , N ,0.922652 , 0.635806, 0.000011,0.000710
96 , K ,0.647453 , 1.040626, 0.010899,0.000749
96 , D ,0.687631 , 0.337077, 0.000020,0.001249
97 , E ,0.316636 , 0.706646, 0.068873,0.000488
97 , H ,0.783695 , 0.428694, 0.000011,0.000526
97 , Q ,0.504878 , 0.857057, 0.022491,0.000468
97 , F ,1.302953 , 0.643634, 0.000000,0.000685
97 , Y ,0.683659 , 0.437112, 0.000087,0.000247
97 , C ,0.797828 , 0.530597, 0.000033,0.000199
97 , N ,0.670905 , 0.389232, 0.000050,0.000494
97 , K ,0.872353 , 1.285933, 0.002024,0.002372
97 , D ,0.717384 , 0.410242, 0.000029,0.001858
98 , E ,0.321124 , 0.689033, 0.063129,0.000489
98 , H ,0.590834 , 0.324329, 0.000115,0.000154
98 , Q ,0.467339 , 0.793317, 0.025628,0.000512
98 , F ,1.053146 , 0.512155, 0.000000,0.000612
98 , Y ,0.524896 , 0.329276, 0.000423,0.000405
98 , C ,0.667742 , 0.438060, 0.000115,0.000440
98 , N ,0.889103 , 0.543395, 0.000005,0.001239
98 , K ,1.532279 , 2.113519, 0.000045,0.004243
98 , D ,0.676939 , 0.391069, 0.000052,0.000928
99 , E ,-860.956830 , -1020.434788, 0.196581,0.037950
99 , H ,0.941101 , 0.285949, 0.000000,0.000036
99 , Q ,-2546.384413 , -3496.883199, 0.158621,0.071217
99 , F ,0.829343 , 0.305495, 0.000001,0.001401
99 , Y ,0.774006 , 0.159971, 0.000000,0.000458
99 , C ,0.828322 , 0.173632, 0.000000,0.000643
99 , N ,0.810428 , 0.284221, 0.000001,0.000886
99 , K ,-1086.239355 , -1288.495645, 0.084746,0.048118
99 , D ,0.876746 , 0.248532, 0.000000,0.000956
100 , E ,-808.277480 , -956.568926, 0.225000,0.036163
100 , H ,1.052788 , 0.320353, 0.000000,0.000759
100 , Q ,-490.267498 , -498.639920, 0.148936,0.053588
100 , F ,0.830430 , 0.310100, 0.000001,0.000599
100 , Y ,0.812191 , 0.228536, 0.000000,0.000676
100 , C ,0.721666 , 0.139652, 0.000000,0.000832
100 , N ,1.185059 , 0.457387, 0.000000,0.001693
100 , K ,0.612335 , 1.227482, 0.024319,0.001526
100 , D ,0.929998 , 0.340979, 0.000000,0.000194
101 , E ,-865.350821 , -1035.255911, 0.122642,0.054624
101 , H ,0.856872 , 0.296478, 0.000000,0.000605
101 , Q ,-2298.001003 , -3173.082772, 0.192053,0.069968
101 , F ,0.816731 , 0.251589, 0.000000,0.001560
101 , Y ,0.987729 , 0.311588, 0.000000,0.000240
101 , C ,0.763773 , 0.432731, 0.000018,0.000436
101 , N ,0.536477 , 0.241442, 0.000104,0.003400
101 , K ,0.449436 , 1.036451, 0.053025,0.001480
101 , D ,1.125011 , 0.422260, 0.000000,0.000295
102 , E ,-2128.366449 , -2848.102759, 0.090909,0.071013
102 , H ,0.780309 , 0.252008, 0.000001,0.000313
102 , Q ,-3721.614200 , -4967.007517, 0.207547,0.102884
102 , F ,0.869120 , 0.211601, 0.000000,0.000433
102 , Y ,-0.003145 , 0.053592, 0.539368,0.004827
102 , C ,0.725107 , 0.328102, 0.000010,0.004723
102 , N ,1.013178 , 0.350651, 0.000000,0.003338
102 , K ,-1723.044451 , -2126.835389, 0.055556,0.077160
102 , D ,0.805707 , 0.279369, 0.000001,0.001750
103 , E ,1.344989 , 1.377489, 0.000006,0.006966
103 , H ,0.349358 , 0.430527, 0.016958,0.000248
103 , Q ,0.295259 , 0.290917, 0.013752,0.000206
103 , F ,0.223532 , 0.142077, 0.010077,0.000705
103 , Y ,0.213890 , 0.308125, 0.039587,0.001081
103 , C ,0.316555 , 0.444530, 0.026676,0.001785
103 , N ,1.202020 , 1.293670, 0.000031,0.003091
103 , K ,0.770262 , 0.749512, 0.000438,0.001710
103 , D ,1.013604 , 0.904791, 0.000028,0.003044
104 , E ,0.120913 , 0.205767, 0.070763,0.001262
104 , H ,0.353405 , 0.435957, 0.016288,0.000467
104 , Q ,0.331119 , 0.343284, 0.012563,0.000345
104 , F ,0.289548 , 0.178050, 0.004742,0.000702
104 , Y ,1.083287 , 0.873549, 0.000003,0.005691
104 , C ,0.282004 , 0.402976, 0.031678,0.001847
104 , N ,0.229114 , 0.231602, 0.021395,0.000385
104 , K ,0.651824 , 0.634375, 0.001084,0.000775
104 , D ,0.587005 , 0.369510, 0.000133,0.002379
105 , E ,1.137437 , 1.211476, 0.000045,0.006417
105 , H ,0.379535 , 0.463176, 0.014154,0.000465
105 , Q ,0.415782 , 0.390933, 0.005162,0.000396
105 , F ,0.206982 , 0.131755, 0.011943,0.000361
105 , Y ,0.165964 , 0.225080, 0.044914,0.001036
105 , C ,1.566201 , 2.256315, 0.000056,0.003510
105 , N ,0.293308 , 0.322995, 0.017815,0.000671
105 , K ,0.888469 , 0.839745, 0.000165,0.001098
105 , D ,0.952399 , 0.792552, 0.000024,0.003476
106 , E ,1.342585 , 1.463367, 0.000012,0.007150
106 , H ,0.390345 , 0.507526, 0.015851,0.000536
106 , Q ,0.343511 , 0.339993, 0.009975,0.000346
106 , F ,0.263869 , 0.160999, 0.006031,0.000610
106 , Y ,0.837327 , 0.457141, 0.000002,0.006881
106 , C ,0.327794 , 0.454313, 0.024693,0.001417
106 , N ,0.992229 , 0.907763, 0.000037,0.002829
106 , K ,0.568974 , 0.560518, 0.002131,0.000675
106 , D ,0.935457 , 0.557799, 0.000002,0.003706
107 , E ,-487.807260 , -527.919111, 0.159204,0.040014
107 , H ,0.802509 , 0.247456, 0.000000,0.000158
107 , Q ,-1922.171878 , -2657.808310, 0.231156,0.061320
107 , F ,0.830619 , 0.191507, 0.000000,0.001074
107 , Y ,0.633597 , 0.110439, 0.000002,0.000334
107 , C ,0.817388 , 0.287553, 0.000001,0.001258
107 , N ,0.826310 , 0.306122, 0.000001,0.000756
107 , K ,-946.208689 , -1113.885554, 0.102273,0.045293
107 , D ,0.681903 , 0.200136, 0.000003,0.000216
108 , E ,-654.234269 , -718.241796, 0.161290,0.050031
108 , H ,0.667086 , 0.189402, 0.000003,0.000088
108 , Q ,-2034.963601 , -2816.851763, 0.268966,0.056155
108 , F ,0.770625 , 0.119798, 0.000000,0.000850
108 , Y ,0.610982 , 0.094488, 0.000002,0.002731
108 , C ,0.774284 , 0.272076, 0.000001,0.001489
108 , N ,1.338711 , 0.601026, 0.000000,0.001750
108 , K ,-1514.154583 , -1937.383639, 0.131148,0.061901
108 , D ,0.754933 , 0.232585, 0.000001,0.000215
109 , E ,-508.231577 , -548.579770, 0.131868,0.040599
109 , H ,0.669165 , 0.200386, 0.000004,0.000127
109 , Q ,-2105.255404 , -2919.089332, 0.261745,0.058736
109 , F ,0.556824 , 0.072256, 0.000004,0.001761
109 , Y ,0.619754 , 0.106958, 0.000002,0.002177
109 , C ,0.795577 , 0.286899, 0.000001,0.001580
109 , N ,1.025874 , 0.452348, 0.000000,0.001873
109 , K ,-1575.128468 , -2035.911382, 0.138462,0.059329
109 , D ,0.813490 , 0.243426, 0.000000,0.000262
110 , E ,-1778.065122 , -2229.291329, 0.173653,0.067888
110 , H ,0.682572 , 0.163806, 0.000001,0.000363
110 , Q ,-155.314372 , -151.671240, 0.239264,0.039986
110 , F ,0.884732 , 0.655927, 0.000000,0.025333
110 , Y ,0.793560 , 0.168797, 0.000000,0.000167
110 , C ,0.762323 , 0.259389, 0.000001,0.000804
110 , N ,0.974360 , 0.324721, 0.000000,0.001263
110 , K ,-633.516966 , -689.777804, 0.185567,0.038713
110 , D ,0.555109 , 0.136070, 0.000013,0.000440
111 , E ,0.625061 , 0.648804, 0.001969,0.000306
111 , H ,0.772345 , 0.675913, 0.000256,0.000358
111 , Q ,0.648902 , 0.736908, 0.002558,0.000130
111 , F ,0.910589 , 0.571550, 0.000007,0.000382
111 , Y ,0.822489 , 0.797651, 0.000340,0.000114
111 , C ,0.797910 , 0.713932, 0.000238,0.000455
111 , N ,0.791444 , 0.635586, 0.000126,0.000245
111 , K ,0.749333 , 0.696754, 0.000446,0.000084
111 , D ,0.947763 , 0.865998, 0.000087,0.000263
112 , E ,0.473743 , 0.677734, 0.015437,0.000468
112 , H ,0.630146 , 0.423974, 0.000196,0.000231
112 , Q ,0.262631 , 0.676961, 0.094865,0.000713
112 , F ,0.517448 , 0.532071, 0.003641,0.000362
112 , Y ,0.615882 , 0.418249, 0.000234,0.000181
112 , C ,0.764763 , 0.386072, 0.000009,0.000468
112 , N ,0.587303 , 0.393025, 0.000294,0.000155
112 , K ,0.325647 , 0.454996, 0.026457,0.000671
112 , D ,0.690962 , 0.318692, 0.000014,0.000270
113 , E ,-160.871501 , -152.261599, 0.224756,0.029136
113 , H ,0.619246 , 0.324571, 0.000065,0.000092
113 , Q ,-268.394749 , -263.202342, 0.153846,0.027205
113 , F ,0.749427 , 0.233028, 0.000001,0.000305
113 , Y ,0.689145 , 0.284563, 0.000009,0.000097
113 , C ,1.148012 , 0.561328, 0.000000,0.000230
113 , N ,0.858307 , 0.333408, 0.000001,0.000358
113 , K ,-608.956816 , -726.836907, 0.293785,0.040418
113 , D ,0.752722 , 0.336236, 0.000005,0.000269
114 , E ,0.372712 , 0.694221, 0.042986,0.000108
114 , H ,0.546318 , 0.411659, 0.000778,0.000131
114 , Q ,0.303114 , 0.811660, 0.092366,0.000035
114 , F ,0.792325 , 0.405615, 0.000007,0.000038
114 , Y ,0.648048 , 0.429796, 0.000156,0.000098
114 , C ,0.546880 , 0.408749, 0.000748,0.000140
114 , N ,0.577003 , 0.394772, 0.000372,0.000046
114 , K ,0.314094 , 0.671920, 0.064001,0.000088
114 , D ,0.476286 , 0.392732, 0.002064,0.000040
115 , E ,0.714303 , 0.356583, 0.000017,0.000181
115 , H ,0.315712 , 0.795058, 0.083218,0.000605
115 , Q ,0.534172 , 0.282735, 0.000198,0.000101
115 , F ,0.676514 , 0.778307, 0.002318,0.000079
115 , Y ,0.314501 , 0.648818, 0.061644,0.000090
115 , C ,1.839307 , 3.518889, 0.000139,0.004292
115 , N ,0.176518 , 0.663988, 0.153976,0.000104
115 , K ,0.619357 , 0.163786, 0.000005,0.000853
115 , D ,0.627671 , 1.020093, 0.012418,0.000630
116 , E ,0.916645 , 0.543185, 0.000004,0.000189
116 , H ,0.342366 , 0.800381, 0.070537,0.000070
116 , Q ,0.827971 , 0.593750, 0.000042,0.000238
116 , F ,0.588621 , 0.557674, 0.001624,0.000091
116 , Y ,-285.130742 , -277.825337, 0.170370,0.033685
116 , C ,-438.302305 , -467.521054, 0.135084,0.033990
116 , N ,-243.466983 , -239.621714, 0.191367,0.027441
116 , K ,0.500509 , 0.092849, 0.000020,0.000142
116 , D ,-473.138800 , -505.487670, 0.144578,0.035051
117 , E ,0.950623 , 0.539214, 0.000002,0.000091
117 , H ,0.293501 , 0.721207, 0.083633,0.000027
117 , Q ,0.835628 , 0.581700, 0.000031,0.000086
117 , F ,0.809300 , 0.790981, 0.000390,0.000037
117 , Y ,-251.538078 , -248.344659, 0.166909,0.026044
117 , C ,-183.893499 , -171.424109, 0.182331,0.023226
117 , N ,-412.177647 , -442.879503, 0.188855,0.035980
117 , K ,0.893756 , 0.640939, 0.000000,0.022900
117 , D ,-301.832161 , -297.229259, 0.123264,0.030439
118 , E ,0.438878 , 1.005645, 0.054331,0.000038
118 , H ,0.862628 , 0.264555, 0.000000,0.000107
118 , Q ,0.433016 , 0.860435, 0.041505,0.000014
118 , F ,0.900446 , 0.490093, 0.000003,0.000112
118 , Y ,0.851568 , 0.392283, 0.000002,0.000048
118 , C ,0.715098 , 0.445871, 0.000054,0.000181
118 , N ,0.832313 , 0.490931, 0.000011,0.000072
118 , K ,0.405341 , 0.816770, 0.046281,0.000108
118 , D ,0.829489 , 0.394134, 0.000003,0.000029
119 , E ,0.725948 , 0.144652, 0.000000,0.000615
119 , H ,1.819586 , 2.520621, 0.000005,0.011922
119 , Q ,0.426006 , -0.063421, 0.000005,0.000622
119 , F ,0.060296 , 0.159674, 0.100994,0.000327
119 , Y ,1.307705 , 1.480238, 0.000005,0.013065
119 , C ,1.870743 , 3.378886, 0.000072,0.009810
119 , N ,2.381283 , 5.349017, 0.000034,0.007346
119 , K ,0.143401 , -0.073814, 0.001934,0.000092
119 , D ,0.123319 , 0.276563, 0.092932,0.000121
120 , E ,0.714200 , 0.949544, 0.003759,0.000146
120 , H ,0.886414 , 0.485561, 0.000003,0.000070
120 , Q ,0.592229 , 0.985457, 0.015057,0.000149
120 , F ,0.770634 , 0.611482, 0.000137,0.000090
120 , Y ,0.954684 , 0.668741, 0.000010,0.000041
120 , C ,0.935474 , 1.025757, 0.000361,0.000137
120 , N ,0.867258 , 0.527024, 0.000009,0.000230
120 , K ,0.535287 , 0.676056, 0.007626,0.000175
120 , D ,0.908092 , 0.469572, 0.000002,0.000201
122 , H ,0.487586 , 0.584721, 0.007958,0.000125
122 , Q ,0.533349 , 0.444285, 0.001346,0.000129
122 , F ,0.419905 , 0.560125, 0.015732,0.000089
122 , Y ,0.453246 , 0.662993, 0.017890,0.000200
122 , C ,0.455820 , 0.685992, 0.019244,0.000234
122 , N ,0.595973 , 0.708995, 0.004213,0.000175
122 , K ,0.561678 , 0.384055, 0.000430,0.000137
122 , D ,0.474502 , 0.575228, 0.008821,0.000123
123 , E ,0.729971 , 0.087273, 0.000000,0.000406
123 , H ,0.475185 , 0.856944, 0.028988,0.000085
123 , Q ,0.681008 , 0.120069, 0.000001,0.000132
123 , F ,0.926177 , 0.746628, 0.000040,0.000233
123 , Y ,0.215381 , 0.715595, 0.133489,0.000281
123 , C ,0.247051 , 0.682130, 0.106693,0.000303
123 , N ,-429.747821 , -456.767528, 0.176944,0.032446
123 , K ,0.744083 , -0.063785, 0.000000,0.000083
123 , D ,0.462761 , 0.778370, 0.025431,0.000120
124 , E ,0.348630 , 0.564972, 0.034236,0.001286
124 , H ,0.458303 , 0.405053, 0.003245,0.000166
124 , Q ,0.356360 , 0.526788, 0.026832,0.000601
124 , F ,0.950682 , 0.677960, 0.000011,0.000996
124 , Y ,0.489672 , 0.440062, 0.002630,0.000511
124 , C ,0.406776 , 0.259637, 0.001561,0.000948
124 , N ,1.081818 , 0.947727, 0.000017,0.001597
124 , K ,1.017065 , 1.408607, 0.000883,0.001259
124 , D ,0.944882 , 0.549907, 0.000002,0.002184
125 , E ,0.455329 , 0.588739, 0.012278,0.000327
125 , H ,0.756413 , 0.606223, 0.000169,0.000518
125 , Q ,0.568111 , 0.742201, 0.007540,0.001214
125 , F ,1.302461 , 0.871019, 0.000000,0.000422
125 , Y ,0.552243 , 0.483782, 0.001447,0.000193
125 , C ,0.624048 , 0.484266, 0.000451,0.000416
125 , N ,0.588168 , 0.466387, 0.000683,0.000690
125 , K ,0.468270 , 0.422240, 0.003124,0.000770
125 , D ,0.674125 , 0.495340, 0.000204,0.000917
126 , E ,0.271916 , 0.277062, 0.016218,0.000976
126 , H ,0.215381 , 0.447649, 0.074321,0.000523
126 , Q ,0.360931 , 0.285122, 0.004540,0.000390
126 , F ,1.171712 , 1.116290, 0.000015,0.003099
126 , Y ,0.304726 , 0.461729, 0.034914,0.000510
126 , C ,1.580072 , 1.951705, 0.000012,0.004521
126 , N ,0.308391 , 0.359480, 0.018333,0.000290
126 , K ,1.174025 , 0.895107, 0.000002,0.002621
126 , D ,1.150901 , 1.250017, 0.000048,0.002992
127 , E ,0.525026 , 0.702739, 0.009910,0.000486
127 , H ,0.530626 , 0.509460, 0.002548,0.000285
127 , Q ,0.528808 , 0.678691, 0.008340,0.000255
127 , F ,0.790038 , 0.575626, 0.000068,0.000452
127 , Y ,1.028367 , 0.890172, 0.000023,0.001476
127 , C ,0.981123 , 0.646101, 0.000005,0.000630
127 , N ,0.917566 , 0.758972, 0.000051,0.000861
127 , K ,0.489544 , 0.599790, 0.008741,0.000325
127 , D ,1.047749 , 0.670065, 0.000001,0.001995
128 , E ,0.904486 , 0.810578, 0.000108,0.000329
128 , H ,0.735955 , 0.977483, 0.003385,0.000193
128 , Q ,1.042970 , 0.794012, 0.000009,0.000259
128 , F ,0.459198 , 0.578859, 0.011135,0.000213
128 , Y ,0.437217 , 0.751718, 0.028672,0.000194
128 , C ,0.582301 , 0.738589, 0.006122,0.000154
128 , N ,1.408904 , 2.010287, 0.000125,0.002466
128 , K ,0.783410 , 0.699638, 0.000273,0.000236
128 , D ,0.365702 , 0.546785, 0.027049,0.000631
129 , E ,0.913605 , 0.851230, 0.000132,0.000176
129 , H ,0.587853 , 0.755770, 0.006175,0.000124
129 , Q ,1.124184 , 0.878068, 0.000005,0.000294
129 , F ,0.495160 , 0.661167, 0.011238,0.000164
129 , Y ,0.403363 , 0.691593, 0.031993,0.000114
129 , C ,0.695103 , 0.899742, 0.003710,0.000204
129 , N ,0.416062 , 0.618331, 0.022122,0.000204
129 , K ,0.753816 , 0.655631, 0.000288,0.000366
129 , D ,0.301018 , 0.463774, 0.037526,0.001245
130 , E ,1.009933 , 0.930335, 0.000059,0.000279
130 , H ,0.751042 , 1.011172, 0.003311,0.000326
130 , Q ,0.966919 , 0.719823, 0.000015,0.000079
130 , F ,0.477684 , 0.615661, 0.010949,0.000061
130 , Y ,0.427462 , 0.743817, 0.030592,0.000405
130 , C ,0.626114 , 0.809852, 0.005250,0.000375
130 , N ,0.410417 , 0.600797, 0.021757,0.000214
130 , K ,0.837825 , 0.744246, 0.000169,0.000353
130 , D ,0.242379 , 0.368739, 0.045394,0.001381
131 , E ,0.942501 , 0.857958, 0.000091,0.000409
131 , H ,0.639743 , 0.851535, 0.005534,0.000163
131 , Q ,1.077044 , 0.838905, 0.000008,0.000349
131 , F ,0.436855 , 0.571744, 0.013891,0.000148
131 , Y ,0.478088 , 0.824401, 0.024971,0.000427
131 , C ,0.638237 , 0.829094, 0.005055,0.000315
131 , N ,0.442090 , 0.640287, 0.018435,0.000350
131 , K ,0.881019 , 0.793812, 0.000130,0.000438
131 , D ,0.300415 , 0.439599, 0.033929,0.001228
132 , E ,0.986784 , 0.891232, 0.000060,0.000233
132 , H ,0.546735 , 0.739064, 0.009261,0.000139
132 , Q ,0.988486 , 0.745343, 0.000013,0.000405
132 , F ,0.447841 , 0.565028, 0.011804,0.000228
132 , Y ,1.541542 , 2.455692, 0.000138,0.002571
132 , C ,0.698113 , 0.911172, 0.003770,0.000261
132 , N ,0.456669 , 0.677480, 0.018637,0.000133
132 , K ,0.857113 , 0.771515, 0.000160,0.000228
132 , D ,0.389022 , 0.586400, 0.025190,0.000674
133 , E ,1.184091 , 1.084538, 0.000015,0.000234
133 , H ,0.616691 , 0.827020, 0.006364,0.000256
133 , Q ,0.911037 , 0.680049, 0.000026,0.000276
133 , F ,0.477782 , 0.616097, 0.010964,0.000355
133 , Y ,0.423822 , 0.738625, 0.031024,0.000124
133 , C ,0.717948 , 0.920831, 0.003164,0.000695
133 , N ,0.446341 , 0.650469, 0.018345,0.000168
133 , K ,0.859749 , 0.770378, 0.000152,0.000228
133 , D ,0.275441 , 0.451730, 0.045923,0.000895
134 , E ,1.016261 , 0.939192, 0.000056,0.000195
134 , H ,0.784355 , 1.038785, 0.002581,0.000250
134 , Q ,0.909571 , 0.678994, 0.000026,0.000146
134 , F ,0.493905 , 0.640597, 0.010266,0.000349
134 , Y ,0.470965 , 0.776945, 0.022904,0.000434
134 , C ,0.572000 , 0.754085, 0.007496,0.000465
134 , N ,0.568099 , 0.824825, 0.010763,0.000124
134 , K ,0.718857 , 0.631222, 0.000403,0.000519
134 , D ,0.264332 , 0.417380, 0.044101,0.000613
135 , E ,0.873904 , 0.788523, 0.000144,0.000424
135 , H ,0.566596 , 0.769629, 0.008527,0.000466
135 , Q ,0.995195 , 0.755216, 0.000013,0.000325
135 , F ,0.465308 , 0.590986, 0.010879,0.000240
135 , Y ,0.376805 , 0.651000, 0.035315,0.000221
135 , C ,0.635398 , 0.847463, 0.005671,0.000706
135 , N ,0.459101 , 0.665456, 0.017199,0.000348
135 , K ,0.779227 , 0.705684, 0.000302,0.000321
135 , D ,0.388296 , 0.581459, 0.024918,0.000538
136 , E ,1.072078 , 0.957322, 0.000027,0.000529
136 , H ,0.663221 , 0.879978, 0.004891,0.000418
136 , Q ,1.173230 , 0.900155, 0.000003,0.000127
136 , F ,0.403030 , 0.512907, 0.015247,0.000274
136 , Y ,0.455564 , 0.779453, 0.026494,0.000604
136 , C ,0.584901 , 0.766904, 0.006856,0.000237
136 , N ,0.497504 , 0.738016, 0.015699,0.000019
136 , K ,0.784899 , 0.700689, 0.000266,0.000103
136 , D ,0.268933 , 0.424981, 0.044174,0.001744
137 , E ,1.044981 , 0.958976, 0.000044,0.000335
137 , H ,0.615523 , 0.836647, 0.006762,0.000322
137 , Q ,1.085954 , 0.813142, 0.000005,0.000146
137 , F ,0.411852 , 0.536121, 0.015451,0.000177
137 , Y ,0.438373 , 0.766577, 0.029858,0.000291
137 , C ,0.591994 , 0.779590, 0.006751,0.000145
137 , N ,0.440076 , 0.661568, 0.020612,0.000222
137 , K ,0.785039 , 0.713877, 0.000298,0.000247
137 , D ,0.288847 , 0.435433, 0.037437,0.000835
138 , E ,0.667253 , 0.527509, 0.000323,0.000481
138 , H ,0.577420 , 0.605544, 0.002740,0.000095
138 , Q ,0.595071 , 0.446059, 0.000482,0.000114
138 , F ,0.857596 , 0.512833, 0.000009,0.000173
138 , Y ,0.455474 , 0.578093, 0.011294,0.000199
138 , C ,0.554927 , 0.601846, 0.003733,0.000265
138 , N ,0.568421 , 0.543070, 0.001932,0.000144
138 , K ,0.615853 , 0.487127, 0.000491,0.000490
138 , D ,0.570438 , 0.540642, 0.001797,0.000123
139 , E ,0.679984 , 0.551706, 0.000350,0.000131
139 , H ,0.576844 , 0.638281, 0.003497,0.000158
139 , Q ,0.581571 , 0.473511, 0.000833,0.000253
139 , F ,0.772333 , 0.475629, 0.000027,0.000119
139 , Y ,0.341168 , 0.445281, 0.021237,0.000434
139 , C ,0.531009 , 0.589448, 0.004643,0.000214
139 , N ,0.655546 , 0.625647, 0.001027,0.000185
139 , K ,0.862121 , 0.722145, 0.000081,0.000428
139 , D ,0.716005 , 0.683411, 0.000670,0.000188
140 , E ,1.017893 , 0.793550, 0.000013,0.000564
140 , H ,0.501408 , 0.510843, 0.004021,0.000191
140 , Q ,0.594601 , 0.474383, 0.000672,0.000137
140 , F ,0.726244 , 0.453950, 0.000048,0.000120
140 , Y ,0.418029 , 0.535394, 0.014217,0.000134
140 , C ,0.469418 , 0.502059, 0.005854,0.000199
140 , N ,0.719353 , 0.694812, 0.000689,0.000083
140 , K ,0.662432 , 0.569392, 0.000547,0.000234
140 , D ,0.588169 , 0.552575, 0.001514,0.000087
141 , E ,0.807697 , 0.641419, 0.000093,0.001309
141 , H ,0.622341 , 0.588023, 0.001239,0.000271
141 , Q ,0.657170 , 0.516719, 0.000353,0.000209
141 , F ,0.689589 , 0.388356, 0.000038,0.000480
141 , Y ,1.177094 , 1.337875, 0.000074,0.001530
141 , C ,0.413483 , 0.421292, 0.006717,0.000419
141 , N ,0.717290 , 0.661376, 0.000530,0.000247
141 , K ,0.598268 , 0.525841, 0.001024,0.000128
141 , D ,0.536661 , 0.522934, 0.002581,0.000167
142 , E ,0.656024 , 0.343668, 0.000040,0.000792
142 , H ,0.495034 , 0.599069, 0.007737,0.000592
142 , Q ,0.648992 , 0.371279, 0.000071,0.000230
142 , F ,0.823394 , 0.497720, 0.000013,0.000310
142 , Y ,0.323897 , 0.513198, 0.035652,0.000251
142 , C ,0.445088 , 0.524205, 0.009289,0.000202
142 , N ,0.548918 , 0.667553, 0.005999,0.000108
142 , K ,0.703636 , 0.457340, 0.000077,0.000274
142 , D ,0.519088 , 0.594753, 0.005633,0.000351
143 , E ,1.053205 , 0.319812, 0.000000,0.000094
143 , H ,0.421990 , 0.771953, 0.035333,0.000042
143 , Q ,0.705612 , 0.250090, 0.000004,0.000079
143 , F ,0.408292 , 0.853686, 0.049490,0.000039
143 , Y ,0.456835 , 0.765637, 0.025783,0.000031
143 , C ,0.585587 , 0.873600, 0.011053,0.000059
143 , N ,0.443003 , 0.799195, 0.032376,0.000053
143 , K ,0.792001 , 0.304282, 0.000002,0.000344
143 , D ,0.506025 , 0.917511, 0.026458,0.000119
